,photo_id,click,counter,play_rate,click_rate,timelevel,ctr,per_rank,20200705,20200706,20200709,20200710,20200713,20200714,20200717,20200718,20200721,20200722,20200725,20200726,20200729,20200730,20200731,20200801,20200802,20200805,20200806,20200809,20200810,20200811,20200814,20200817,20200818,20200821,20200822,20200825,20200826,20200829,20200830,20200831,20200901,20200902,20200905,SA_score,base_score,base_rank,base_group,SA_rank,SA_group
0,4401,0.0,0.0,0.0,0.0,0.0,0.0,0.0,0.9997735633879744,0.9901278641210777,0.9517899325823841,0.9367367604249244,0.8980074555270635,0.8921123740003998,0.8851324656700913,0.882871716507226,0.876256099994276,0.8741188707613501,0.8666687033268542,0.8643461038623693,0.8567828537604991,0.853795075707607,0.850174885539823,0.8474664929074492,0.8393041022486594,0.8069370334902571,0.792852820402222,0.7488605544479746,0.7249207891823001,0.6756841452129176,0.665069524728645,0.6509711034194747,0.6457172402313386,0.6296302535168635,0.6255182978100113,0.6079456223784229,0.6042746666120823,0.5003427734126007,0.4338533659687827,0.33854258988469993,0.29649106949469156,0.23061259243416254,0.08401902858539853,0,158.33488161323214,0.03593890386343216,0,0.0008984725965858042,0
1,9169,0.0,0.0,0.0,0.0,0.0,0.0,0.0,0.9992923905361669,0.9693189225329676,0.8556999790329965,0.8134910132100411,0.7110054082834849,0.6961533862387422,0.6787596801210424,0.6731628763774115,0.6568875792135268,0.6516623929841189,0.6335839832571397,0.6279922026003737,0.60993240136595,0.6028639113469311,0.5943338416223343,0.5835421317832031,0.5512748586971622,0.4350083643148964,0.3901726197233233,0.2718580695938438,0.2202149263872653,0.13801863954192634,0.12392200108174474,0.10673368602967366,0.10073543916336196,0.08376927124172323,0.07976036201811683,0.06416632325970376,0.06121007103053181,0.01366761123033265,0.004304364348370053,0.0005539320348798805,4.177086947717902e-05,2.665859391804923e-07,2.1016048523781325e-16,0,23289.11678756774,0.5363881401617251,5,0.0017969451931716084,0
2,10702,0.0,0.0,0.0,0.0,0.0,0.0,0.0,0.9996328253294567,0.984136859085855,0.9238275200174605,0.9006846977404761,0.842505845531913,0.8338303668318632,0.8236643131860528,0.8204017190779587,0.8109401264413708,0.8079129596952179,0.7974789404236909,0.7942627318931861,0.7839068219589731,0.7798623190873537,0.7750117112234153,0.772553715868941,0.7652251730938852,0.7364240387160201,0.7239894905972745,0.6854273788696694,0.6645814353974444,0.6219563662660895,0.6128229349319761,0.6007819064731516,0.5963288784722461,0.5827931606871057,0.5793585020508165,0.5647818219738547,0.561757687876166,0.4759080173847387,0.42032298855138195,0.33906507552926574,0.3027121192441248,0.2435725413824111,0.10066342773185122,0,15263.267933041261,0.48697214734950584,4,0.0026954177897574125,0
3,10673,0.0,0.0,0.0,0.0,0.0,0.0,0.0,0.9998775373811014,0.9946825376297469,0.9739318574244585,0.9657307840217495,0.9444775955865915,0.9412257705721931,0.9373868099066306,0.9361482098856975,0.932537950744907,0.9313762319917094,0.9273414674768508,0.9260881531114016,0.9220212624612835,0.920419992373736,0.918488367557688,0.9173238833756714,0.9138171606642245,0.8997517344239259,0.8935397974711574,0.8737422766491864,0.8626977581297394,0.8393205933311839,0.8341587467145928,0.8272330676308498,0.8246254402019224,0.8165493604584658,0.8144622561607221,0.8054359727486867,0.803527954647312,0.746212182022075,0.7055879595999246,0.6400345663806147,0.5866441746151829,0.49495768657732914,0.24498749231794328,0,288.62471655328795,0.05840071877807727,0,0.0035938903863432167,0
4,1161,0.0,0.0,0.0,0.0,0.0,0.0,0.0,0.9993161692063989,0.9703239968250051,0.8600459999953163,0.8189601458950448,0.7189701195669298,0.7044515511767049,0.6874464895747835,0.6819752765888977,0.6660667719578145,0.6609598361117802,0.6432908432186464,0.6378256449683349,0.62017389998132,0.6132643732508715,0.6049275556291568,0.5973807496422286,0.5748891703105985,0.49117495954339246,0.4574320779435425,0.36233386581454385,0.31689800290854636,0.23641711872066573,0.22113631228902766,0.2016474486478213,0.1945944268785302,0.1737843644514805,0.16865300373675973,0.14764958582691648,0.14343942372531585,0.056975507063455555,0.027885815374431754,0.007815427618970453,0.0014904158506858615,5.834493084689235e-05,8.491579883951064e-11,0,4361770.886869826,0.8589398023360287,8,0.004492362982929021,0
5,4133,0.0,0.0,0.0,0.0,0.0,0.0,0.0,0.9991814233277235,0.9645257727361772,0.8345176008862822,0.7868206867306978,0.6724388422082105,0.6560284844401958,0.6368243727495302,0.6306432476024091,0.6126636376206795,0.6068897633079126,0.5869160846566223,0.5807399170000387,0.5608023349833512,0.5530053221875246,0.5435903796770676,0.5340641305799206,0.5056811829846475,0.4033812578012597,0.36385479249731034,0.25879681367632823,0.21239035555279326,0.13733964824331388,0.12426848361617418,0.10826138598442069,0.10267338637940701,0.08684404725403497,0.08309494079627687,0.06838936760174157,0.06557576253372306,0.017321563518095696,0.006232321909506046,0.0010237553012042845,0.00012222200470032784,1.9125332379378566e-06,6.178478048538063e-14,0,986386.2113253792,0.8059299191374663,8,0.005390835579514825,0
6,710,0.0,0.0,0.0,0.0,0.0,0.0,0.0,0.9992217536309305,0.9663310515351955,0.8425915525991864,0.7970229746136586,0.6873710647531976,0.6716038365888229,0.6531790418564251,0.6472598191339324,0.6300502774917096,0.6245224131425556,0.6053874335939047,0.5994611744981855,0.5802991128318107,0.5727921684105135,0.5637172095208662,0.555046041484914,0.5291896644117267,0.4344543039366195,0.3970793302502673,0.2950362526985745,0.24836554567274913,0.16990021733965205,0.15573476191578933,0.1381284105573625,0.13189094988676456,0.11391668169949036,0.1095869075042669,0.09230492952238568,0.08893882307160383,0.02735833448538043,0.011044939111307646,0.0022173064787380735,0.00031142656000748684,6.703555762777926e-06,8.1649617212294e-13,0,463533.1923533954,0.7654986522911051,7,0.006289308176100629,0
7,8820,0.0,0.0,0.0,0.0,0.0,0.0,0.0,0.9994505481196575,0.9761796029143952,0.886729577382514,0.8529274118061947,0.7693582722466376,0.7570612158386276,0.7426276780907477,0.7379799450720661,0.7244553112270982,0.720110255378866,0.705059253351432,0.7003976550309503,0.6853193219535214,0.6794064343054469,0.6722706269491527,0.6651782575641229,0.6438410381530233,0.5628464040268943,0.5294643203410695,0.4329112698392422,0.38528982876762013,0.29808931379598996,0.2810803125282713,0.25924881808734146,0.2513108175915904,0.22774568466440748,0.22189946214793532,0.1977904147871282,0.19290674630402968,0.08688190687379412,0.0468812296007978,0.015643742724670943,0.004471220333128584,0.00039077339143456734,1.670687858219076e-08,0,139.7939921307506,0.031446540880503145,0,0.0071877807726864335,0
8,6347,0.0,0.0,0.0,0.0,0.0,0.0,0.0,0.9997444818447468,0.9887211682273056,0.9445021704024426,0.9270045114477824,0.8816704817635511,0.8747171607553165,0.8663950810330763,0.8636694075568181,0.8556045215285314,0.8529701678624754,0.84368752115334,0.8407624969236867,0.8311366286812043,0.8272944444093612,0.8225875294084924,0.8160033645680683,0.7959894528209658,0.7181320321919719,0.6851244514066492,0.5863136593429381,0.5355801453237287,0.43847867108901367,0.4187756088867932,0.39300611723540524,0.3834866087839935,0.3548200407227086,0.3476337480875092,0.3176384928819243,0.31152045965980013,0.16840004465290132,0.1050617013537607,0.04567043442919232,0.019345987479522375,0.003640645389436976,3.709432763476593e-06,0,19466.53977831145,0.5193171608265947,5,0.008086253369272238,0
9,3639,0.0,0.0,0.0,0.0,0.0,0.0,0.0,0.9992931572924503,0.969427549322924,0.8564675238811937,0.8145658446468749,0.7128039798266359,0.6980463565483809,0.6807596125667945,0.6751963871799788,0.6590139367490778,0.6538164444836614,0.635826392682765,0.6302596187718583,0.6122731586388352,0.6052304015877015,0.596728327412889,0.5858833528621309,0.553598194578282,0.43732951094688394,0.39250543020823103,0.2740727353566451,0.2222876839925611,0.13970233888217784,0.1255134996764162,0.1081997257724304,0.10215005704083717,0.08499377476730739,0.08092833594145432,0.0650246789836785,0.06200397494047405,0.013624251095026263,0.004227135188312715,0.0005273774165749644,3.708576967957276e-05,2.064728183260052e-07,9.238786986551853e-17,0,9333.294149229243,0.42857142857142855,4,0.008984725965858042,0
10,5921,0.0,0.0,0.0,0.0,0.0,0.0,0.0,0.9988705224304226,0.9513767382943393,0.7790712204177875,0.7182952881019907,0.5784004424810889,0.5590527286128281,0.5366719716964359,0.5295314117737856,0.5089373869972703,0.5023799887653017,0.4799042230360246,0.4730199952821559,0.4510093646827698,0.44248978377055803,0.43227397295624237,0.4201850473453865,0.38482509343331484,0.2670215963194998,0.22582784824446844,0.1294781745851908,0.09362591014210292,0.04561206200927934,0.03863946306922662,0.03069967455746951,0.028081174539433366,0.021126506773061368,0.019584854826580816,0.013973859118598267,0.012986778318484181,0.0012625914360398765,0.00020915569151782167,8.58227818211513e-06,1.7620400988998486e-07,8.985569166440914e-11,2.134822511414708e-24,0,83.35526315789474,0.0215633423180593,0,0.009883198562443846,0
11,7964,0.0,0.0,0.0,0.0,0.0,0.0,0.0,0.9999520138722177,0.9979032636935471,0.989614839440448,0.9862937613406307,0.9775655696269955,0.9762133040562099,0.9746056655989385,0.9740836683656737,0.9725525618824046,0.9720567278615015,0.9703236592566911,0.9697818671186731,0.968012517249658,0.967311316129915,0.9664605048195609,0.9656748861898536,0.9632683686557949,0.9534262816892034,0.9489920879848996,0.9345627868632557,0.9263368299522012,0.9085359452134827,0.9045216227526411,0.8990441391044031,0.8969530169665747,0.890385541909019,0.888664612655949,0.8811176204955572,0.8795000045441379,0.8298940840030833,0.7937549470433549,0.73369653061778,0.6709764315974028,0.5630096932499669,0.2711811481461378,0,118428.18084358555,0.6936208445642408,6,0.01078167115902965,0
12,9677,0.0,0.0,0.0,0.0,0.0,0.0,0.0,0.9998075190724686,0.991642078980995,0.9592214240108751,0.946497520069651,0.913764548656028,0.9087856888792873,0.9029108038070005,0.9010151138296425,0.8954886183643795,0.8937099485254799,0.8875297013668593,0.8856061738735103,0.879352520240524,0.8768858408173307,0.8739028801451401,0.871850024798747,0.8656732883746999,0.8410698582916781,0.8302939813848459,0.7963362825267382,0.7776534131622997,0.7387381507796894,0.7302594141532324,0.718955037574563,0.7147307080019428,0.7017670873110917,0.6984482747812653,0.6842360191128845,0.6812610398294893,0.5949886457670661,0.5372878861636083,0.4501446480559336,0.4062240298440703,0.33330435987342866,0.1484678385525977,0,4676.1265437788015,0.3243486073674753,3,0.011680143755615454,0
13,3542,0.0,0.0,0.0,0.0,0.0,0.0,0.0,0.999270254200516,0.9683892303626883,0.8516673797442487,0.8084458004811926,0.7038405953968929,0.688711658783246,0.6709909877683766,0.6652864746659412,0.648690831845991,0.6433605416715911,0.6249121999107073,0.6192042081991704,0.6007640787342919,0.5935452422869624,0.5848296956320099,0.5742775627967576,0.5429730468203465,0.43077213593726327,0.38767108504114606,0.27382973872084887,0.2239082153595236,0.1437430463107099,0.12987094927189283,0.11294171553212916,0.10703411620009617,0.09029077204214049,0.08632355494476203,0.07076634420071301,0.06780466578990736,0.017604116113353257,0.006277289529646261,0.0010184082188416576,0.00012805673448759226,2.2211438594749947e-06,1.1067670332754769e-13,0,58563.73268830986,0.6235399820305481,6,0.012578616352201259,0
14,10059,0.0,0.0,0.0,0.0,0.0,0.0,0.0,0.999061489697795,0.9593969243568488,0.8123395673364054,0.7591430894740061,0.6335358534214492,0.6157513655530693,0.59499987283479,0.5883327712239604,0.5689738270036462,0.5627680642204977,0.5413466705026343,0.5347302102264431,0.5133972958683317,0.5050676839675309,0.4950203450815153,0.48106487109771573,0.44027119972908313,0.3049669195566864,0.2578567014988042,0.1479647363731592,0.10713974397682827,0.05247821600736349,0.04453688486170205,0.03550261987236563,0.03252699444081846,0.0246298251993527,0.02287972257252939,0.016496458120296795,0.015366723252902021,0.0016111782244116778,0.00028331885377811956,1.2958789785870652e-05,2.862552320274311e-07,1.6579823389771561e-10,6.5675602154915925e-24,0,13947.304263738,0.477088948787062,4,0.013477088948787063,0
15,10463,0.0,0.0,0.0,0.0,0.0,0.0,0.0,0.9998427087402915,0.9930944027928289,0.9659227339381554,0.9551046833801314,0.9268772133989264,0.9225255563040297,0.9173332889484013,0.91563954157372,0.9106481596410047,0.909024311697198,0.9033233332563376,0.90153331631958,0.8956626576367531,0.8933267112504998,0.890475613774589,0.8863278915113192,0.8735847896543942,0.8224989261110092,0.8000557293039101,0.7296216566383075,0.6912729291523231,0.6129107312639142,0.5960590054470097,0.5733585353724747,0.5647570783201866,0.5380365683552106,0.5311060060848295,0.5011416781131426,0.49481098323027983,0.32902934865799394,0.23952400546078384,0.13560813294161753,0.06776725395453431,0.017593595006936108,6.769371474919556e-05,0,11382.4142896861,0.4555256064690027,4,0.014375561545372867,0
16,3378,0.0,0.0,0.0,0.0,0.0,0.0,0.0,0.9999099242738694,0.9960812653951276,0.9807080436714981,0.9745791161555292,0.9585560865461696,0.9560845763584638,0.9531504124142146,0.9521992612584769,0.9494138632172933,0.9485133813711678,0.94537150554296,0.9443913507373506,0.9411971752698157,0.9399340687869752,0.9384041809200852,0.9372924929509697,0.9338900047699963,0.92001625452175,0.9137874945564554,0.8936123122282189,0.8821750553808793,0.8575857998261486,0.8520712601898172,0.8445653806503931,0.8417041136743529,0.8327297449373656,0.8303810269589963,0.8200965009176957,0.8178954287468356,0.7512701119132573,0.7039421143686388,0.6280082503692956,0.5576483988264272,0.4423249482921181,0.1696825007342629,0,737.0729931747143,0.12309074573225516,1,0.015274034141958671,0
17,7594,0.0,0.0,0.0,0.0,0.0,0.0,0.0,0.9991328188438489,0.9624837989916948,0.8257970842661903,0.7759830239112905,0.6574148731344507,0.6405261546593195,0.6208311852326981,0.6145115540859964,0.59617927873348,0.590302776799374,0.5700121606011036,0.563745260362595,0.5435120089558894,0.535599097597719,0.5260401129578597,0.5122946437043753,0.4720161218022113,0.33606067380396853,0.2876837269812007,0.17190457962419534,0.12741583613334803,0.0656895431678393,0.05640716097706326,0.045700155049153354,0.04213222077716351,0.032537641171728235,0.030382592325715885,0.022411186716208228,0.020978869760704923,0.002565208957814697,0.0005070870746938227,2.8473627754885793e-05,7.746138316319908e-07,6.741533878635715e-10,1.3770629648634691e-22,0,42366.985094000025,0.5956873315363881,5,0.016172506738544475,0
18,3507,0.0,0.0,0.0,0.0,0.0,0.0,0.0,0.9992838929774398,0.9690161975228129,0.8545937492648339,0.8122023427928199,0.7094968787963033,0.694638348195154,0.6772621374176938,0.6716788765463445,0.6554632469748354,0.6502595182503689,0.6322630223400115,0.6266989219657483,0.6087077782335717,0.6016554558700896,0.5931322555241029,0.5838317111661853,0.556004980870006,0.4542152498344518,0.4141677638353314,0.30527022094706713,0.2557430638382353,0.17303009383287996,0.1581900012878989,0.1397855011589567,0.13327378355822694,0.11451477370418994,0.10999862806157318,0.09200121029536763,0.08849936285068674,0.02571940194889627,0.009906806319050492,0.0018170096409522373,0.00021119409924002115,3.143396724621332e-06,8.32983421879445e-14,0,6149.078211805169,0.3656783468104223,3,0.017070979335130278,0
19,3142,0.0,0.0,0.0,0.0,0.0,0.0,0.0,0.9995832029565229,0.981932876483922,0.913315610817414,0.8870380170803026,0.8211458129117181,0.8113355589746248,0.7998077997605567,0.7960953799590412,0.7852920613166434,0.7818211849970059,0.7697933919474558,0.7660662065607857,0.7540026014190633,0.7492674349786499,0.7435560829643754,0.7389033026075504,0.7248208389491626,0.6696768337016513,0.6460714806034427,0.5742001488454589,0.5364259683822205,0.4619002314947451,0.4463751045306102,0.4258735527585303,0.41824523717754947,0.3949941320442013,0.38907499844458643,0.36395431062698275,0.3587437896737175,0.2267632684051126,0.15917481440058281,0.08488035641980847,0.036387719604855887,0.006931029688676426,7.069644053637411e-06,0,176287.07008751185,0.7214734950584007,7,0.017969451931716084,0
20,9253,0.0,0.0,0.0,0.0,0.0,0.0,0.0,0.9999077014642149,0.9959433743934175,0.9798722995164921,0.9734239054524869,0.9564595674264097,0.9538261908358201,0.9506783758515518,0.9496502690474472,0.946616855094428,0.9456288198040707,0.9421553231740308,0.9410631691542293,0.9374760620976851,0.9360464809179547,0.9343012466564168,0.9323143607319292,0.9262282587309544,0.9015290579396388,0.8905071286758178,0.8551293171407757,0.8353067256520585,0.7932733861799616,0.7839432030112994,0.7712723878799538,0.7664496463182712,0.7513695420328649,0.7474344108259598,0.7302672040507964,0.7266079251837452,0.6196460743514115,0.5482719140931661,0.4415104026038847,0.3600128895086206,0.24225439787815464,0.04731402068047485,0,1404.0591501978179,0.1716082659478886,1,0.018867924528301886,0
21,10237,0.0,0.0,0.0,0.0,0.0,0.0,0.0,0.9991390212186303,0.9627301601617799,0.8267944117379505,0.7771562296023725,0.6587743077134688,0.6418808828783801,0.6221494680990054,0.6158083863863115,0.5973910682028664,0.5914854336397745,0.5710881423097002,0.5647911092146706,0.54449005494982,0.5365588621578168,0.5269778207205189,0.5132159487453909,0.4726578826255115,0.33522474302828786,0.2863173325574531,0.16964061775910877,0.1250469231230832,0.063607125078525,0.05443136477691371,0.043866627123272314,0.040350874759270995,0.030919165584642354,0.028806411850264394,0.021020751494236035,0.019627971207212037,0.0022037705513310657,0.0004061776602566029,1.9989370400464323e-05,3.94015459088435e-07,1.836398747159334e-10,2.878988199990076e-24,0,3971.316536708988,0.30008984725965854,3,0.019766397124887692,0
22,6522,0.0,0.0,0.0,0.0,0.0,0.0,0.0,0.999911619301625,0.9961525836899046,0.9810548813763439,0.9750523548078769,0.959408654962521,0.9570036842413491,0.9541581425888683,0.9532382758477679,0.9505519428183478,0.9496858871521395,0.9466721047649066,0.9457340920841403,0.9426843172343632,0.9414810877338999,0.9400271317789297,0.9390297932824071,0.9359959121582928,0.9236907669212048,0.9181943559106877,0.9004722009741684,0.8904667305155761,0.8689150582149492,0.8640705098811747,0.8574698323695614,0.8549528943083223,0.8470548500716623,0.8449859396340316,0.835917345115544,0.8339745274426095,0.7748239968063083,0.7323416056209946,0.6629319219577787,0.5893873750797283,0.46862822279176153,0.1815733839692387,0,61571.5685183155,0.628032345013477,6,0.020664869721473494,0
23,7002,0.0,0.0,0.0,0.0,0.0,0.0,0.0,0.9992006856039434,0.9654072512531967,0.838488196242821,0.7918503695991137,0.6798884966966809,0.6638216633973253,0.6450503862287301,0.6390197625123825,0.6215094910053925,0.6158963250433108,0.5965098832009236,0.5905235335724016,0.5712030872193636,0.5636375469560961,0.5544927953333579,0.5451598775745027,0.5173112367740538,0.4162862131366018,0.3769399794731069,0.2713893064225999,0.22423776602666096,0.14708672431201966,0.13349308129131102,0.11668726361396205,0.11075586571340021,0.09376785388419943,0.08970179726188891,0.07361462593352991,0.07051157877054769,0.017813526398089866,0.006137330442055949,0.0009175770226056605,7.640279921911449e-05,5.906115633353277e-07,1.0215300780494075e-15,0,76855.12236478353,0.6531895777178796,6,0.0215633423180593,0
24,9315,0.0,0.0,0.0,0.0,0.0,0.0,0.0,0.999799750357984,0.9912695314993015,0.9572877796917306,0.9439092655082023,0.9095013479422345,0.9042824032273182,0.8981434057374739,0.8961692119999892,0.8904332077972947,0.8885933002997124,0.8822242621723824,0.8802526298915445,0.8738800658695971,0.871381671580205,0.8683794060115109,0.8663428787440796,0.8601928799628311,0.8355729255908674,0.8247183507702986,0.7902973661237862,0.7712086261759512,0.7311224260604996,0.7223158292412569,0.7104696775895084,0.706003084368674,0.692188736349467,0.6886273998685633,0.6732739494391171,0.6700385514454409,0.576148504234601,0.5137017395681022,0.4202684155724581,0.3600336196385336,0.26714150205368126,0.07879149232866046,0,27599.95070024137,0.5561545372866128,5,0.022461814914645103,0
25,7333,0.0,0.0,0.0,0.0,0.0,0.0,0.0,0.9999426722009881,0.9974965147986816,0.9875885418015364,0.9836143455942974,0.9731594635868326,0.971537802010615,0.9696061715086494,0.9689777075328394,0.9671305851695476,0.9665312681681677,0.9644322443822925,0.9637747185632243,0.9616230852270332,0.9607686824113254,0.9597315655817837,0.9587750055655118,0.9558455095173946,0.9438800386736477,0.9384974958707509,0.9210191163965533,0.9110807429865252,0.8896397410148869,0.884816914616931,0.8782431030874185,0.8757354611288385,0.867867330286788,0.8658074513553885,0.8567834301888083,0.8548512280292283,0.7959982168841745,0.7535677166583884,0.6838837645519263,0.6070012739755868,0.4804633311783542,0.18177261551273147,0,325.14383394383395,0.0637915543575921,0,0.02336028751123091,0
26,3197,0.0,0.0,0.0,0.0,0.0,0.0,0.0,0.99987374394733,0.9944832087634758,0.9728224398330798,0.9642114225670645,0.9417293803809776,0.9382524975681789,0.9341017199120567,0.9327473857464691,0.9287553420858676,0.9274563254331284,0.922894348896813,0.9214614837602805,0.9167604694122825,0.9148891201348417,0.9126064521368177,0.9093645351973814,0.899353792972524,0.8587685069039251,0.8407176478016873,0.78326742286696,0.7514289488975736,0.6849672332273019,0.670404802473569,0.6506101105614831,0.6430531737386704,0.6193916322250091,0.6132070068864508,0.5862282532094334,0.5804742594186845,0.42276350996982526,0.33022480213292976,0.21198057638066367,0.11586787951196575,0.035723595088908676,0.00027651961749051805,0,68818.66240797253,0.6370170709793351,6,0.02425876010781671,0
27,4246,0.0,0.0,0.0,0.0,0.0,0.0,0.0,0.9990755988801546,0.9598952578933865,0.8141609826838929,0.7612681801740495,0.6360067753948898,0.6182377454373807,0.5974826576351243,0.5908077855036684,0.5714076832510491,0.5651828205694677,0.5436757355563986,0.5370346070471631,0.5156294160519818,0.5072743558997681,0.497190284223589,0.48376329950238317,0.4445188234533345,0.31299192231683837,0.26660082207730995,0.1567339607394615,0.11509439516469877,0.05814709251686477,0.04969939151308246,0.04000723115363698,0.03679177861264154,0.028187760798186048,0.026265069621306522,0.019190993065696483,0.017927233344428594,0.002051056670537674,0.00038534259226229254,1.9783152015543904e-05,4.860260976235327e-07,3.4706233824442234e-10,3.1401867602073386e-23,0,5175.961886675968,0.33962264150943394,3,0.025157232704402517,0
28,4191,0.0,0.0,0.0,0.0,0.0,0.0,0.0,0.9991592793680834,0.9636072179193683,0.8306306959422177,0.7820060663196073,0.6658709810519633,0.6492773992448824,0.6299069785736515,0.6236866657668111,0.6056334867369757,0.5998488261160176,0.5798815141070909,0.5737207229579938,0.5538747526494309,0.546129875178726,0.5367965817684135,0.5265198515481133,0.4959034921349368,0.38657366687031375,0.3448582351938303,0.23616591344368099,0.18946526294981716,0.11633827374434819,0.10398494526368078,0.08903298282603966,0.08384881627555492,0.06928117413732528,0.06585992063216424,0.05258790547910676,0.05007947505072395,0.010563346746272954,0.0031774300170015393,0.00037554350700713934,2.5104081907320352e-05,1.265622057462966e-07,3.749907247470947e-17,0,57068.80731405083,0.6226415094339622,6,0.02605570530098832,0
29,7742,0.0,0.0,0.0,0.0,0.0,0.0,0.0,0.9991906432250255,0.9650257312656811,0.8370756321880534,0.7901726132914278,0.6778079020328259,0.6617161763186326,0.6429485260417419,0.6369284589105529,0.6194750741618669,0.6138884641159081,0.594621520052561,0.5886816185391853,0.5695607576531363,0.5621030865396414,0.553125750453767,0.5439503163857067,0.516480197922618,0.416415109667641,0.3772791866758404,0.2719058374166997,0.22467098952767225,0.14719959524297552,0.13350138735095024,0.11655995632630804,0.11057673769073456,0.09343506774921848,0.08933129827529077,0.07309792660403205,0.0699677269925692,0.01724917400439044,0.005821843486533154,0.0008364027771537179,6.556445699991476e-05,4.5371543174879757e-07,5.111233241186326e-16,0,1992.6632826772038,0.21024258760107817,2,0.026954177897574125,0
30,7793,0.0,0.0,0.0,0.0,0.0,0.0,0.0,0.9998084291899499,0.9917048231974404,0.9596160675808721,0.9470527735272053,0.9148045620517511,0.9099109353062214,0.9041520757000608,0.902298844218024,0.8969106488260616,0.8951811445558874,0.8891901170045532,0.8873334794435321,0.8812866094659901,0.8788944103879373,0.8759869185528052,0.8730917233668187,0.864208803089555,0.8282134697167604,0.8122044417302015,0.7612090371312838,0.7329545483013693,0.6739364854913689,0.6610053819628331,0.6434785366962407,0.6368093364862668,0.6159843627108319,0.6105292576587737,0.5866154374639811,0.5814819746943858,0.4379529924335961,0.35088986885831636,0.23543060451828532,0.12362405967152242,0.03523421875622659,0.0001975279767143893,0,2025.1975521957347,0.2129380053908356,2,0.027852650494159928,0
31,9417,0.0,0.0,0.0,0.0,0.0,0.0,0.0,0.9998170765827035,0.9920395894316207,0.961066393239194,0.9488727213249872,0.917407140035537,0.9126076091978823,0.9069326158815145,0.9050977698459458,0.8997380637024308,0.8980096692907946,0.891994692913198,0.8901225759455115,0.8840359557265919,0.8816350911201349,0.8787318058602329,0.876753916764325,0.8707818042385647,0.8468987750202255,0.8363960048500947,0.8031575643524947,0.7847902481948186,0.7463661397963559,0.7379596320508756,0.7267100920402573,0.7224922086014601,0.7094998856332088,0.7061597093599322,0.6917967724617219,0.6887778653030403,0.6009248648138511,0.542128813060716,0.45331210010243167,0.4095346204923042,0.33708537405176875,0.1527473716811747,0,242.47254962779158,0.05121293800539083,0,0.028751123090745734,0
32,2900,0.0,0.0,0.0,0.0,0.0,0.0,0.0,0.9991180845066823,0.9618231638970888,0.822837262141332,0.7722429927747806,0.6519802505428827,0.6348674908943452,0.6149017354065679,0.6084911391586894,0.5898882464336657,0.5839283089318179,0.5633621255990902,0.5570187882162017,0.536589851626193,0.5286125807957153,0.5189883509963622,0.505754763661575,0.4669318869471604,0.33530608407850193,0.2881944775178939,0.17457469970769648,0.13044940446967257,0.06849970693630703,0.059071272875861565,0.04814103359387822,0.044483507518816474,0.03460255374474523,0.03237362431018598,0.024091076096167997,0.02259538961572155,0.002943136810779355,0.0006114274137759798,3.75748270405163e-05,1.1855985414443296e-06,1.3854037898116873e-09,9.684447593070735e-22,0,19308.31565809685,0.5166217430368374,5,0.029649595687331536,0
33,3434,0.0,0.0,0.0,0.0,0.0,0.0,0.0,0.9996220051137804,0.9836731125543351,0.9216724327780021,0.8979117907510622,0.8382602284892905,0.8293753286559453,0.8189673265580669,0.8156278787160106,0.8059456132636847,0.8028463044050929,0.7921435789672897,0.7888383999575381,0.7781765158167735,0.7740050195480878,0.7689925332050527,0.7663921138201882,0.7586420241404233,0.7282316811997235,0.7151262958275248,0.6745790160437821,0.6527219579024818,0.6081716314089569,0.5986513794550934,0.58612450788196,0.5815071858015753,0.567519201831641,0.5639814947234286,0.5490171005286536,0.545922717075215,0.4586587193584148,0.40269854202645966,0.32193319416134675,0.28786331234790974,0.23231741208325976,0.09718953867980053,0,696.7578187650361,0.11949685534591195,1,0.030548068283917342,0
34,5942,0.0,0.0,0.0,0.0,0.0,0.0,0.0,0.99917375052731,0.9641177481284335,0.8324554037749055,0.7841113232687411,0.6682180958132798,0.6516026014427247,0.6321489300386703,0.6258835635803991,0.6076478745816701,0.601788274136062,0.5815076308164682,0.5752335010700154,0.5549708734963448,0.5470437971766879,0.5374661381165595,0.5248428993633035,0.4876489060398939,0.35947863249619993,0.31266664685636497,0.1969924094094257,0.1506029410719195,0.08317986896082714,0.07256867478082095,0.0600975400520364,0.05587678223159551,0.044329762377808446,0.041690277320992924,0.031742683854043226,0.029919142011513127,0.004553797419937432,0.0010655924215590175,8.065258353654871e-05,2.8931004419249165e-06,4.3062669090610776e-09,8.041390261883754e-21,0,542.7580184080184,0.09703504043126684,0,0.031446540880503145,0
35,8829,0.0,0.0,0.0,0.0,0.0,0.0,0.0,0.9991048387570844,0.9611759779753762,0.8197632005489648,0.7682846541772057,0.6459718895619375,0.6285723130606395,0.6082453244387329,0.60170896236488,0.582713630975746,0.5766192855654718,0.5555661486894764,0.5490649606235813,0.5280853548342849,0.5198856953775715,0.5099733163930914,0.4951067655561042,0.4518295698918351,0.3092431315399736,0.26004362704996836,0.14656527619734408,0.10504404647968506,0.05031891429366221,0.04249024908809462,0.03364101760763834,0.030741418962463744,0.023086071542381566,0.02139862757790611,0.015278566320188453,0.014201936663811613,0.0013903283017756046,0.000231741696514835,9.62797735101341e-06,1.6615909222047666e-07,5.916262338021372e-11,2.9340500590124774e-25,0,14925.719154644235,0.48607367475292,4,0.03234501347708895,0
36,8340,0.0,0.0,0.0,0.0,0.0,0.0,0.0,0.9991250415351836,0.9621594976001882,0.8244262598939128,0.7742842794914578,0.6550531416468572,0.6380702397461648,0.6182318405149736,0.6118550594243336,0.5933303582645448,0.5873891314535901,0.5668657941198458,0.5605289827303395,0.5401035100938095,0.532128616269105,0.5225090422693914,0.5124880880622382,0.4827075266103399,0.3768537794798526,0.336636570562595,0.23194031114718375,0.18690434992793795,0.11613360130015998,0.10413036857424772,0.08959350019053941,0.08454651476556516,0.07029883398532871,0.06693727597480954,0.053833644297720966,0.051344544738902084,0.011370975132797657,0.003552624196954546,0.0004494430947672764,3.323578846776868e-05,2.042696956248977e-07,1.3803478680268132e-16,0,3195220.5872347285,0.8481581311769991,8,0.03324348607367475,0
37,6081,0.0,0.0,0.0,0.0,0.0,0.0,0.0,0.9999273612023212,0.9967782733004278,0.9838720694792581,0.9786355341195431,0.9647050249801151,0.962519201803246,0.9598816613081135,0.9590122047623988,0.9564231156989569,0.9555719294454762,0.9525513321354409,0.951592464134675,0.9484090281990125,0.9471265736278921,0.9455443381294292,0.9432666647226631,0.9362428287714244,0.9075995914484082,0.8947623324452213,0.8534341693659571,0.8302340844626017,0.7810362458278444,0.7701185883813791,0.7552486870830284,0.7495697138984917,0.7317560283275104,0.7270923226878598,0.7066902134919278,0.702327999419462,0.5764589879298413,0.49481484431909806,0.3767031569010295,0.24831501203670509,0.11023284345290929,0.003842874624321876,0,inf,0.9901168014375561,9,0.034141958670260555,0
38,4873,0.0,0.0,0.0,0.0,0.0,0.0,0.0,0.9999173449424275,0.9963594134362084,0.9818923521529898,0.9760693178761529,0.9607015555272812,0.9583089043244818,0.9554423310628803,0.9545040258936166,0.9517147794422962,0.9507977724660442,0.9475438506783554,0.9465111789948716,0.9430888195822249,0.9417131257620996,0.9400192949916921,0.9380739233580994,0.9321058549273395,0.9078413746378708,0.8969929951349757,0.862101926362012,0.84251141207398,0.8008972463180822,0.7916546143731086,0.7790994777707201,0.7743197887592079,0.7593670307559894,0.7554630372595803,0.738422132059272,0.7347865169256454,0.6283126163323975,0.5570569818548204,0.4501285753613316,0.3679044077551859,0.24841912711283848,0.04889753602666291,0,597.3086875889352,0.10422282120395328,1,0.03504043126684636,0
39,4498,0.0,0.0,0.0,0.0,0.0,0.0,0.0,0.9993203617786611,0.9705274985272229,0.8611126783683847,0.820346082746353,0.7210524358909608,0.7066248263308753,0.689722177246115,0.6842823582907234,0.6684270008892891,0.6633140787307076,0.6455461951815359,0.6400260666847783,0.6221199024655195,0.615076562781029,0.6065341728356414,0.5952309329789908,0.5615187507663485,0.4410078696670422,0.39493774809023563,0.27419676102070395,0.2218498614298834,0.1389596169818216,0.12478587782753797,0.10753259333628111,0.10152124675708371,0.08453820015814546,0.08052814566498222,0.06488254001039348,0.06190771201340127,0.013883374388094625,0.004376520668537506,0.0005618013908213413,4.231730985194727e-05,2.7009423438216137e-07,2.1498657418283905e-16,0,140218.57372915282,0.7044025157232704,7,0.03593890386343217,0
40,6932,0.0,0.0,0.0,0.0,0.0,0.0,0.0,0.9994182410522927,0.9746736692788895,0.8793725534039576,0.8433011394012176,0.7540546875819688,0.7409041375517237,0.7252603378734161,0.7201407278399536,0.7050044773627886,0.7000643739505786,0.6826909707904631,0.6772290689772027,0.6593024662412611,0.6521709080534962,0.6434406723316168,0.6302079806246836,0.5907498609772396,0.4510227505742051,0.39837800247667704,0.26358852271298727,0.2070808927868752,0.12122594522697124,0.10717994845361073,0.09040363559224439,0.08464951025397484,0.06867365945132815,0.06496690703001422,0.05077334659620859,0.048127299375819034,0.008759274197242334,0.002352008821330579,0.00022732663676266408,1.1758373037984683e-05,3.6022234592732876e-08,1.3713894368148866e-18,0,8611.474501310244,0.4159928122192273,4,0.036837376460017966,0
41,2986,0.0,0.0,0.0,0.0,0.0,0.0,0.0,0.9996182845820183,0.9835137104143569,0.9209326362941995,0.896960409359294,0.836805540961768,0.8278492127741488,0.8173587381887745,0.8139931058995403,0.8042356909177006,0.801112569950943,0.7903285306752664,0.7869985291494787,0.7762575107549876,0.7720554462282232,0.7670065251281784,0.7643854223661585,0.7565742498850417,0.725932460539463,0.7127314771961059,0.6719048400539077,0.6499078645047844,0.6050967847013936,0.5955252313374999,0.5829233017378819,0.5782750646430164,0.5641962036435274,0.5606361832823031,0.5455804567798346,0.5424678112723936,0.45478288895550795,0.39865844922386573,0.3178290381076046,0.2840952266364807,0.2292851682120306,0.09593589661320444,0,564.985576923077,0.10152740341419586,1,0.03773584905660377,0
42,6073,0.0,0.0,0.0,0.0,0.0,0.0,0.0,0.999135133149849,0.9625504883613737,0.8259512835773679,0.7761153748712493,0.6573866570003873,0.6404600618629831,0.6207022655056726,0.6143564377108034,0.5959288964962506,0.5900159590698434,0.5695731849471579,0.5632520597670194,0.5428483100711532,0.5348706443730258,0.525234903680708,0.5113040444709259,0.4705156578507783,0.3332619265444919,0.28461267583380107,0.16873965608666455,0.12450027368217509,0.0635453226378231,0.05444222791259791,0.04397009132493009,0.040488164272577586,0.031147830342947203,0.0290551535878784,0.021335078574069122,0.019951895340457597,0.002364438154695894,0.00045624568575542806,2.4542963193108815e-05,6.457429752955742e-07,5.266762675525986e-10,8.160198882362449e-23,0,7971.629309991201,0.4025157232704402,4,0.03863432165318958,0
43,3894,0.0,0.0,0.0,0.0,0.0,0.0,0.0,0.9992126904996443,0.9659172634346903,0.8407813366984757,0.7947550280056428,0.6841410979886605,0.6682535609754228,0.6496948916844834,0.64373429172162,0.6264322045378378,0.6208792793605568,0.6016490871898382,0.5956949441743934,0.5764475839220847,0.5689091124379554,0.5597974922138782,0.5511574458902132,0.5255222620373855,0.43197001482089725,0.3950284362044043,0.29405201188072255,0.2478007215067743,0.16991230825495338,0.1558297128788875,0.13831520072977974,0.13210704896078015,0.11420675049846847,0.10989227951470486,0.09266042714353528,0.0893018690631915,0.027671005426962342,0.01123400250562105,0.0022747419986025082,0.00032328699467307025,7.121349788170649e-06,9.545273252106716e-13,0,2991050.531159856,0.8454627133872417,8,0.039532794249775384,0
44,2895,0.0,0.0,0.0,0.0,0.0,0.0,0.0,0.9992237814007778,0.9666039778452609,0.8444334266980518,0.7995830399460826,0.6919216667980742,0.676477017058735,0.6584469911841557,0.6526597010947736,0.6358706942924954,0.6304933806340848,0.6119341483453306,0.6062078223359688,0.5877588450671178,0.5805562919667441,0.571882379013939,0.5622379664106926,0.5332842625617052,0.4277708423352315,0.3865271479124338,0.2758760091095186,0.2265787642841685,0.14636175683701078,0.13231778979014086,0.11504984910415877,0.10898231847785589,0.09168770308858702,0.08756800919627385,0.07135030441257498,0.06823829063845861,0.016434565050690467,0.005460858778360912,0.0007664806460811045,5.926080987230221e-05,3.969295459413344e-07,3.814916971142116e-16,0,453414.84123076184,0.7637017070979335,7,0.04043126684636118,0
45,8903,0.0,0.0,0.0,0.0,0.0,0.0,0.0,0.999226410748131,0.9664833438295343,0.8431825311891047,0.7977331647157897,0.6882738101734209,0.6725221794030162,0.6541051182884957,0.6481851317897083,0.630987188950294,0.6254712920808265,0.6064052734736999,0.6005101698349936,0.5814558156050549,0.5739879726385745,0.5649498071485887,0.5542889847950729,0.522419890428601,0.4080790117658617,0.3642353546469747,0.24940986112369293,0.1998522207679144,0.12208595523063104,0.1089296748852455,0.09297025114211081,0.08742765201117782,0.07184325323571712,0.06818190540424375,0.0539903307520195,0.051311203662010536,0.01008648598767692,0.002859927428670363,0.000302882490651215,1.757622864140626e-05,6.717903964744973e-08,6.305194638909404e-18,0,6211.025721986675,0.3692722371967655,3,0.04132973944294699,0
46,1934,0.0,0.0,0.0,0.0,0.0,0.0,0.0,0.999219911007066,0.9661584763658536,0.8415901684390087,0.7956585341370661,0.6850287000794811,0.6691053542981947,0.6504679346327314,0.6444702326331905,0.6270270429415321,0.621426302697269,0.602048743659913,0.5960555830917867,0.5767033111418923,0.5691321856391897,0.5599907544689614,0.5487921941601308,0.5155037455014012,0.3974693891769253,0.35281945915515045,0.23758981760876327,0.1887072617623718,0.11327190245730656,0.1007043753442767,0.08556967095522627,0.08034229015703212,0.06572358738264103,0.06230728651436343,0.049131587364656074,0.04665855829096604,0.008999623798189596,0.0025240530599483697,0.00026349403115849947,1.5047032609015923e-05,5.572793770549485e-08,4.587255087058668e-18,0,2550772.7611366403,0.8373764600179694,8,0.042228212039532795,0
47,2721,0.0,0.0,0.0,0.0,0.0,0.0,0.0,0.9999153967727887,0.9962739015933855,0.9814707982215932,0.9755141774567266,0.9597984861072599,0.9573521958115262,0.9544215218206633,0.9534622718819393,0.9506259451337197,0.9497001245490685,0.9464383425246832,0.9454105473430212,0.9420275589804878,0.9406764132562595,0.9390234742840337,0.9372647351901255,0.9318735053827917,0.9099389484855548,0.9001189916586921,0.8684618003908198,0.8506237215399,0.8125785005172816,0.8040987358870458,0.7925589063200646,0.788158897724656,0.774370358015816,0.7707643204232323,0.7549932621682042,0.7516215129821787,0.65207480988441,0.584541687221612,0.4815873039795149,0.39499622601177947,0.2689558479351237,0.05518136007363974,0,1503.9743165664433,0.17879604672057503,1,0.0431266846361186,0
48,9310,0.0,0.0,0.0,0.0,0.0,0.0,0.0,0.9999332561328915,0.9970648079487158,0.9854033262124793,0.9807092108577052,0.9683181911770792,0.9663892247619177,0.964081404837925,0.9633272524636155,0.9611025730447496,0.9603781015837559,0.9578315152665529,0.9570308965719767,0.9544015638230249,0.9533537307343587,0.9520749356108712,0.9507645994666636,0.9467451731489769,0.9303382955932223,0.9229664936733507,0.8990864191839084,0.8855551832194611,0.856494716006248,0.8499808827354688,0.8411041402312416,0.8377170725106577,0.8270902816716275,0.8243081266728547,0.8121236783319591,0.8095155545778107,0.731114454671863,0.676113733410544,0.5888029720483293,0.4915580608843595,0.3444387708271384,0.077914651832436,0,67835.76744220819,0.6352201257861635,6,0.0440251572327044,0
49,10035,0.0,0.0,0.0,0.0,0.0,0.0,0.0,0.9991251811371297,0.9621472106806648,0.8242618876768277,0.7740133823670426,0.654440852382504,0.6374112719665981,0.6175386626672192,0.611157157095003,0.5926363354156555,0.5867016018205715,0.5662182218644773,0.559899092583725,0.5395471656324193,0.5316073156350428,0.5220377167300079,0.5083161239914306,0.4679206428571105,0.33128791854868334,0.2826421188356024,0.1666507885747772,0.12257939310801419,0.06215746068751412,0.05317308168195194,0.04286087329695863,0.03943866998162586,0.030276150140840924,0.02822705002327706,0.020678204396562108,0.01932771652456161,0.0022534853021154554,0.0004294096443961177,2.2589780674219975e-05,5.744354254598437e-07,4.392526914262692e-10,5.246495591604847e-23,0,13015.273282230393,0.46810422282120395,4,0.044923629829290206,0
50,10481,0.0,0.0,0.0,0.0,0.0,0.0,0.0,0.9999059389169506,0.9958635877042963,0.9794694917655755,0.9728889923021745,0.9555709571637273,0.9528816193253817,0.9496586536737495,0.948600836516317,0.9454514787508217,0.9444163919784512,0.9407447047713496,0.9395798539357694,0.9357145403794512,0.9341567049056981,0.9322332289350245,0.9292600648631288,0.9200564519955329,0.882562820782201,0.8657978521980957,0.8121097407247487,0.7822024250736858,0.7193862822317896,0.7055492425342896,0.6866981572571698,0.6794530448018653,0.6566057498457035,0.6505918968743108,0.6241872427126388,0.6185226889954208,0.4609081754236045,0.36615974705560367,0.2418837911187553,0.14523310467544182,0.05379994738936267,0.0008916450293218779,0,2407.738101128097,0.23000898472596587,2,0.04582210242587601,0
51,4721,0.0,0.0,0.0,0.0,0.0,0.0,0.0,0.9993951076773826,0.9736848357520146,0.8750284043529145,0.8378328495873661,0.7461319062693311,0.7326623619196231,0.7167986740218811,0.7116699327733789,0.6966866747810122,0.6918541454134647,0.6750544931682635,0.6698331786066297,0.6528887370023733,0.6462238016675074,0.6381483875913834,0.6270659659067634,0.5939604784592105,0.4741639032294348,0.4276827950442033,0.3037552273551894,0.24888888789946684,0.1601053722210821,0.14463865350581345,0.12566600064996633,0.1190131685435541,0.10008554829533495,0.09558442218387468,0.07788536729257475,0.07449279141924603,0.01800445905286415,0.006006410102290971,0.0008509626293540624,6.3432436568386e-05,3.917791667900319e-07,2.584250356206473e-16,0,5866565.823780985,0.8706199460916442,8,0.04672057502246182,0
52,6183,0.0,0.0,0.0,0.0,0.0,0.0,0.0,0.9991034079957873,0.9612053967048777,0.8202330619277295,0.7690233181492993,0.6475522609241916,0.630301297435412,0.6101924219701561,0.6037408753993688,0.5850332170114774,0.5790421835764784,0.5583558646820165,0.5519716517118928,0.531403125414937,0.5233746903925306,0.5136822558448405,0.5003447172332336,0.46113934062075035,0.3283893506020012,0.28101863009644495,0.1674771684624136,0.12383485138214222,0.06338043817278538,0.05430591813807349,0.04385290296754638,0.04037954520839957,0.031066960475423493,0.02898147925270962,0.02129029994849659,0.019912637191126327,0.00237242205177962,0.00046007675298879574,2.5012051490728982e-05,6.718368615135958e-07,5.703270582371138e-10,1.0506305216162068e-22,0,5654.28227079437,0.3548966756513926,3,0.047619047619047616,0
53,2608,0.0,0.0,0.0,0.0,0.0,0.0,0.0,0.9993316567871549,0.9710426896001841,0.8635141230930798,0.8234023245354675,0.7255264875497583,0.7112657262440031,0.6945105156268182,0.689103024759698,0.6733067611352588,0.6682124752257321,0.6505075204861948,0.6450035214583305,0.6271309565383537,0.6200980204488046,0.6115681508891242,0.6008121541887922,0.5687209852965067,0.4526567422586965,0.4076712476293252,0.2879800090260407,0.2351620143702346,0.1500978898117024,0.13539374526942693,0.11742400562396749,0.11113473551746691,0.0932760966542855,0.08903774145418,0.07240947552603907,0.06922935339260895,0.0165579159865236,0.005485737477250549,0.0007692909217866593,6.275807171588781e-05,4.6814133437220166e-07,7.11146110927841e-16,0,31686.588153444154,0.5714285714285714,5,0.04851752021563342,0
54,2817,0.0,0.0,0.0,0.0,0.0,0.0,0.0,0.9991921646991305,0.964965170421263,0.8362574450962315,0.7889168522397831,0.6752083394287582,0.6588873421256266,0.6397972804923967,0.6336507686864031,0.6157659121933652,0.6100205687329427,0.5901386860426395,0.5839887309430174,0.5641255847959724,0.5563517140108292,0.5469583862058549,0.5365505565742491,0.505851351609234,0.3969708925266215,0.35563305287417607,0.2478093761397842,0.20120184103707536,0.1273624488839205,0.11474128952342336,0.09942462374526409,0.09410005300083808,0.07906765641961742,0.07551942084208686,0.06165610356755996,0.05901466417552981,0.01475926121986836,0.005095576528345833,0.0007781250856910321,7.452775468211209e-05,7.607333195777481e-07,4.225952130046875e-15,0,116567.73436851247,0.6918238993710691,6,0.04941599281221923,0
55,8887,0.0,0.0,0.0,0.0,0.0,0.0,0.0,0.9992422200558698,0.9672030310791645,0.8463710599467377,0.8017059146222061,0.6938352711466931,0.6782735500521547,0.6600586693183359,0.6541970814212521,0.637122953136202,0.6316321442926037,0.6125977012053955,0.6066975623321573,0.5876006930558691,0.5800992591336224,0.5710107004750086,0.5568570607435169,0.5151034022835073,0.3722994309666547,0.32071399225255737,0.19527773345430582,0.1463010885088214,0.07723723268893574,0.06668193008407178,0.05441734013803291,0.05030522915672202,0.039175972000872875,0.03665998959893399,0.027292610577061838,0.02559788582687357,0.003322022938919848,0.0006864257540686969,4.1625645828740315e-05,1.1988509719186688e-06,1.168267348303588e-09,3.8619020346465496e-22,0,899.5865686068317,0.13746630727762804,1,0.050314465408805034,0
56,9129,0.0,0.0,0.0,0.0,0.0,0.0,0.0,0.9992125419345264,0.9659416398071399,0.8409992658816868,0.7950620552581547,0.6843230788246345,0.6683685503263962,0.6496749186110664,0.6436527123232375,0.6261200979259514,0.6204848666244894,0.600971956365619,0.5949322344311399,0.5754151374306992,0.5677740917319543,0.5585409819195772,0.5497674206629845,0.5237356167095296,0.4290704996734524,0.39199881308608675,0.29139907501476064,0.24562829100737438,0.16879506528587157,0.1548308759660747,0.13739561966612837,0.13119275923770146,0.11325225340967723,0.10891407897687301,0.09150791545547558,0.08810093119433834,0.026248894487768026,0.010288020866874897,0.0019476053740667852,0.00023846140265545068,3.9245694435054515e-06,1.570087191325391e-13,0,7849703.80965387,0.8858939802336029,8,0.05121293800539083,0
57,9679,0.0,0.0,0.0,0.0,0.0,0.0,0.0,0.9991280979683977,0.9622826813529638,0.8249312251644298,0.7749039891088184,0.6558997732508015,0.6389578112286307,0.6192035068390519,0.6128487175258457,0.5943724109667217,0.5884417798649857,0.5679383531373281,0.5615945323066382,0.5410757678604822,0.5330371646243989,0.5233080890803686,0.5086648683141074,0.46592366152712733,0.32372184158589673,0.27402511369430665,0.15772691194373276,0.11437548036224612,0.056191471710319144,0.04771980288223879,0.03807305775599224,0.03489262205303249,0.02644101174292324,0.02456569289764169,0.017718490836458416,0.016505312082214542,0.0017270886216877212,0.0003026525689850965,1.3711728652599105e-05,2.594825026001317e-07,1.1031243322396654e-10,1.1503922028417517e-24,0,634.7912409705114,0.1096136567834681,1,0.05211141060197664,0
58,8185,0.0,0.0,0.0,0.0,0.0,0.0,0.0,0.9992272629519996,0.9665654551743573,0.843708269943446,0.7984677980139726,0.6895972701492122,0.6739431827756586,0.6556615375014453,0.6497921201205236,0.6327609838295687,0.627301960579728,0.6083836704238262,0.6025226015884504,0.5835649561605594,0.5761353891214236,0.5671518945963562,0.5583246910316576,0.532012899933881,0.4357545509804673,0.39784432437021655,0.2945681936605837,0.2474671371171996,0.16852729718353343,0.15431737228440306,0.13667723431081713,0.1304388256330438,0.1124998445323726,0.10818747608915641,0.09100855268612279,0.08766899648559627,0.0268028934389925,0.010781125619156057,0.00213793489996654,0.00026825823457425917,4.631658141919784e-06,2.2603824755956664e-13,0,19802.878030051437,0.5211141060197664,5,0.053009883198562445,0
59,4170,0.0,0.0,0.0,0.0,0.0,0.0,0.0,0.99919972184601,0.9653132822238042,0.837962340504732,0.7910501319020925,0.67819660740778,0.6619682420445369,0.6429588090544271,0.6368275761612997,0.6189529789841566,0.6132000228666034,0.5932549211597281,0.5870740835700865,0.5670789273444783,0.559242810325383,0.5497615747281397,0.5379893990039427,0.5031432737782278,0.3810690555483468,0.33556656265466983,0.22019154735300603,0.17233166035585532,0.10020239331906924,0.08845063282427758,0.07443669273881745,0.06963615487237444,0.05632825818709593,0.05324538791158681,0.04146199671010199,0.039269545342317136,0.006962019266959739,0.00183110684531982,0.00017044915341581126,8.249798132016493e-06,2.212007457610385e-08,4.777804960033237e-19,0,8550.378954397684,0.4141958670260557,4,0.05390835579514825,0
60,9681,0.0,0.0,0.0,0.0,0.0,0.0,0.0,0.9993031091262468,0.9698447567245289,0.8582831841736117,0.8168633124760377,0.716307646427277,0.7017308113418512,0.6846605427111935,0.6791513940144025,0.6630691704580209,0.6578846513153556,0.6398741134275827,0.6342808422825521,0.6161451408760076,0.6090054551272419,0.6003345999264816,0.5883041281951821,0.5524584850414384,0.42516854308478735,0.37697028272956457,0.2526250816735023,0.1999654650409264,0.11895205306623684,0.10549864757394083,0.08930094827564133,0.08370604258609288,0.06812413215948356,0.06449912719458863,0.0505798371890428,0.04797650515722632,0.008906086654193849,0.0024246216386375244,0.00023953035119088432,1.2144399662278465e-05,3.575688005255723e-08,1.1517509928594246e-18,0,9164.821307993207,0.42677448337825696,4,0.05480682839173405,0
61,4480,0.0,0.0,0.0,0.0,0.0,0.0,0.0,0.999544396104597,0.9800485687963024,0.9038930304991921,0.874618488976916,0.8010100358367226,0.7900118405685577,0.7769877147422533,0.7727595068649413,0.76035698385737,0.7563410173973483,0.7423198624825155,0.7379428280384266,0.7236741178054023,0.7180345383432596,0.7111792150294507,0.7047266522421533,0.6853023304080631,0.6106100151839656,0.5793528280813923,0.48719316425416814,0.4407056310916247,0.35339589678878924,0.3359672625364543,0.31336574513026294,0.3050794793162976,0.2802534070301362,0.27403856571650237,0.24815470386699948,0.24288759270116905,0.12303667697955721,0.07294929651662851,0.028923264208301394,0.009748995481522941,0.0011619605124517085,1.709817251748506e-07,0,inf,0.9658580413297394,9,0.055705300988319856,0
62,8061,0.0,0.0,0.0,0.0,0.0,0.0,0.0,0.9996888940376469,0.9865222884527648,0.9348937841904956,0.9149284183758567,0.8643938568656129,0.8568144740997332,0.8479179009706949,0.8450592719169794,0.8367596094240619,0.8340992442468357,0.824898608487982,0.8220529697959499,0.8128593766933755,0.8092564408810554,0.8049227069380394,0.8025583346785944,0.7955176067850311,0.7678442065181019,0.7558911954411887,0.7187431503908668,0.6985913271830341,0.6572240447845697,0.6483306267941614,0.636588946380138,0.6322415544014423,0.6190099694464707,0.6156483572370123,0.6013628619942682,0.5983952688146574,0.5135898239790019,0.45804339919055514,0.37598798295629526,0.33886396874298874,0.27771521221963763,0.12379593434400356,0,221.01209677419354,0.04851752021563342,0,0.05660377358490566,0
63,3751,0.0,0.0,0.0,0.0,0.0,0.0,0.0,0.9999471763880321,0.9976827696576072,0.9884890275893065,0.9847933915960284,0.9750553554517886,0.9735425187115518,0.9717383191477198,0.9711506242439776,0.9694213003684379,0.9688595470342972,0.9668897675340655,0.9662720003214984,0.9642480866458074,0.9634434489811194,0.9624639602301995,0.9614687925791248,0.9584174478208204,0.94593907289564,0.9403150138971312,0.9219892399562798,0.9115287742211301,0.8888794323379592,0.8837649816823033,0.8767484975863957,0.8740479319577431,0.8654994528139545,0.8632416584239527,0.8532647906739119,0.8511100771155676,0.7851794401983853,0.7377296292543771,0.6602409363042795,0.5629748080910965,0.41302716886951263,0.11522314006648507,0,6254.653766706824,0.37017070979335126,3,0.05750224618149147,0
64,10152,0.0,0.0,0.0,0.0,0.0,0.0,0.0,0.9993611532783171,0.9722003271239054,0.8682817266075697,0.8292732153797187,0.7335594284823632,0.7195471288823335,0.7030514228209811,0.6977189979353026,0.6821425005238896,0.6771201315636759,0.6596713835419873,0.6542518843809896,0.6366764395845473,0.6297634850212976,0.6213808363791941,0.6113458091731513,0.5814685869303392,0.47281583896212376,0.4303213281411212,0.31547464797450075,0.26359209001025324,0.17748367878947596,0.162120786711457,0.14312933818749254,0.13643193687036523,0.11722442807453122,0.11261933048949536,0.09432602726418633,0.09078019113090921,0.026954205428567055,0.010603205633866044,0.0020349321101884874,0.0002450596519639223,3.894454656918686e-06,1.3582429567762741e-13,0,2556.7229965989545,0.24168912848158133,2,0.05840071877807727,0
65,3055,0.0,0.0,0.0,0.0,0.0,0.0,0.0,0.9992967555603712,0.9695456563245803,0.8567985558815411,0.8149226888272291,0.7132415022386612,0.6984941645449657,0.6812064645396252,0.6756388226678659,0.6594342932858579,0.6542273502405915,0.6361478641457949,0.6305249107843794,0.6122671464735068,0.6050833760868849,0.5963626404023328,0.5839585862345469,0.5470609721471428,0.41682799732475784,0.3678858006763782,0.24281571946340538,0.19050467700544765,0.11126925308660972,0.09832300320868594,0.08286726176938211,0.0775679733668711,0.06285891617575758,0.05944646698725177,0.046383949217944524,0.04394974816136614,0.007893141327307167,0.0020960307439723447,0.00019833423866566464,1.0127879252253058e-05,3.026606998283829e-08,1.0406344821437037e-18,0,2866.0273296484693,0.24887690925426775,2,0.05929919137466307,0
66,5716,0.0,0.0,0.0,0.0,0.0,0.0,0.0,0.9992680536866912,0.9682298475710327,0.8504519154650644,0.8066815701921032,0.7004355795047484,0.6850364832807165,0.6669637064986728,0.6611351813693803,0.6441484618475756,0.6386829144566469,0.6197353259318289,0.6138634640817293,0.5948651684158786,0.5874172049639127,0.5784097075049479,0.56957681759158,0.543138510573611,0.44617324614380377,0.4079758677878336,0.3037710384223856,0.25611965204074016,0.1759454625269235,0.1614603293289905,0.1434668122300089,0.1370967491638055,0.11874527758316968,0.11432548805953453,0.09667883934241683,0.09324009467227258,0.029611557015328777,0.012273753013905746,0.0025864755933124135,0.0004075364727305951,1.098221618868992e-05,3.3791835945303767e-12,0,855048.6650954285,0.793351302785265,7,0.06019766397124888,0
67,4258,0.0,0.0,0.0,0.0,0.0,0.0,0.0,0.9991842382132815,0.9647255847244303,0.8356736307596286,0.7883961849841231,0.6752291327215817,0.659028098681171,0.6401190076226211,0.634049488108037,0.6164414351240219,0.6108017427535096,0.5913405183283302,0.5853342621978803,0.5659751149278401,0.5584152550610806,0.549302563780605,0.5399503277269183,0.5120912048718351,0.4112840737098474,0.3721287943522247,0.26737220355,0.22070964697152887,0.14455119777464787,0.13117413256866314,0.11473260257233837,0.10895993295353051,0.09249614301766354,0.08856402570059213,0.0730226526499972,0.0700270738511459,0.01846212200844839,0.006599672795167421,0.0010604548230276982,0.00010390031490494577,1.111615806392305e-06,7.614344820741845e-15,0,1327055.1588806775,0.8203054806828391,8,0.061096136567834684,0
68,4675,0.0,0.0,0.0,0.0,0.0,0.0,0.0,0.9992851698651195,0.9690084010354699,0.8543297927853396,0.81176602720135,0.7085159518164859,0.69356535009149,0.6760591565173304,0.6704256541988091,0.6540421999701214,0.6487818357920996,0.6305806189620067,0.6249505634219312,0.606766433514034,0.5996491522588331,0.5910593062235344,0.5804960262064046,0.5491009098689278,0.43615350222799393,0.39260597992619345,0.2772465257613301,0.2265350824397241,0.14500357695756141,0.13088251686219668,0.1135815775505917,0.10751190986803413,0.09024060233810763,0.08613343796004443,0.06999407223085843,0.06690632049476561,0.015945280764890785,0.0052802424191146806,0.0007428421757456754,6.389257914226509e-05,5.273951634511966e-07,1.2083328577302777e-15,0,7208.624928528798,0.38724168912848156,3,0.06199460916442048,0
69,6256,0.0,0.0,0.0,0.0,0.0,0.0,0.0,0.9992879628182383,0.9691283597548866,0.8547884350531935,0.8123107098468433,0.7091811690608449,0.6942359558191789,0.6767253961143646,0.6710882182221803,0.6546877195920099,0.6494198677131164,0.6311859654652943,0.6255437242550095,0.6073137428190323,0.6001760178945336,0.5915583957139917,0.5816803642324619,0.5522179751690907,0.4451979812057718,0.40345184048160176,0.29125284138086416,0.2410142437604442,0.1586070125558085,0.14406633299890137,0.12614913163936647,0.11984458739507185,0.10182691467730841,0.09753463647703396,0.08063739248536121,0.07739247508101531,0.021090599618225472,0.007777128779531092,0.0013341304944465898,0.00015572626158830914,2.337084553164114e-06,6.409425662085827e-14,0,9169.714940683121,0.42767295597484273,4,0.06289308176100629,0
70,8927,0.0,0.0,0.0,0.0,0.0,0.0,0.0,0.9995926561579358,0.9824163854097474,0.9158526973584697,0.8904341754396917,0.826853346136548,0.8174126429648234,0.8063635488306162,0.8028207077771646,0.7925551135340726,0.789271097783136,0.7779381226406323,0.774440707138034,0.7631664821965662,0.7587586592260538,0.7534646434795742,0.7506515089298326,0.7422733738364509,0.709485627364836,0.6953993270886437,0.6520562040232782,0.6288577390951743,0.5819267733384557,0.5719645360803102,0.5589003114046968,0.554091415517134,0.5395447485794794,0.5358709718836377,0.5203547582634098,0.5171511175159649,0.4275333183043246,0.37087399181172154,0.29040760457548714,0.2593706310315425,0.2090515695120765,0.08730374915040763,0,1806.061531320509,0.1958670260557053,1,0.0637915543575921,0
71,7178,0.0,0.0,0.0,0.0,0.0,0.0,0.0,0.9992837205822942,0.9689034366195862,0.8537078952015941,0.8109081790569865,0.7067538407140918,0.6916244269046298,0.6738450917896872,0.6681038695182885,0.6513507344737763,0.6459536673789816,0.6272152778898424,0.621396607495568,0.6025545965461276,0.5951614758682956,0.5862140651212809,0.5770127977673087,0.5494964417065067,0.448788284078803,0.4092114253307072,0.3018726454818146,0.25315436363537347,0.17186310198320834,0.15728769968854794,0.13923984546943563,0.13286719102343575,0.11456196794106481,0.11016614086828047,0.09267067662597853,0.08927256696651235,0.027345184615606716,0.01102415619897995,0.0022127109849443467,0.0003362068528360456,8.429348707177811e-06,1.922645769341466e-12,0,21759018.337183595,0.9290206648697215,9,0.0646900269541779,0
72,4046,0.0,0.0,0.0,0.0,0.0,0.0,0.0,0.999239056476674,0.9670400561856086,0.8456804387966903,0.8008950469562941,0.692788493697456,0.6771990196562898,0.6589460417123382,0.653061702559046,0.6359188534581702,0.6304051687757621,0.6112987757658359,0.6053802869786136,0.5862397059330989,0.5787395998535616,0.5696718329262936,0.5609540422943248,0.5349628106238725,0.4398428293967453,0.40234800921616704,0.29997503790886854,0.25311169947009216,0.17404717283605628,0.15972577248545008,0.1419005480481169,0.13557828895214327,0.1173360624655159,0.11293607800859229,0.0953491718505944,0.09191867706572282,0.028733932785135335,0.011744892367625683,0.0024069286081279963,0.0003387353186958929,7.319920239739086e-06,9.061302666954011e-13,0,17414098.24308892,0.9245283018867925,9,0.06558849955076371,0
73,881,0.0,0.0,0.0,0.0,0.0,0.0,0.0,0.9988448631170569,0.9497805808982435,0.7707600853683412,0.7073655569379691,0.5612325316827103,0.5409841742934653,0.5173812677509233,0.5097875331393406,0.4877079075578108,0.48062132804911445,0.45615956074155894,0.4486163723291661,0.4243525387959732,0.4149100898933011,0.4035065373080009,0.3894815073691119,0.3492935085350226,0.22278074563363143,0.18152207837491274,0.09238718822386312,0.06248869901331825,0.026416704635182243,0.021690013994663845,0.016536003353393034,0.014897323964341808,0.010705414019784986,0.00981069255156222,0.006668853538778036,0.006134951721192212,0.00043578963237536216,5.714565235561671e-05,1.5743946997050203e-06,3.360441101716719e-08,1.8874641333753485e-11,7.287699209945291e-25,0,4352.203599619797,0.31536388140161725,3,0.0664869721473495,0
74,1201,0.0,0.0,0.0,0.0,0.0,0.0,0.0,0.9999572298003883,0.9981145003686044,0.9905886119205101,0.9875438101132482,0.9794396996521855,0.9781682420120454,0.9766379880133348,0.9761350082842283,0.9746423255641743,0.974153305219911,0.9724239247459406,0.9718769227105553,0.9700691814433753,0.9693441687265426,0.9684539105260173,0.9675392646788731,0.9647382585820612,0.9532946194672611,0.9481451095090808,0.9314151310017331,0.9218956328345211,0.9013261227741268,0.8966927365504594,0.8903709075209025,0.8879571703930347,0.8803764648377354,0.8783899683514239,0.8696789929625754,0.8678120183921483,0.8106990641498936,0.7693790862198667,0.7013564202706696,0.6250271848344183,0.4986238853601038,0.1948305984928363,0,55.553752535496955,0.012578616352201259,0,0.0673854447439353,0
75,7900,0.0,0.0,0.0,0.0,0.0,0.0,0.0,0.9999240638354436,0.9966716478008399,0.9835041281796584,0.9782264097606459,0.9643545142709632,0.9622038713544447,0.9596397348943836,0.958804558027753,0.956347137287654,0.9555489082673119,0.9527502250191573,0.9518728032515446,0.9490009746583373,0.9478595405481492,0.9464612305626962,0.9449736315486641,0.9404122734794816,0.9218219367894874,0.9134841913309885,0.8865403480795446,0.8713179946315984,0.8387377860838489,0.8314563530904847,0.8215463345585997,0.8177689113712919,0.8059315154967628,0.8028236814612906,0.7891738930667002,0.7862437616061524,0.6985307439450742,0.6376766929962923,0.542451371944243,0.4305812777605229,0.2733021353487001,0.04098168866073569,0,386.2709706959707,0.07637017070979335,0,0.06828391734052111,0
76,8970,0.0,0.0,0.0,0.0,0.0,0.0,0.0,0.9992511288137255,0.9675082631298539,0.8475599802457363,0.803176587843761,0.6958790894528724,0.6803847034269158,0.6622293729464939,0.6563817397326088,0.6393312012139906,0.6338374590620763,0.6147540971252055,0.6088325856281359,0.5896626582003245,0.5821286147643847,0.5729874100071127,0.5601393998737543,0.5221884092336806,0.39028686923200234,0.34159855550567425,0.21965885643483804,0.16989540060351707,0.09622754524764686,0.08443246087130238,0.07047484330988359,0.06572419742303111,0.05264587001725393,0.04963730209620456,0.038221686875277064,0.036113922606533934,0.005939143921260822,0.0014753951253987298,0.00012428452565608512,5.240565458012824e-06,1.0661730758628183e-08,7.0945342141369e-20,0,4441.974312001574,0.31716082659478884,3,0.06918238993710692,0
77,1010,0.0,0.0,0.0,0.0,0.0,0.0,0.0,0.9992658457181937,0.9682576024803277,0.8512957412681739,0.8080722695394666,0.7036470283540215,0.6885831137906847,0.6709935377440155,0.6653494652058369,0.6489812317698731,0.6437373930825537,0.6256130065227953,0.6200127512787522,0.6019438287700573,0.5948782678854363,0.5863510415821466,0.5772084019079592,0.5498768041666285,0.44981319839645323,0.4103909166519994,0.3030289359543579,0.2541121045912236,0.17216795953692154,0.15742466780898928,0.13909249828579365,0.13257514298221448,0.11375263633397491,0.10920967226171277,0.09106846315274561,0.08753510958845254,0.024735462317817664,0.009295137838093857,0.0016219530138782121,0.0001626547072892362,1.8126913315020307e-06,1.4423017864354464e-14,0,25195.14673375773,0.5453728661275831,5,0.07008086253369272,0
78,1643,0.0,0.0,0.0,0.0,0.0,0.0,0.0,0.9999544014307871,0.9980084271213764,0.9901375414365442,0.9869843569548673,0.9786988162872893,0.9774154119166925,0.975887236161605,0.9753900930694055,0.9739291108218044,0.9734551387124325,0.9717952725152481,0.9712753591963514,0.9695734936998859,0.9688974252935529,0.968075166104387,0.9673256039228338,0.9650376759733907,0.955711349989103,0.9515230356072188,0.9379351160039862,0.9302110947112123,0.913531960005867,0.9097774346193993,0.90466597381882,0.9027191117588899,0.8966184953590013,0.8950235201420692,0.8880400615295636,0.8865393048334502,0.840288479968606,0.8064127734628486,0.7498120688379575,0.6848265561788828,0.573276212389559,0.2736329570469744,0,13338853.048591005,0.9146451033243486,9,0.07097933513027853,0
79,2762,0.0,0.0,0.0,0.0,0.0,0.0,0.0,0.9992523234001646,0.9676912563463509,0.8488006322171973,0.804932574249678,0.6991207167861643,0.6838779608765673,0.6660852906280696,0.6603771996070527,0.6438265124538268,0.6385258361992122,0.6201978990540006,0.6145292713920958,0.5962229364850875,0.5890590479908555,0.5804042797946822,0.5705918140257212,0.5411361662886913,0.4338293024682429,0.3919018361162582,0.2793924308784029,0.22925362365212773,0.14768973155712586,0.13341476192327154,0.11584186370043516,0.10965929775000027,0.0920235345030955,0.08781994344070071,0.07128243618353186,0.06811200276604029,0.015904560885846682,0.0051510681421091525,0.0006886538180572394,5.321203851063663e-05,3.560021887408036e-07,3.405173985096072e-16,0,1139182.03026273,0.8122192273135669,8,0.07187780772686433,0
80,7776,0.0,0.0,0.0,0.0,0.0,0.0,0.0,0.9991124046050396,0.9614120767102624,0.8203678441216556,0.7688523203526445,0.6461063320320534,0.6285551081259952,0.6078721327852685,0.6011635031718605,0.5815037971631535,0.5751439612213718,0.5529972592891007,0.5461054289407532,0.5237324362783287,0.5149461770318168,0.5042751597056226,0.49018560404513006,0.4491655168377523,0.3128905735920289,0.26531288696739985,0.15385576517031951,0.11216783654922896,0.055861585800812075,0.047606491697180245,0.03818754320676599,0.035077482867802205,0.026790211594417548,0.02494567827771184,0.01818376943427584,0.016975787129986524,0.00189741304834115,0.00034891509784406286,1.7139605558225203e-05,3.5022047601575947e-07,1.742766759182458e-10,3.513464660791838e-24,0,2542.0216872469323,0.23989218328840972,2,0.07277628032345014,0
81,4613,0.0,0.0,0.0,0.0,0.0,0.0,0.0,0.999034013594712,0.9582829881716843,0.8078813227034601,0.7537408458343096,0.6264100388076677,0.6084535502830765,0.5875439195640894,0.5808354302582935,0.5613827678162097,0.5551553654724904,0.5336884092542477,0.5270746918216782,0.5058047773844447,0.4975208116691358,0.4875428766292846,0.47454241765301414,0.4363924026329211,0.30831770353496957,0.2630701951154083,0.15562065241703701,0.11472459893618345,0.05850289322538697,0.05011848821875873,0.040481488193802095,0.03727972207188813,0.028695643053565385,0.026773316349179545,0.019683078420892973,0.018412848901086694,0.002208241935143901,0.00043024104371760423,2.3563584759509953e-05,6.293075366233833e-07,5.291145825457966e-10,9.429165091854195e-23,0,5773.819520241578,0.3584905660377358,3,0.07367475292003593,0
82,6200,0.0,0.0,0.0,0.0,0.0,0.0,0.0,0.9993156692392662,0.9703370454071485,0.8602916962525685,0.819318061830192,0.7195188356500269,0.7050131739760992,0.6880085385350639,0.6825328241766334,0.6665980565420817,0.6614780310563824,0.643747815351024,0.6382587982367575,0.6205048066551956,0.6135424821381318,0.6051264281000146,0.594563299544945,0.5630315375517659,0.4490568854588431,0.4048878822013595,0.2872680914198239,0.2352634858393873,0.15121112551321425,0.13658427671086784,0.11865393557023944,0.11236956149228139,0.09449497235522124,0.09024580698326425,0.07354704552435457,0.07034792561091238,0.017086435197763636,0.005741915449228503,0.000829265992627789,6.719670329371057e-05,4.936177792202304e-07,6.972910524238425e-16,0,2255.0099295791997,0.22102425876010784,2,0.07457322551662174,0
83,440,0.0,0.0,0.0,0.0,0.0,0.0,0.0,0.9991050032515583,0.9613128755746776,0.8208140794900735,0.7697996887432383,0.6488276999226773,0.6316426578198863,0.6116125079973249,0.6051871091510637,0.5865577649354987,0.5805945893956135,0.5600348891813464,0.5536914315596317,0.5332591466041381,0.5252874603341837,0.5156775674068637,0.5034327878410425,0.46727263576594436,0.3427177088094607,0.2972955656857989,0.18539337956353835,0.14075313705768902,0.07638703829474769,0.06634066603670664,0.05455838123813809,0.05057714743089331,0.0397561771578381,0.03729888393513997,0.02810102331905149,0.026427049966162058,0.0037481804265059038,0.0008315074679641222,5.73954580645603e-05,2.0793791285206682e-06,3.1683666768205373e-09,6.671686018310669e-21,0,17295.63366313255,0.5076370170709793,5,0.07547169811320754,0
84,6148,0.0,0.0,0.0,0.0,0.0,0.0,0.0,0.9992417608691566,0.9670859066509495,0.8456263549974592,0.8007117791698345,0.6922130571798637,0.6765561069844452,0.6582146837730731,0.6523061409594672,0.6350954799525311,0.6295608481931523,0.610403393074053,0.604473323690097,0.5853041056916843,0.5777962384306494,0.5687229833600694,0.5561342017961801,0.5189500288659287,0.38951086392296197,0.3416217417915483,0.22126647225442994,0.17189994346563853,0.09837801003231042,0.0865334612811825,0.07247899297336959,0.0676846769797071,0.05445227660049405,0.05140030052942995,0.03978664996793871,0.037635707692401495,0.006421829717961832,0.0016418055722450951,0.00014562141584974978,7.105809058352197e-06,1.947826304600033e-08,4.72988524288945e-19,0,12747.93645984113,0.46720575022461813,4,0.07637017070979335,0
85,94,0.0,0.0,0.0,0.0,0.0,0.0,0.0,0.9992788582385946,0.9687423107832295,0.8531695022630006,0.8103115446354909,0.7064399957553568,0.691411164465626,0.673819918487522,0.6681619407751566,0.6516886336673925,0.6463919577752957,0.6280403598701247,0.6223562412932635,0.6039740327892783,0.5967701142439207,0.5880631728061804,0.5774138281491512,0.5455690212255404,0.4307807308811229,0.3864939644903886,0.26945083681482435,0.21831725054236695,0.1369617091041651,0.1230541373286281,0.10614792204990246,0.10026576419084689,0.08366314393385074,0.07974608488702038,0.06446706637647961,0.06156206470945314,0.01421891541423035,0.0045968158942016404,0.0006192413306301424,5.2732133927830566e-05,4.2685279542067056e-07,9.0188120049551e-16,0,68428.42332095797,0.6361185983827493,6,0.07726864330637916,0
86,6190,0.0,0.0,0.0,0.0,0.0,0.0,0.0,0.9999125963905503,0.9961506068421919,0.9808616173734214,0.9747113183899143,0.958489823576893,0.9559655576430085,0.9529417387395404,0.9519520644861339,0.9490259605170904,0.948070894851597,0.9447063123864401,0.9436462003490922,0.9401571002008745,0.9387636845815714,0.9370591183519125,0.9352696694047323,0.9297968371925425,0.9075917127201935,0.8977104422508119,0.8662651399121881,0.8487813031286205,0.811962777782464,0.8038596475826105,0.792974335874351,0.7888774667594688,0.7762006778177838,0.7729270700108671,0.7587866274319804,0.7558126325993423,0.6688596334691095,0.6098528484996715,0.5193137759834834,0.46364038783202255,0.3726899854502168,0.15276842000070953,0,4533.786174575279,0.32075471698113206,3,0.07816711590296496,0
87,9007,0.0,0.0,0.0,0.0,0.0,0.0,0.0,0.9991592779792177,0.9634425724218268,0.8294985321410412,0.7804050904002622,0.66293899572991,0.6461256809791041,0.626436901561245,0.620090344283938,0.6016029351944924,0.5956575708554182,0.5750651934892311,0.5686902250823287,0.5480850550166644,0.5400144116764264,0.5302494578534344,0.5153171574503032,0.47156757205179495,0.32582911319478947,0.27490546968356566,0.15613752861747965,0.11218633386053523,0.05380586953211992,0.04540721620390622,0.03590484494839722,0.03278867882865932,0.02457096366286699,0.02276173240531869,0.016208764601331818,0.015057691702666399,0.0014459803948613885,0.00023737655594613028,9.594477838898783e-06,1.8938840003788556e-07,8.870532131680334e-11,1.4321481632160539e-24,0,3263.944042319958,0.2722371967654986,2,0.07906558849955077,0
88,312,0.0,0.0,0.0,0.0,0.0,0.0,0.0,0.9992803244914492,0.9688730581908828,0.8539840030769562,0.8114601949454867,0.7085209904672427,0.6936244330225538,0.6761957156201042,0.6705923969398389,0.6543042489975093,0.6490768800516077,0.6309976326499362,0.625398171756044,0.6072863332370739,0.6001869983937443,0.5915834677583629,0.5797725171066748,0.544578131880216,0.41953396486823374,0.37215322698991576,0.24977178658251778,0.19786481426176578,0.11790825968963563,0.10461512541198459,0.08860273571180488,0.08306964864971648,0.06760201179005629,0.0640036085545756,0.05018860381315434,0.04760612605149317,0.00884905536836435,0.002413137758275972,0.00023938591880789693,1.3188890405832062e-05,4.561024662739721e-08,2.8438075436958603e-18,0,343324.04349284066,0.7511230907457322,7,0.07996406109613657,0
89,2403,0.0,0.0,0.0,0.0,0.0,0.0,0.0,0.9992262910404504,0.9664962795196735,0.8433049416944395,0.7979163987085014,0.6886437297509621,0.672924817753649,0.6545549315795218,0.6486494713951573,0.6314482535512482,0.625916810745069,0.6067527920878869,0.6008177026725036,0.5816275856181548,0.5741098299881835,0.5650219232030855,0.5563878919097709,0.5306983550182688,0.43646917959942166,0.3992448423081036,0.29744149996565733,0.2507797162368342,0.172140511953959,0.15791228523657083,0.14021147887116692,0.1339357941820067,0.11583590376920118,0.11147215693201039,0.09403840556207801,0.09063946606644589,0.0281796874484115,0.01147003708863072,0.0023331632075948984,0.00032244519241307677,6.7247980977375266e-06,7.184485153059744e-13,0,436816.3760820647,0.7619047619047619,7,0.08086253369272237,0
90,10557,0.0,0.0,0.0,0.0,0.0,0.0,0.0,0.9999453379701909,0.9976095674479547,0.9881574343381203,0.9843694225262073,0.9744174748574784,0.9728764565370717,0.9710444751563003,0.9704496157549518,0.9687047290892833,0.9681395364066809,0.9661577147884237,0.9655361766048483,0.9634999276921064,0.9626868806176291,0.961688636112759,0.9606241899340141,0.9573534739663231,0.9439592126079231,0.9379191936578019,0.9182664208968105,0.9070627847961408,0.8828152838878727,0.8773421488529816,0.8698477578417994,0.8669668519273815,0.8578510892286823,0.8554422532775955,0.8447933155840058,0.8424924445992555,0.7722498454788694,0.7219367662753823,0.6402644337564785,0.5404853663500192,0.38886291585164373,0.10011451314456545,0,44257.95860754021,0.6010781671159029,6,0.08176100628930817,0
91,3056,0.0,0.0,0.0,0.0,0.0,0.0,0.0,0.9992678124093445,0.9681403382012115,0.8500234012454038,0.8061292523722124,0.6995928335031851,0.6841525556560442,0.666016975201688,0.6601617199382703,0.6430785709007149,0.6375730327013713,0.6184600119187762,0.6125350886836336,0.5933644652847002,0.5858426053190253,0.5767370392774681,0.563315573882916,0.523633751592077,0.38673607642023244,0.3366656989498877,0.21267217140417988,0.1628120083927476,0.09016087492180269,0.07870015140584122,0.0652154656225182,0.06064877032861396,0.04814505732547315,0.04528459432800126,0.03449640904894171,0.03251735921106358,0.004958400467190211,0.0011614668235600109,8.806098507068365e-05,3.1268626981181256e-06,4.586698704340137e-09,8.205257212787625e-21,0,71560.35351479641,0.6415094339622641,6,0.08265947888589398,0
92,3171,0.0,0.0,0.0,0.0,0.0,0.0,0.0,0.9997189355710687,0.9877405280670615,0.9403358748002355,0.9218186965745411,0.8744397233954679,0.8672601538376103,0.8587583177862782,0.8559981159125779,0.847901779724464,0.8452799794905228,0.8361205331537207,0.8332589171281987,0.82392101909334,0.8202248649811016,0.8157344772554639,0.8107372789611766,0.7953795378288046,0.7343416185651109,0.7078355393787761,0.6260821094536956,0.5825408392856947,0.4958750947368654,0.47765640877543875,0.4533676439413126,0.4442394760690731,0.4161766023128885,0.40897173781336865,0.37818443239431865,0.3717568361550311,0.21438575118042766,0.1396630634795272,0.06472201554912092,0.024821117691263783,0.00384336103217745,1.74000753388347e-06,0,2740.2578208422774,0.24797843665768196,2,0.08355795148247978,0
93,2587,0.0,0.0,0.0,0.0,0.0,0.0,0.0,0.9991069014724228,0.9613344197786858,0.8206949663287557,0.7695552850099507,0.6481425924994044,0.6308854697114241,0.6107548843216206,0.604286665386041,0.5854952301233086,0.5794663735663211,0.5586351044710103,0.5522018167187924,0.5314619253810072,0.5233635398841958,0.5135913713927481,0.5031989394810408,0.47262123216542995,0.36518031044279387,0.32485701929622207,0.22115509770541925,0.17714888493245506,0.10885762073838291,0.09740823734701044,0.08363640952010204,0.07888894299798203,0.06560294626045925,0.062494027329298055,0.05045323421175856,0.04817956995862874,0.011227635873984478,0.0036801113011953527,0.0005147525368548762,4.978968139550048e-05,5.168758626620526e-07,3.0603945904952603e-15,0,8306.844800474519,0.4106019766397125,4,0.08445642407906559,0
94,6962,0.0,0.0,0.0,0.0,0.0,0.0,0.0,0.9992683988317219,0.9683734165174307,0.8518269239916052,0.8087210610009484,0.7044990859697617,0.6894511100102559,0.6718372294052537,0.6661717541276576,0.6497028964147953,0.644417529900702,0.626138403527492,0.6204869312550736,0.6022422295352821,0.5950974925420858,0.5864625806490675,0.5744088817361327,0.5384756790552004,0.41124498849375773,0.36327065514643564,0.2402869524241535,0.1886802408824466,0.11019474355692592,0.09731613758458477,0.08191984259708827,0.07664269118070033,0.062005875088529325,0.05861345529725152,0.045641576739837646,0.04322705550763533,0.007652280711638865,0.002009261108904594,0.00018629266589084134,9.321167431274794e-06,2.6713200551391072e-08,7.655924088002819e-19,0,5537.1801886868325,0.3495058400718778,3,0.0853548966756514,0
95,2748,0.0,0.0,0.0,0.0,0.0,0.0,0.0,0.9992696877377691,0.9683490124643795,0.8514314072062534,0.8081223323479789,0.7032770262504445,0.6881146221751906,0.6703272054854077,0.6645895634312067,0.6478623976502723,0.6424748274511004,0.6237701945622622,0.6179651178952434,0.5991557830877476,0.5917711306771557,0.5828261677741805,0.572713907752007,0.5426723671715722,0.43441689521829874,0.39255446709937364,0.2810497308274631,0.23161751053131166,0.15114050625822759,0.13701309687022453,0.11963992146400419,0.11353657397815378,0.09612709395159823,0.09197628431978976,0.07560481208578958,0.07245604638729537,0.018716778779681274,0.006586085487620781,0.0010259106518267158,8.741074051143854e-05,7.094041464969814e-07,1.5246187734713567e-15,0,409757.91253151686,0.7583108715184187,7,0.0862533692722372,0
96,7163,0.0,0.0,0.0,0.0,0.0,0.0,0.0,0.9992977512058939,0.9695573363929065,0.856796011950697,0.8148910964444412,0.7131008594049159,0.6983418314125424,0.6810205074436702,0.6754273463163262,0.6591067197584136,0.6538491103715383,0.635598208892848,0.6299345429446,0.6115843982208147,0.6043792932837316,0.5956569886107451,0.5848914736022853,0.5528295746754085,0.43759178870695215,0.39322876382167843,0.2760132748211355,0.22471427265218832,0.14272929569039952,0.12860800927177615,0.1113907939058992,0.10538203075633168,0.08834052979651529,0.08430091829249403,0.06847101785840572,0.06544669290315952,0.015525531152652818,0.005111937897489801,0.0007091816177808474,5.729621710118029e-05,4.199628980289989e-07,5.966442618961254e-16,0,38725.54833294877,0.5840071877807727,5,0.08715184186882301,0
97,5337,0.0,0.0,0.0,0.0,0.0,0.0,0.0,0.9991122837279647,0.9615299411539076,0.8214130567299571,0.770396222090965,0.6491321239767107,0.6318770684403416,0.6117308607337059,0.60525710069435,0.5864551906007145,0.5804265059986057,0.5596075204804294,0.5531796643470422,0.5324488772849857,0.5243507619049396,0.5145752336755646,0.5003564008062902,0.45884238593762805,0.3203998258565194,0.2718759619184126,0.157840833258293,0.1150657812770828,0.057205284573692304,0.0487142915551417,0.03901511608270137,0.035809051789387175,0.027264497552136464,0.025362857212266793,0.01839721394769403,0.017159027033192432,0.0018715014257124232,0.00033904666462468804,1.6334043013848766e-05,3.873847325987003e-07,2.5787276547259395e-10,1.74225435089883e-23,0,6784.2546254048975,0.3800539083557951,3,0.0880503144654088,0
98,6158,0.0,0.0,0.0,0.0,0.0,0.0,0.0,0.9993144935097636,0.9703153263809196,0.8603087212058336,0.8193910615944124,0.7198844118920896,0.7054334886786428,0.6884815095097535,0.6830028039826892,0.6670024525985121,0.661843060823985,0.64390253328308,0.6383256376601665,0.6202259899224511,0.6131074994650009,0.6044768527557212,0.5915823863539762,0.5532006147489733,0.4181252523261236,0.3676673814000954,0.23993155705204783,0.1871019855600477,0.10782114636026056,0.09496073130674272,0.07964357543470019,0.07440121938390719,0.05988925377809414,0.05653182835887037,0.043724904502779494,0.04134765765266619,0.00694818476233717,0.0017488042244540735,0.00014983022956486445,6.781276907264982e-06,1.5984430000105572e-08,2.0430721242869914e-19,0,2486.474996800062,0.2353998203054807,2,0.0889487870619946,0
99,7590,0.0,0.0,0.0,0.0,0.0,0.0,0.0,0.9990787024826127,0.9602457221186239,0.8164982786246292,0.7645555594544082,0.6419433726720786,0.6246083915823167,0.6044659890360123,0.5980233671688834,0.5793966850406023,0.5734509907380931,0.5530075609275039,0.5467246776955994,0.5265637539839673,0.5187265394418399,0.5093125335600485,0.5003435062619052,0.4737655704055338,0.37850968273183916,0.3417744946247816,0.244043744998296,0.2007970600174864,0.1306654123554826,0.11841862891482494,0.1034141125059937,0.09815561527743748,0.0831851153151974,0.07962230446097794,0.06558816424389219,0.06289199139529823,0.01659529989984119,0.005953272788589813,0.0009679352222642732,0.00012356981552778427,2.238578976138739e-06,1.4145265971579477e-13,0,520.2045009784736,0.09344115004492363,0,0.08984725965858041,0
100,2019,0.0,0.0,0.0,0.0,0.0,0.0,0.0,0.9996718910653709,0.9858128682639502,0.9317481965470024,0.9109455512635795,0.8584948016284093,0.8506560752271721,0.8414782728394259,0.8385363589992493,0.8300151064390312,0.8272901501638279,0.8178931922863056,0.8150001196694179,0.8056955530924628,0.8020655943903551,0.7977187019391405,0.7955488002461081,0.7890733565960193,0.7635973261071234,0.7525810168436686,0.7183203782329767,0.6997261712753373,0.6615187156764386,0.6533006554872436,0.6424508895707476,0.6384330967445808,0.626201110433148,0.6230927055028997,0.6098785672473166,0.6071325894123235,0.5281922539709925,0.475910371672024,0.397669288599292,0.3600665197054755,0.2976456825120493,0.1372713022530721,0,inf,0.9919137466307277,9,0.09074573225516622,0
101,1547,0.0,0.0,0.0,0.0,0.0,0.0,0.0,0.9998781051278698,0.9946475346460086,0.9735178571927801,0.965073239697599,0.9429492156356291,0.9395017616095253,0.9353441950602407,0.9339735066323797,0.9298913300024877,0.9285492186754735,0.923787341391869,0.9222763100048427,0.9172681649647183,0.915255310188447,0.9127780097800149,0.9102479140253907,0.902577175446419,0.8718554605866782,0.8583358855210917,0.8156026135545646,0.7920547641234641,0.7430061496357032,0.7323068651849668,0.7179611947577593,0.7125654816728999,0.6959054145807516,0.6916116125340306,0.6731112930727293,0.6692150442732235,0.557731478726622,0.485509363909733,0.3807612249261433,0.3032919917608956,0.19501827621576828,0.031545398397489564,0,3561.6097338807244,0.2884097035040431,2,0.09164420485175202,0
102,3346,0.0,0.0,0.0,0.0,0.0,0.0,0.0,0.9999312338407942,0.996960682158253,0.9848249387309044,0.9799162797839437,0.9668973790121801,0.9648609322006714,0.962412193991509,0.9616078217761349,0.9592209727811807,0.9584390986837918,0.9556745844140435,0.9548003514205404,0.9519124770266473,0.9507549059445215,0.9493338657978684,0.947822745130217,0.9431924009049082,0.9243201542222111,0.9158553186846224,0.8885005224977153,0.8730467482258948,0.8399233803765029,0.8325018155353139,0.8223738726059366,0.8185028941710569,0.80634021648782,0.8031512055241409,0.7891660767471207,0.7861678899315815,0.6966226034312187,0.6346682100084439,0.5378373339993294,0.474162048435928,0.3719336865195721,0.13784886864075452,0,7601.2944094629775,0.39263252470799637,3,0.09254267744833783,0
103,3283,0.0,0.0,0.0,0.0,0.0,0.0,0.0,0.9999299402655614,0.9969175183970946,0.9846683852058994,0.9797370332610221,0.9667183695768693,0.9646913346936961,0.962265104538008,0.9614717840327097,0.959128508417522,0.9583644199763238,0.9556550832968499,0.9547951240794664,0.9519438994461489,0.9507967965178089,0.9493834258238211,0.9473944895464061,0.9412571132139922,0.9161393752557635,0.9048151854097767,0.8681082991522456,0.847344450152649,0.802939926391387,0.7930111936273901,0.7794211041152149,0.774207154679483,0.7577742491339695,0.7534518602953701,0.7344513579030019,0.7303635333390034,0.6106834648101118,0.5313544776657422,0.4141672419965252,0.2790120069218497,0.12856040791372922,0.00511741047036443,0,758514.1567775094,0.7870619946091644,7,0.09344115004492363,0
104,1921,0.0,0.0,0.0,0.0,0.0,0.0,0.0,0.9991386725690361,0.9628904403876177,0.828112253503212,0.7791213780925538,0.6627288205222694,0.6461831383887666,0.6269565812100842,0.6208020610821324,0.6029841471512062,0.5972891327013716,0.5776642102871515,0.5716148025652935,0.5521451503479755,0.5445536201380269,0.5354075587757207,0.5261092556885109,0.49832505688174,0.3977603287795579,0.35873364470622027,0.25474193801055506,0.20871746381018122,0.1341556093414947,0.12115423514979339,0.1051902134620247,0.09958698446405057,0.08363519210261046,0.07983998897806462,0.06491920636090205,0.06205996326096215,0.01473652820213117,0.004843694751399964,0.0006669099137963043,4.864195910841395e-05,2.910064911718428e-07,1.7585069103456767e-16,0,560681.649791622,0.7771787960467206,7,0.09433962264150944,0
105,9377,0.0,0.0,0.0,0.0,0.0,0.0,0.0,0.9999125878322909,0.9961854784731985,0.981177995022977,0.9751962201294982,0.9595610922392834,0.9571500130395644,0.9542884685433314,0.9533605843399143,0.9506425274554026,0.9497635594782372,0.9466955088183555,0.9457376952961132,0.9426152647918251,0.9413804593985544,0.9398847969104661,0.9387746467395179,0.9353739587628725,0.9214938423061517,0.9152560877490957,0.895032215839347,0.8835564046884091,0.8588614211405826,0.8533180504427638,0.845765812199663,0.842885660663707,0.8338523932079036,0.8314883435337259,0.8211370927848113,0.8189301297054572,0.7523455072739441,0.7051515024265885,0.629201600366069,0.5593109476465757,0.444821047442662,0.17287903720173242,0,2391.8903421429504,0.22911051212938008,2,0.09523809523809523,0
106,8962,0.0,0.0,0.0,0.0,0.0,0.0,0.0,0.9992401146201617,0.9670393931448191,0.8455097848197958,0.8006049819993576,0.6922045864498345,0.6765712146954674,0.6582682333227057,0.6523762371901338,0.6352276534669895,0.6297172885255242,0.6106397984027431,0.6047355938341574,0.5856103166074491,0.5780961380441691,0.5689924698995358,0.5560717977902727,0.5179398039507784,0.38573249850286373,0.3370750346233803,0.2156378908275349,0.16629990257088823,0.0936015493409055,0.08200954672605153,0.06830911581668918,0.06365054205176111,0.05084177917033392,0.047899099413138815,0.03675113875887112,0.034696388608666535,0.005555656240104088,0.001350981731005956,0.00010949663976164483,4.489758876765207e-06,8.678856564789658e-09,4.777244205480346e-20,0,12463.547234729056,0.46451033243486073,4,0.09613656783468104,0
107,5269,0.0,0.0,0.0,0.0,0.0,0.0,0.0,0.9995974344986375,0.9824590175087331,0.9154107656008798,0.8895591357641275,0.8243185028957605,0.8145449481339095,0.8029959510467862,0.799256762378843,0.788318051363844,0.784785353880328,0.7724841810143404,0.7686513424730552,0.7561552847634546,0.7512149309353948,0.745212589406014,0.7399617438932345,0.7241736200394081,0.6630085891185095,0.6371281767502798,0.5594075610952708,0.5191835384126264,0.4411810743292534,0.4251836419573193,0.40430119024137134,0.39661556495621086,0.3734398887964176,0.36760176151370566,0.3430808920901806,0.3380503683345885,0.21268394105507857,0.14951244369370542,0.08064348588193432,0.053778484736622216,0.02475372453855229,0.0010592134999222553,0,inf,0.967654986522911,9,0.09703504043126684,0
108,3189,0.0,0.0,0.0,0.0,0.0,0.0,0.0,0.9998564088906069,0.9936962993524647,0.9688632894638972,0.958962446613901,0.9330893884135172,0.9290957993627386,0.9243300676158247,0.922775425229296,0.9181939120671552,0.9167033880684574,0.9114702166701101,0.9098269830928915,0.9044373310004321,0.9022925579717982,0.8996766738129771,0.8968435349170932,0.8880813676477216,0.8524085556593621,0.836466443386263,0.7854303198916701,0.7569987072282791,0.697211646274818,0.6840302697682998,0.6660626650354498,0.6591877299003954,0.6376041633070436,0.6319320039893922,0.6070497871242286,0.6017148023246425,0.452713342543032,0.36251632051159977,0.24334459650942722,0.14111099550595152,0.04884474819171549,0.0006113917592306503,0,10427337.012228258,0.89937106918239,8,0.09793351302785265,0
109,5166,0.0,0.0,0.0,0.0,0.0,0.0,0.0,0.9992003385275204,0.9653541069139304,0.8381958359502942,0.7914575208474239,0.6792330647918625,0.6631251629418882,0.644298527838842,0.6382476215416937,0.6206714005606446,0.6150348557670062,0.5955228091185675,0.5894844967367943,0.5699757378902335,0.5623395603057405,0.5531135627064061,0.5441405299550329,0.5173320485125017,0.41961395687071074,0.381331140282819,0.27767213131702817,0.23081372643909004,0.15323603577805256,0.13943199354898198,0.12234174907988835,0.11630281164878731,0.09897594838901541,0.09482106252673482,0.07834183492075224,0.07515451523327515,0.02003489316751009,0.007231048417027601,0.0011846799425849997,0.00012081778882809405,1.3912409661885837e-06,1.2671312459263521e-14,0,380009.4738879742,0.756513926325247,7,0.09883198562443846,0
110,5424,0.0,0.0,0.0,0.0,0.0,0.0,0.0,0.9991197818377549,0.9619441421080198,0.823531226796687,0.7731851026585469,0.653574988483641,0.6365646700292956,0.6167402862038922,0.61038242926786,0.5919554814138892,0.5860606516219911,0.5657392340599325,0.5594729149735156,0.5392996914147379,0.5314327304423796,0.5219554338108423,0.5098079200145473,0.4739839142298503,0.3504666267440027,0.30530267760642665,0.19340889736056974,0.14835765778919535,0.08257496076076644,0.07217462245224605,0.05992836226856339,0.055775982771627486,0.044393328167768975,0.0417866307272871,0.03194237843455263,0.03013375748537798,0.004718563267911453,0.0011292867903644837,8.91192500662846e-05,3.886550063141618e-06,8.580126901547111e-09,8.596120577472658e-20,0,3296.885830132309,0.274932614555256,2,0.09973045822102426,0
111,7200,0.0,0.0,0.0,0.0,0.0,0.0,0.0,0.9992231201039284,0.9664070292909452,0.8430585048125403,0.797642545853107,0.6883643794307612,0.6726529811158877,0.6543008427000645,0.6484053499728769,0.6312687025867983,0.6257648326796702,0.6067267666433243,0.600841848083128,0.581827304256255,0.5743833602503927,0.5653903202564617,0.5563624912748169,0.5294285265081858,0.4312080101612254,0.3926832729518962,0.28828489654047135,0.24099453562997025,0.16233621716395863,0.1482755115774674,0.13087123395365208,0.12472604798903823,0.10708487835036153,0.10285141340488248,0.08602379105303543,0.08276028689483747,0.0242516185152617,0.009431218162462259,0.0017693577019098606,0.0002642821123811202,6.397229029319615e-06,1.2524045834646868e-12,0,1851.4426080064973,0.20125786163522014,2,0.10062893081761007,0
112,5346,0.0,0.0,0.0,0.0,0.0,0.0,0.0,0.9992938235745051,0.9693581567916614,0.8557999375559451,0.8135836621723498,0.7109328893379009,0.6960351971964112,0.6785616504688838,0.6729278141038759,0.656453253487423,0.651132706240251,0.6326198492711412,0.6268678680115312,0.608206810030816,0.6008390013880708,0.5918608761305798,0.578093977091702,0.5374081856494044,0.39701114562606443,0.34564633586337923,0.21841050973614512,0.1672297036876619,0.09263215289462744,0.08086121907935241,0.06700858816308028,0.06231482574063011,0.04946027462151978,0.046518947192671384,0.03542448614570703,0.03338907802098127,0.005073254364226435,0.001184576993105173,8.924189369982567e-05,3.1135662754455464e-06,4.3774848155086355e-09,6.360841991735158e-21,0,3571.9315274434966,0.29020664869721474,2,0.10152740341419586,1
113,278,0.0,0.0,0.0,0.0,0.0,0.0,0.0,0.99898928165244,0.9562971150866184,0.7991742859787346,0.7428258629209675,0.6107636970665818,0.592200889825618,0.5705719566312641,0.5636279710136664,0.5434795144996399,0.5370222775393718,0.5147330834868492,0.507857549244362,0.48571712492972274,0.4770764912333089,0.4666396120983414,0.4515969584116131,0.4079633516979723,0.26735918281761134,0.22026351365448943,0.11575486045476144,0.07955672394058079,0.0346416129219511,0.028610875182578956,0.021969088956795946,0.01983951366054094,0.014349294660724076,0.013168516734356518,0.008995127087789821,0.008281320322529212,0.0005971703042293119,7.865770181606329e-05,2.154761600401214e-06,2.5803633696894527e-08,4.522754392464997e-12,1.2079639302952876e-27,0,7019.696459826538,0.38544474393531,3,0.10242587601078167,1
114,4313,0.0,0.0,0.0,0.0,0.0,0.0,0.0,0.9991888830155576,0.9651283947657197,0.8381613248360525,0.7918391704044295,0.6813102656067593,0.6655301097391046,0.6471949029790163,0.6413328912121224,0.6243687220070323,0.6189484962992768,0.6002864175680457,0.5945422712831031,0.5760519925804914,0.5688247708715074,0.5600956005834437,0.5501849509157939,0.520483255853417,0.4129554142082456,0.3712657245809261,0.26048571224261585,0.2117516092486289,0.1336095750811998,0.12011720652391925,0.10361383940227879,0.09783895952610343,0.08146286435534557,0.07758240666192294,0.062400604281750885,0.05950665659327803,0.013038560056948941,0.004025226532394277,0.0004955695821847065,3.2117391751443274e-05,1.5282600371466674e-07,3.603803921523162e-17,0,3235580.851162327,0.8499550763701706,8,0.10332434860736747,1
115,4288,0.0,0.0,0.0,0.0,0.0,0.0,0.0,0.9999479724755729,0.9977084094608715,0.9885804991610754,0.984896125976742,0.9751428962973389,0.973620711158531,0.9717969964363321,0.9712002064807334,0.9694360396944509,0.9688603327723798,0.9668316345276172,0.9661919548057613,0.9640849237116565,0.9632427202252701,0.9622119527328052,0.9612667655862036,0.9583851114216212,0.946665079870859,0.9414150911086664,0.9244361720006674,0.9148197424197279,0.8941511279014737,0.8895198116129838,0.8832330802766398,0.8808450202685376,0.8733830000528771,0.8714375019330028,0.8629490216424203,0.8611388228298609,0.8061019492115244,0.7665005056728927,0.7013200956401143,0.6322668779730961,0.5163469866445635,0.2230579016558888,0,1439.417202970297,0.17340521114106022,1,0.10422282120395328,1
116,1825,0.0,0.0,0.0,0.0,0.0,0.0,0.0,0.9992576198579525,0.9678538996845404,0.8493286206011259,0.8055123240312185,0.6996469539733527,0.6843577648828124,0.6664536633012055,0.660680276758351,0.6438380829179255,0.638415009626012,0.6196120171196042,0.6137841176026376,0.5949252412409316,0.5875307382307259,0.5785869779521653,0.569638153620048,0.5428087759755892,0.44427989309870863,0.40534643050387437,0.29929487608955446,0.251035672477864,0.17035486679420958,0.15586459411564596,0.1378936462094185,0.13153832347546154,0.11327639903858573,0.10889067605264617,0.09143805798981819,0.08804902979955186,0.02659441355934826,0.010566765181130377,0.00205317826864673,0.0002594665728403545,4.542761320966908e-06,2.348979520632988e-13,0,128161.53313814674,0.6990116801437556,6,0.10512129380053908,1
117,9396,0.0,0.0,0.0,0.0,0.0,0.0,0.0,0.9998755060582057,0.9945801826741609,0.9733770052360926,0.9649770574263739,0.9431580402207187,0.9398076843355928,0.9358250547410263,0.9345314154147415,0.9307439991533624,0.929519958275518,0.92525554718814,0.9239267970293514,0.9196018454568856,0.9178937553796462,0.9158268235709349,0.9144931927930582,0.9104786241919064,0.8943993215206855,0.8873098197419153,0.8647645792804332,0.8522200347321598,0.8257468859452034,0.8199160816559393,0.8121116418026798,0.8091869334263537,0.8001712486568405,0.7978474612945848,0.7878247040508775,0.7857117363062468,0.7226630893310237,0.67843004196869,0.6078666429210693,0.5543257805200703,0.46320794646010993,0.22060532184432566,0,101774.63692246498,0.6801437556154537,6,0.10601976639712489,1
118,8861,0.0,0.0,0.0,0.0,0.0,0.0,0.0,0.9999520633608572,0.997899806985079,0.9895745631664951,0.9862296715695565,0.9774152475577715,0.9760459439272453,0.9744084945436853,0.9738714092904116,0.9722800477441725,0.9717595279025705,0.9699216882238106,0.9693413067804818,0.96742631696495,0.9666576928000996,0.9657135486331533,0.964760586056057,0.9618419338641625,0.949910030484696,0.9445282615575792,0.9270061015231755,0.9170165478289372,0.8954094041043149,0.8905367250603817,0.8838779667660955,0.8813314280741896,0.8733210543015612,0.8712186443373412,0.8619853919364098,0.8600034822047462,0.7995308721944515,0.7559956132408238,0.6847328122445195,0.6133194262476399,0.49468920577102343,0.20319413281787393,0,64.95098039215686,0.015274034141958671,0,0.1069182389937107,1
119,2246,0.0,0.0,0.0,0.0,0.0,0.0,0.0,0.99906828472411,0.9597102593633399,0.813821229765156,0.7610473913267436,0.6364028151534425,0.618766807382879,0.5982254950180694,0.5916314416860314,0.5724969348379179,0.5663669960792299,0.5452189799334877,0.5386980655543644,0.5177084997419934,0.5095260035696062,0.4996646449184586,0.4857255447106768,0.4449049037173084,0.30898001824697274,0.26156089968834484,0.15070980449114255,0.10940806748239348,0.053915189060324956,0.04582428567381883,0.036608243673196775,0.03357050034721872,0.0254971666092211,0.023705326939121193,0.017158124658163482,0.015996947948935487,0.0017248592747282914,0.0003100199282649889,1.4749863301036026e-05,3.370883324367007e-07,2.0866406239807319e-10,1.0377119310111834e-23,0,4554552.519322157,0.8625336927223719,8,0.1078167115902965,1
120,2691,0.0,0.0,0.0,0.0,0.0,0.0,0.0,0.9991839895487056,0.9645883563339376,0.8346191699237333,0.7868709551513625,0.672321366120109,0.6558892603802233,0.6366604938906028,0.6304716187201622,0.6124699951427481,0.6066892196809581,0.5866923199483334,0.5805091793462441,0.5605497728536524,0.5527445177729584,0.5433191324211998,0.5336938131151443,0.5050681938925226,0.4020633381166177,0.3623253660785925,0.2569101054409943,0.21046263101709278,0.13553141030004331,0.12251601409375959,0.1066246764918346,0.10107718124574974,0.08535472748703679,0.0816316533339706,0.06703464888248323,0.06424331796967757,0.016717648795964983,0.005950249202372289,0.000958895594040182,0.00010825927977404243,1.520880875345288e-06,3.159889460003447e-14,0,209998.348031646,0.7304582210242587,7,0.1087151841868823,1
121,4007,0.0,0.0,0.0,0.0,0.0,0.0,0.0,0.9990151996758523,0.9577659507155275,0.8066568180188061,0.752490585648959,0.6255875624206558,0.6077651221588983,0.5871073693563578,0.5805131130540144,0.5615001834553678,0.5554525589269999,0.53473226743584,0.5283911531549564,0.508146735988747,0.5003175548750445,0.4909572250061133,0.48229053590114324,0.4566136349806891,0.3644174690663462,0.32890306146784787,0.234677799745619,0.19308504206265928,0.12574969152770568,0.11400800707948025,0.0996433545526911,0.09462158254852886,0.0803530499314608,0.076966876306297,0.0636559720504558,0.06110327531054451,0.01676364815135904,0.006223542642937296,0.0010835513118930289,0.00010239732168035678,1.0024079429123872e-06,4.404014855796167e-15,0,7001.003475497689,0.38454627133872415,3,0.1096136567834681,1
122,10709,0.0,0.0,0.0,0.0,0.0,0.0,0.0,0.9996755996763986,0.985976857353587,0.9324360026308237,0.911790059758026,0.8596260134989522,0.8518144392409758,0.8426615700655135,0.8397285807521282,0.8312358615549884,0.8285208856605285,0.8191563653126148,0.8162677323919966,0.8069728025465153,0.8033469654559128,0.7990054728767607,0.796903992111402,0.7906468005070401,0.7660131820895113,0.7553517259781363,0.7221575708864747,0.7041180991440241,0.6669951971268085,0.6590003199888911,0.6484518688724517,0.6445502759882935,0.6326852051627565,0.6296734238670405,0.6168693761767811,0.6142070709808574,0.537446930209614,0.4862589586351422,0.40914066462853466,0.3710384544013226,0.3075729702667957,0.14333205520633469,0,729.0491566347004,0.12219227313566935,1,0.1105121293800539,1
123,8828,0.0,0.0,0.0,0.0,0.0,0.0,0.0,0.9996287429422447,0.9839305515706613,0.9226880736762108,0.8991345351952278,0.8398036881580956,0.8309377051783644,0.820520409162349,0.8171679408895601,0.8074190870473694,0.8042892408425958,0.7934495974344449,0.7900924387406552,0.7792319609404372,0.7749707415731476,0.7698357451425701,0.7666917119081834,0.7572872635327436,0.7204032550283787,0.704532048033022,0.6556091555404268,0.6293872320597984,0.5763366703312492,0.5650642934088299,0.550243400725913,0.5447732584635333,0.5281885331376073,0.5239858215410497,0.506182744811707,0.5024960360700985,0.40059250955811104,0.3378441039078995,0.2515667668432642,0.2178436770034859,0.16579497975158228,0.0552730396198546,0,inf,0.9766397124887691,9,0.11141060197663971,1
124,4982,0.0,0.0,0.0,0.0,0.0,0.0,0.0,0.9999380893058879,0.9972632734186327,0.986327431216358,0.9819003009985273,0.9701477785304912,0.9683079995406121,0.9660952330098519,0.9653682514316837,0.9632106893800307,0.9625038080274891,0.9600039884220358,0.9592133109253352,0.9566009334452554,0.9555535704331639,0.9542676480606229,0.9529206536880968,0.9487988045961011,0.9320085475401941,0.924468198304903,0.9000562364085842,0.8862326367605609,0.8565655578327264,0.8499200118325579,0.8408674276503029,0.8374145271797646,0.826585360397829,0.8237512953648057,0.8113444062332937,0.8086882047842724,0.7286562839744041,0.6724569296454066,0.5832307407498909,0.5154165970314337,0.4061677963567747,0.15340942753550585,0,8319.98017235709,0.4115004492362983,4,0.11230907457322552,1
125,3217,0.0,0.0,0.0,0.0,0.0,0.0,0.0,0.9999148558572492,0.9962549995984387,0.9813976351034382,0.9754273588783707,0.9596968844922571,0.957251668161781,0.9543263148275878,0.9533701240011043,0.9505467216445029,0.94962638325196,0.946388342006316,0.9453694182311219,0.9420078536351797,0.9406608729663599,0.9390076582935167,0.9366517803863866,0.929359835100586,0.8995344278475229,0.8861303803746954,0.8428832293754619,0.8185584641040173,0.766900470452106,0.7554151401575446,0.7397127964019607,0.7336862778620143,0.7146952183232267,0.7097003457996705,0.6876802672260781,0.682928304225552,0.5460631433059585,0.45841714210799334,0.3343823071584494,0.21261446875081202,0.08800929506392392,0.002297130729287003,0,25774.763861671272,0.5489667565139263,5,0.11320754716981132,1
126,3418,0.0,0.0,0.0,0.0,0.0,0.0,0.0,0.9998339350655159,0.992768426930196,0.9645709427667845,0.9534438388840836,0.9246608190919884,0.9202612596405705,0.9150548520169546,0.9133703519951241,0.9084465092767837,0.9068576116926836,0.901324224006577,0.8996007777639178,0.8939932484476593,0.891774258322969,0.8890827393004141,0.8870580337945114,0.8809583304000078,0.8566221309053226,0.8459451170183888,0.8122370866968008,0.7936550931346563,0.7548713305307089,0.7464054146607287,0.7351020953027713,0.7308724592582301,0.7178612411830356,0.7145206438632637,0.7001743578866417,0.6971635409964845,0.6096671959898676,0.5509998496424309,0.46226503231468924,0.417024418157771,0.34215284563617215,0.15275619601691756,0,2165.905305949541,0.2165318957771788,2,0.11410601976639713,1
127,3105,0.0,0.0,0.0,0.0,0.0,0.0,0.0,0.9992603491484527,0.9679027667674065,0.8492240701004472,0.8052096003369255,0.6985693818148017,0.6831295910713369,0.6650141728313251,0.6591697563653073,0.6421266910452386,0.6366398164228476,0.617607835965889,0.6117066459389642,0.5926036746730031,0.585111011216518,0.5760444471970375,0.5660120327036423,0.5361284864714106,0.4282839157179091,0.38658996011994146,0.2756168485108982,0.22647487888691328,0.14680668322256246,0.1329005782310049,0.11584345129919467,0.10986440256931645,0.09284712679024117,0.08879859250007555,0.07286364231422024,0.0698141228249366,0.018015137291789277,0.006363964404830263,0.0010100909664207181,0.00010958560731094896,1.4243557508206797e-06,2.1519122011492564e-14,0,8676049.031777477,0.8930817610062893,8,0.11500449236298294,1
128,3219,0.0,0.0,0.0,0.0,0.0,0.0,0.0,0.9999280432093804,0.9968236605234853,0.984160855726715,0.9790471683612804,0.9655061681315876,0.9633913068449499,0.9608516074931497,0.9600183954635759,0.9575488885206114,0.9567408919821848,0.9538873967783355,0.9529860937097145,0.9500123204505663,0.9488217321570579,0.9473608757568363,0.9456299095481148,0.9402982040116976,0.9184944900429551,0.9086847577568421,0.8769178596918215,0.8589492924261912,0.8205028569724788,0.8119065839536944,0.8001716302223332,0.7956832719344045,0.7815749642438197,0.7778752932954912,0.7616488299472791,0.758169955796681,0.6553143599950896,0.5855455561273507,0.47933037562871617,0.3506928322976939,0.18987229416463278,0.014916053328596501,0,21111.758219587788,0.5300988319856245,5,0.11590296495956873,1
129,7088,0.0,0.0,0.0,0.0,0.0,0.0,0.0,0.9992562824553408,0.9677312255555282,0.8485305810935551,0.8043190308822035,0.6972140277665327,0.6817183466566092,0.6635400521229949,0.657678633700608,0.640599275446311,0.6351049567018804,0.6160616126446418,0.6101613541439278,0.5910754176091401,0.583594894167592,0.5745493982377903,0.5656699175089748,0.5392059249564415,0.4424733801367713,0.40439904830055196,0.30063464063543716,0.2532447432928593,0.17362254640827463,0.1592556822177974,0.14141873403154304,0.1351068849400104,0.11693213616399867,0.11255706596232729,0.09509833103775693,0.09169809351873988,0.028944280381721844,0.011940965590515853,0.0024955400242554424,0.0003737604536144461,9.122226535448178e-06,1.870839745280584e-12,0,9391429.128266688,0.8957771787960467,8,0.11680143755615453,1
130,1949,0.0,0.0,0.0,0.0,0.0,0.0,0.0,0.9993130686219182,0.9702115789347338,0.8596902536185425,0.8185388889673725,0.7183814496513754,0.7038366934108231,0.686772382575987,0.6812713356504457,0.6652454428677262,0.6600910476151722,0.6422252159411193,0.6366891489542755,0.6187773242692689,0.6117540776854917,0.6032648577791926,0.5942485502051286,0.5672013974741577,0.4675042537525122,0.4279526019666931,0.3197430698554469,0.27004901861761155,0.18605145491673844,0.17081264617771635,0.151818592186245,0.14504792972251448,0.1254262977670334,0.12067381998207749,0.10161475537847567,0.09788562884640646,0.029711548678248243,0.011820193596711116,0.0022908585774030735,0.00027217350115626076,4.223344104830322e-06,1.3295818152610794e-13,0,61813.85498278297,0.6289308176100629,6,0.11769991015274034,1
131,10115,0.0,0.0,0.0,0.0,0.0,0.0,0.0,0.9993053120323825,0.9699245727012047,0.8585836706091913,0.8172182133254609,0.716743123348745,0.7021805303671069,0.6851473502961809,0.6796688022539099,0.6637379938070471,0.6586149415546904,0.6408356863652509,0.6353156765311296,0.6173855989097142,0.6103239915917312,0.6017390720946751,0.5897242205837425,0.5540655729911376,0.4277503587233052,0.37999840094886356,0.25673337135766394,0.20438135156201584,0.12341212749132864,0.10989160839358794,0.09360206622966154,0.08797282756922871,0.07221498334430572,0.0685285531212384,0.05428938384267249,0.051610474034874516,0.010297126870868875,0.002965806166151185,0.0003242476908929519,2.0506023703821525e-05,9.334150978126701e-08,1.8448202958310378e-17,0,924.5859722934982,0.13836477987421386,1,0.11859838274932614,1
132,6992,0.0,0.0,0.0,0.0,0.0,0.0,0.0,0.9990178227139406,0.9578624218285888,0.8070134940551832,0.7530702438146616,0.6269823163117529,0.6093146928823442,0.5888933602326757,0.582393098086725,0.5636876489684932,0.5577444638170878,0.5374026768062915,0.5311788947545285,0.511253238694837,0.5035194271079764,0.4942325163869892,0.4866075991017539,0.46406253447872087,0.3821649903236277,0.35009650728853847,0.2628941605361828,0.22304662835886024,0.15581038424357865,0.14362766952130082,0.12853117707759384,0.12320305404057062,0.10787422109340333,0.10418647001272562,0.08944971141474302,0.08654293645293379,0.03026010533899442,0.013456965957664973,0.0031916466081120883,0.0004006932900028245,6.844011551328863e-06,3.0401493569989677e-13,0,75909.38148893237,0.6477987421383647,6,0.11949685534591195,1
133,10604,0.0,0.0,0.0,0.0,0.0,0.0,0.0,0.9999530840255798,0.9979328690281333,0.9896897057192564,0.9863584678002484,0.9775292271362603,0.9761497015666083,0.9744956969725563,0.9739540719078406,0.9723518861062368,0.9718286833078634,0.9699813280338386,0.969397250141567,0.9674681931773829,0.9666950496173252,0.9657463012499261,0.964710990467061,0.9615333468066491,0.9485244479376198,0.9426569619779936,0.9235288098424048,0.9125984458042989,0.888909585382979,0.8835505404212517,0.8761859691704875,0.8733501045797856,0.8643697078192466,0.8619929512515305,0.8514582789636286,0.8491761539109975,0.7792915330274692,0.7290626248850518,0.6472530026749782,0.5446644339818099,0.38877865880057527,0.09700100761300749,0,3033.231953041587,0.2578616352201258,2,0.12039532794249776,1
134,8494,0.0,0.0,0.0,0.0,0.0,0.0,0.0,0.9993073014379278,0.9700239040794462,0.8590687911064552,0.8178426480128101,0.7174997947713652,0.7029188494167788,0.6858182727208454,0.6803089438619895,0.6642686053193771,0.6591126532716559,0.6412519226709001,0.6357206660075034,0.6178345652425922,0.6108204152556994,0.6023384846520936,0.5916781703440855,0.5599827044021088,0.44594188780750244,0.40194708636927634,0.2849286396837339,0.2332127628782173,0.1496811291427307,0.13515402357636036,0.11734839402002432,0.11110909493307647,0.09337059509588826,0.08915565919285677,0.07259945579244659,0.06943591303060444,0.016849314535678193,0.005658192496887383,0.0008161404836519206,6.427052668047516e-05,4.468493669970491e-07,5.042147222333616e-16,0,7836.44404120378,0.3998203054806828,3,0.12129380053908356,1
135,3802,0.0,0.0,0.0,0.0,0.0,0.0,0.0,0.9992171892347277,0.965853083002481,0.8395275822290488,0.7927670672258882,0.6799044985574796,0.6636141593829964,0.6444558143667437,0.6382599093506235,0.6201535280664208,0.6143121637703814,0.594014797141361,0.587710821104733,0.5672740635643012,0.5592484795960546,0.5495167113874682,0.5359822687529457,0.4962346755055296,0.3605715500151291,0.3115988113482195,0.19220902657712083,0.14516299746230843,0.07805620779883408,0.06768372483983005,0.05558433469946072,0.051514849059933726,0.04045731779728531,0.03794712737028927,0.028555366736721845,0.026846734461428684,0.00376711638065681,0.0008277305419649644,5.603752783537433e-05,1.7840779631939839e-06,2.095262030487427e-09,1.4290337707759316e-21,0,5645.1991113819195,0.35399820305480684,3,0.12219227313566937,1
136,7672,0.0,0.0,0.0,0.0,0.0,0.0,0.0,0.99903493404047,0.9583043647303155,0.8078892080841432,0.7537136546857608,0.6263290425687178,0.6083768833521893,0.5874954349063507,0.580806214382733,0.5614211138942132,0.5552161092806052,0.5338286563676495,0.5272401018500997,0.5060528831666931,0.497801034663417,0.4878621045130622,0.4738283212397422,0.4328864598794665,0.2976389943661344,0.25083391650460685,0.14244600789118964,0.10255898772098943,0.049646427905751356,0.04202735881361198,0.033393848155622026,0.03055922624063918,0.023057323048641745,0.02139948421907583,0.015369427663724806,0.014304713991971266,0.0014587736993008926,0.00025094740995735534,1.1028255482437122e-05,2.2657430691501372e-07,1.1389158022902033e-10,2.388753361541776e-24,0,850532.1747188644,0.7924528301886792,7,0.12309074573225516,1
137,1082,0.0,0.0,0.0,0.0,0.0,0.0,0.0,0.9998959093009158,0.9954693963143949,0.9777176439941506,0.9706721051974987,0.9523355125950468,0.9495190487091029,0.9461856392131646,0.9451075920253107,0.9419579081766584,0.9409420137948253,0.9374053379786166,0.9363041310138579,0.9327223287141705,0.9313086731095102,0.9295995419292998,0.9282668816135903,0.9242022187023052,0.9077020580117279,0.9003268988239445,0.8765602122460942,0.8631466823615276,0.8344047879457266,0.8279765820876601,0.8192341816730747,0.815904991790543,0.8054803905551706,0.8027565256861815,0.7908505184956008,0.7883069284040373,0.7119901489766586,0.658547805307665,0.5738407026193477,0.48502990115837513,0.3494870975378746,0.09015245151683061,0,inf,0.9856244384546271,9,0.12398921832884097,1
138,8948,0.0,0.0,0.0,0.0,0.0,0.0,0.0,0.999219735484961,0.9661381336192736,0.8414543770200804,0.7954592418793216,0.6846346171221452,0.6686771371301703,0.6499903933140903,0.643974617254959,0.6264768638718892,0.6208579725994102,0.6014187075326828,0.5954100594401321,0.576018818753317,0.568436764172521,0.5592870253270542,0.5475371397072053,0.5126823676589035,0.39008300701090903,0.34416731073819157,0.22715020270180686,0.1783185550354806,0.10430385859262278,0.09218834603394661,0.07772207218193543,0.07276143984159578,0.0589927184828514,0.05579904586599818,0.043574524597828554,0.04129645205193934,0.007473246092827993,0.0019976050134722597,0.0001914780926399472,9.765333736638811e-06,2.8990806162833457e-08,9.535307118542787e-19,0,3510.8765986258168,0.2848158131176999,2,0.12488769092542677,1
139,7390,0.0,0.0,0.0,0.0,0.0,0.0,0.0,0.9992749094859483,0.9686004090440911,0.8526412547286151,0.8096850916375924,0.7056753875573569,0.690640180008159,0.6730547934254325,0.6673996693017792,0.6509469640788946,0.6456623392226506,0.6273707350206695,0.6217104542378998,0.6033980762605137,0.5962155152210978,0.5875281150785446,0.5749221839650978,0.537408986565238,0.4056116059650656,0.35640657606576626,0.2317500657570585,0.18021892121520272,0.10305535284474165,0.09056901047463918,0.07569741153974938,0.07060636623484051,0.056557617800540666,0.05332281657068422,0.04104030136414405,0.03877106941165041,0.00633382740159051,0.001563322825590051,0.00012988610433244338,5.687642866465323e-06,1.2543027205389235e-08,1.2062932438545225e-19,0,3190.7040832531625,0.26774483378256964,2,0.12578616352201258,1
140,1042,0.0,0.0,0.0,0.0,0.0,0.0,0.0,0.9991821602147265,0.9648043935259597,0.836762207501973,0.7900932087109462,0.6788462315929813,0.6629907256462734,0.6445940000927378,0.638718206139264,0.6217526007919809,0.6163440664305052,0.597762885303608,0.5920560069595319,0.5737515793455886,0.5666371481159205,0.5581056576175722,0.5484978142573873,0.5196865644702108,0.41505510920902333,0.37432007720767707,0.26544765971125756,0.21716608330432233,0.1390233459543731,0.1254115198892604,0.10869272810972629,0.10282198724323091,0.08610897377611139,0.08213313893187739,0.06651223891026896,0.06352136012422335,0.014587499660390352,0.004662951738409643,0.0006087592510092057,3.927136026428079e-05,1.8518450073898832e-07,4.205700811265543e-17,0,27568626.061060082,0.9398023360287511,9,0.12668463611859837,1
141,6412,0.0,0.0,0.0,0.0,0.0,0.0,0.0,0.9998374360380615,0.9928161233080901,0.9643742270506954,0.9529839848212839,0.9230969181823738,0.9184687250447675,0.9129201870281312,0.9111014389456867,0.9057158027145973,0.9039548598421515,0.8977325230598202,0.895766199854314,0.8892760918077512,0.886677297022332,0.8834868952636095,0.8805639337694842,0.8717097407734113,0.8363978629354653,0.8209351995771788,0.7723764309042275,0.7458287424974636,0.6910294410778807,0.6791678101290874,0.6633203424267679,0.6573782126999309,0.6390787415950915,0.6343734410692241,0.614140089213246,0.6098872394344503,0.49022662405193174,0.4150693817133092,0.3099566359053813,0.23463147981688903,0.13673224770191025,0.01483068775429844,0,41.30285714285715,0.008086253369272238,0,0.1275831087151842,1
142,1726,0.0,0.0,0.0,0.0,0.0,0.0,0.0,0.9998553987129223,0.9937149570189486,0.9692099087808406,0.9595368899489874,0.9344992210158989,0.930664122883082,0.9261240173078924,0.9246548465258523,0.9203597658072176,0.9189735634593731,0.9141447413477375,0.9126399234358022,0.9077412765951026,0.9058064329202753,0.9034644765580335,0.9020328776618866,0.8977155584379619,0.8804053627611311,0.8727664698897994,0.8484630350921792,0.8349388912797729,0.8064055131554326,0.8001203326243126,0.7916975901347502,0.7885368299714874,0.7787818839370838,0.776269523728484,0.7654427667460684,0.7631622462451354,0.6954347279687446,0.6483061681641243,0.5738363012302343,0.5219515788326996,0.43421553661652373,0.20347764562633025,0,2880.541119028953,0.25067385444743934,2,0.12848158131176998,1
143,154,0.0,0.0,0.0,0.0,0.0,0.0,0.0,0.99923838812195,0.9670248471512422,0.8456150196523966,0.800813060129402,0.6927797088478875,0.6772173686432339,0.6590230543258817,0.6531758531418477,0.6361927325612668,0.6307467961498326,0.6119126799027712,0.6060833145450033,0.5872455970177213,0.579869584697313,0.5709587919121465,0.5625305902483835,0.5374726979266391,0.44567140109590325,0.4093462372902851,0.3091468432817462,0.26271373229900663,0.18349750610489554,0.16900347109009942,0.1508867023141825,0.14443874469332216,0.12576103163182067,0.12123848682186689,0.10308488769093054,0.09952826425785732,0.032660935681994574,0.013858288462695881,0.00303440246689356,0.000469584142605306,1.2218344204691351e-05,3.2675100397157435e-12,0,194559.66336130165,0.7259658580413297,7,0.1293800539083558,1
144,9712,0.0,0.0,0.0,0.0,0.0,0.0,0.0,0.9992412788416554,0.9671620469139598,0.8463140279413404,0.8017215177832172,0.694089172267985,0.6785603432313175,0.6603514863285861,0.6544808926482765,0.6373767291998703,0.6318750506591293,0.6128085837023073,0.60690192429712,0.5877978140847178,0.5803112432636671,0.5712592592812956,0.5625419193581215,0.5364472362000478,0.4408722086628504,0.4032101054930527,0.3003256424141577,0.25317719148229534,0.17373440417347932,0.15936354578491424,0.14148673789416447,0.1351490720264268,0.11687178022087837,0.11246558946991816,0.09486369077568213,0.09143225591954846,0.02839987549380823,0.011551432238554836,0.0023467573792984716,0.0003281327240372862,7.001461903249202e-06,8.223042850347994e-13,0,20889123.00492271,0.9281221922731356,9,0.1302785265049416,1
145,10076,0.0,0.0,0.0,0.0,0.0,0.0,0.0,0.9992997876701195,0.9696134561702447,0.8569108583484507,0.8149185124502815,0.7126847608856326,0.6978313880803937,0.6803892925778949,0.6747578684905021,0.6583276854027151,0.6530354554156547,0.6346734481677133,0.6289783398540997,0.6105360130667392,0.6032990984026658,0.5945422195713308,0.5838393515748331,0.551897228987693,0.43685433783256633,0.39248261736531376,0.2751009892638939,0.22366714576315258,0.1414025648255831,0.1272386784087711,0.10999074819225065,0.10398075031853037,0.08698891368830085,0.08297329331430262,0.0672813020792557,0.06429208388219007,0.01516565437397517,0.00497226894707468,0.0006846126329614975,5.485032484768213e-05,3.953127009529012e-07,5.226006542945005e-16,0,6370.272495726402,0.3737646001796945,3,0.13117699910152741,1
146,3229,0.0,0.0,0.0,0.0,0.0,0.0,0.0,0.9998080727402537,0.9914983313051587,0.9578376879987527,0.9443682515286337,0.9090662771241295,0.9036344854978917,0.8971387410826628,0.89501386853191,0.8887342702552922,0.8866855504734005,0.8794742477717542,0.8772060228020884,0.8697422428547001,0.8667613826787989,0.8631103080387482,0.8592072545104457,0.8473222574542129,0.8000164567154866,0.7793801973997749,0.7150974941403275,0.6803729326311239,0.6098046143001842,0.5948050543885097,0.574902941661692,0.567479148087373,0.5447590053938944,0.538952722446475,0.5141781589696809,0.5090110999310821,0.37042624617243414,0.2906732965554218,0.18985810613520357,0.13091491458789342,0.06389425827306726,0.0033919573929928385,0,2314.7662425839953,0.22371967654986524,2,0.1320754716981132,1
147,7635,0.0,0.0,0.0,0.0,0.0,0.0,0.0,0.9992423628637008,0.9671809453866766,0.8462968035178146,0.8016683524224875,0.6938921124297028,0.6783282496567169,0.6600741791080095,0.6541893142049444,0.637044437617893,0.6315299416030695,0.6124201267821242,0.6065003811576153,0.5873550872807751,0.5798528594605223,0.5707823164415076,0.5621549477069657,0.5363768302266864,0.44191847336220597,0.404627386697062,0.3026116439602045,0.25579501969472146,0.17671344900143626,0.16237390119079156,0.14453413492024478,0.13821066585379257,0.11996802731507193,0.11556836534394799,0.09797559448973087,0.09453766193146262,0.030429434499575577,0.012720884157298272,0.002712938394305604,0.0004070489885461903,9.96954482603203e-06,2.07453530856685e-12,0,27716266.908827618,0.9407008086253369,9,0.132973944294699,1
148,8561,0.0,0.0,0.0,0.0,0.0,0.0,0.0,0.9992447997055165,0.9672322700842771,0.846328615741847,0.8016193387678101,0.6935997567050046,0.6780104480499541,0.6597404562882196,0.653848834961128,0.6366738276204538,0.6311463088287708,0.6119621443098249,0.6059719325178984,0.5864492550652769,0.5787411125193093,0.5693505209869801,0.5561073512079374,0.5170063409108571,0.3818747219653374,0.3323710895080411,0.20966915112361445,0.16031316681082336,0.08844609204527844,0.07711798935286882,0.06378089249421784,0.059259538798415536,0.046881110161629644,0.0440538986731074,0.03341184587541298,0.0314638099327266,0.004644189365879718,0.0010617458026799323,7.721563198830042e-05,3.087747166006469e-06,5.771558905752774e-09,2.940264260459681e-20,0,1147.0679737972273,0.15274034141958673,1,0.13387241689128482,1
149,7514,0.0,0.0,0.0,0.0,0.0,0.0,0.0,0.999292646687439,0.9694057958261938,0.856371632368689,0.8144676217178417,0.7128982027412955,0.6982048993280765,0.6810287670117647,0.6755111320015392,0.6594742340466745,0.6543240535469723,0.6364899863647976,0.6309587160500472,0.6130397882837564,0.6060043307918705,0.5974885253798268,0.5860925501547474,0.5521783695657159,0.4311160609570507,0.3848653260939854,0.26401449601886845,0.2119306831184075,0.13016424961176462,0.11629535803771415,0.09944740816222707,0.09358457978128314,0.07706613115334379,0.07317751085331022,0.058100226881268875,0.05525905188788647,0.011185901776235888,0.0032570623412513664,0.0003628609946227188,2.1434706709030107e-05,8.494642226169796e-08,9.318526788069069e-18,0,2258.3118665010575,0.22192273135669363,2,0.1347708894878706,1
150,2992,0.0,0.0,0.0,0.0,0.0,0.0,0.0,0.9991991247640993,0.965284409110259,0.8378273722449958,0.790966900768199,0.6784294758139576,0.6622627745544393,0.6433406254272883,0.6372516168824253,0.6195493855470636,0.6138562448735191,0.5941077850282444,0.5879813643055263,0.5681288268383274,0.5603315709239934,0.5508722944770397,0.5369077777977245,0.49578188592259465,0.3557970479360117,0.3055245358151988,0.18412140670037908,0.13706016870485727,0.07136371460827517,0.061420506101405065,0.04991924414452089,0.04607969931464995,0.03573335820767777,0.033404414590732734,0.024768297384618505,0.023211474713839348,0.002941805814075777,0.0005978400872104167,3.5260008338251115e-05,9.776788057831422e-07,8.851778188187894e-10,2.150228341385898e-22,0,1213.6927804157608,0.15723270440251574,1,0.13566936208445643,1
151,3230,0.0,0.0,0.0,0.0,0.0,0.0,0.0,0.9998993840502992,0.9955756642671008,0.9780518718447884,0.9710231815193439,0.9524846196377346,0.9495983905176313,0.9461358112065245,0.9450007066483327,0.9416392077435957,0.9405402621152735,0.9366627412006073,0.9354391126914752,0.9314056562461638,0.9297924273766026,0.9278124295813683,0.9254923129619553,0.9183354220134571,0.8891570743960384,0.8760852290798425,0.8340326695922056,0.8104500755749362,0.7604997556955954,0.7494241122298217,0.7343383403503141,0.7285759117351648,0.7106009978596762,0.7059359166088539,0.6857016994302112,0.681412026411094,0.5587082148360485,0.4797890100017067,0.3666418894378275,0.2731483734368429,0.1540952777097912,0.014452360553953571,0,993.0882924392679,0.14195867026055706,1,0.13656783468104222,1
152,2598,0.0,0.0,0.0,0.0,0.0,0.0,0.0,0.9993259101780045,0.9707584663378227,0.8621083134988321,0.8215862780361926,0.7227924289657532,0.7084248299651771,0.6915848411666045,0.6861634946935169,0.670363337816042,0.6652751407193743,0.6476163207307052,0.6421374206414386,0.6243882468337977,0.617416645859562,0.6089647658480662,0.5991696124860884,0.5700512838375393,0.4642608110168751,0.42291142925477493,0.3111322713679212,0.260578919702194,0.17649871168617848,0.16146705992327687,0.1428890341438415,0.13634039509800222,0.11755831563872639,0.11305455634188857,0.09515115277028713,0.09167776711919912,0.028284283232154463,0.011487703672427692,0.0023470132252364443,0.0003505172138311254,8.493370339076986e-06,1.683618872406958e-12,0,113541.36033337626,0.6891284815813118,6,0.13746630727762804,1
153,1956,0.0,0.0,0.0,0.0,0.0,0.0,0.0,0.9991505780081944,0.9634121269736451,0.8304172435096295,0.7820215738051165,0.6669042385890365,0.6505191423150593,0.6314402055328523,0.6253293863706398,0.6076386712200547,0.6019842781136535,0.5825124375240536,0.576518324749222,0.5572514410521561,0.5497482166310055,0.5407273589192292,0.5317357162199239,0.504828423962885,0.4068743862695788,0.3685886916482183,0.26556586252586745,0.21941194260926622,0.14374826040689273,0.13040664452495157,0.11395571662595963,0.1081515507592014,0.09153135234373377,0.08755415176680148,0.0718295110906319,0.0687985544606155,0.01736791624641981,0.005983742440185053,0.0008954953092685025,7.349012638918375e-05,5.562120445322993e-07,9.080855657243352e-16,0,5251.68030570024,0.34321653189577717,3,0.13836477987421383,1
154,4349,0.0,0.0,0.0,0.0,0.0,0.0,0.0,0.9993786254956586,0.9730031855053409,0.8720775251456485,0.8341732951540363,0.7410822601183547,0.7274509544670521,0.7114299094647403,0.7062600843816236,0.6911703111536682,0.6863077540917256,0.6694175125873728,0.6641720204636908,0.6471435554454675,0.6404430254995209,0.6323207339409178,0.6230519201423559,0.5952148347810211,0.4924172503474685,0.45151403367784215,0.33879442805870885,0.28665156825611066,0.19793468583683244,0.18174539858503413,0.1614886521496931,0.15427240037524026,0.13345650214830224,0.12843715724315433,0.10838076980261144,0.10446963526496374,0.03250430360233666,0.013225997318724191,0.0026844521198299614,0.0004142745020246544,1.0771748052533072e-05,2.929405786089621e-12,0,9644.751039953218,0.43216531895777177,4,0.13926325247079965,1
155,6097,0.0,0.0,0.0,0.0,0.0,0.0,0.0,0.999262542700265,0.9681126537913255,0.8506438230819443,0.8072459874558179,0.7024340517005073,0.6873184756179954,0.6696682759816223,0.6640044675218938,0.6475781854323694,0.6423184634270174,0.6241682147801314,0.6185688637492145,0.6005307256468319,0.5934875160126601,0.5849985453492293,0.5764957366298316,0.5510108151536731,0.45696784912019345,0.41955111070625845,0.31633596551681287,0.2685229268693237,0.18702386045442912,0.17212457467694411,0.15350751593247366,0.14689242663359214,0.12776164711906934,0.12313671534695411,0.10459993308558616,0.10097362935359769,0.03298820012175926,0.013960317489499623,0.0030467454334345005,0.00044010718924507265,9.98734008637572e-06,1.501454857073717e-12,0,1000.407799390675,0.14375561545372867,1,0.14016172506738545,1
156,4593,0.0,0.0,0.0,0.0,0.0,0.0,0.0,0.9992426525434813,0.9673115308408636,0.8473003516361702,0.8031228844117263,0.696796766710138,0.681509571011336,0.6636368983530134,0.6578939499897709,0.6412161656713798,0.6358689343965894,0.6173943227894297,0.6116878502733132,0.5932080682270201,0.5859515828986344,0.5771632314609981,0.5655550834480884,0.5309405794545049,0.40803739013122453,0.3615718339368915,0.24189109650493204,0.19130117378456063,0.11362475592409658,0.10074890073793043,0.08526344951309786,0.0799207693890165,0.06501505929292849,0.06154032664016178,0.04818090692128285,0.04568161416234611,0.00834704521434259,0.0022409162096309865,0.00021527912909452624,1.1025872252619381e-05,3.320034428648918e-08,1.1792583730976705e-18,0,41002.672470706486,0.5893980233602875,5,0.14106019766397124,1
157,1116,0.0,0.0,0.0,0.0,0.0,0.0,0.0,0.9991831641309064,0.964886798558783,0.8371182372346104,0.790536658634367,0.6794686554330576,0.6636349779346601,0.6452620611441805,0.639399803687911,0.6224917281493639,0.6171060752902505,0.5985755485267137,0.5928714159482102,0.57453176539849,0.5673691206024071,0.5587358482227489,0.5489184406201407,0.5194934638965136,0.41287620949034776,0.37149346877026396,0.26140381514102473,0.21289678390447964,0.13494406846661272,0.12145502498343941,0.10493435999790085,0.09914695654651785,0.08271457059251833,0.07881581044096171,0.06354115522810701,0.060625238248354175,0.013502123322619214,0.004215507900149232,0.0005292296271820387,3.481781658179144e-05,1.7061037524912128e-07,4.5436231616366466e-17,0,21955645.599475503,0.9326145552560646,9,0.14195867026055706,1
158,3971,0.0,0.0,0.0,0.0,0.0,0.0,0.0,0.999166342340843,0.9641054474892296,0.8333397254432704,0.7856363124222995,0.6717847358338069,0.6555239679050622,0.6365820560809717,0.6305133241008668,0.6129394104227156,0.6073207439689837,0.5879658318576052,0.5820057788552052,0.5628420332701588,0.5553763083320182,0.5463985097594017,0.5382159473997004,0.5137098900525038,0.4235149876706851,0.38775569228402296,0.2896091283462738,0.24438079434478774,0.16777014929295406,0.1538469323347329,0.13645833422651343,0.13027028576929844,0.11236986065502809,0.10804213207235605,0.09071998825018576,0.08733620327230265,0.025980402934495484,0.01017385051221044,0.0019163069735794835,0.00022206912278482712,3.3010344074964284e-06,8.867925313768678e-14,0,29359824.782739356,0.9451931716082659,9,0.14285714285714285,1
159,1475,0.0,0.0,0.0,0.0,0.0,0.0,0.0,0.9998173653996261,0.991989729105268,0.9605734130525783,0.9481102473984995,0.9157114344830263,0.9107328287452994,0.9048001132361624,0.9028661698299331,0.897159410474577,0.8952984259660737,0.8887375550333837,0.8866685695686973,0.8798505956279858,0.8771249597915967,0.8737834754460005,0.8688714554135395,0.8537267956447684,0.7931771080427967,0.7667261069526171,0.6846451510731141,0.640673548169134,0.5524400518242331,0.5337626565373644,0.508766056607931,0.4993473628316317,0.47030098044646185,0.46282079329647474,0.43074344001736375,0.42402225759021717,0.25586608897502494,0.1726455130308452,0.08525700302493766,0.03930051257049711,0.008725871399042646,1.7636698360319604e-05,0,15376.51187939859,0.49056603773584906,4,0.14375561545372867,1
160,7652,0.0,0.0,0.0,0.0,0.0,0.0,0.0,0.999669584522578,0.9857138109971307,0.9311854633802339,0.9101673881313291,0.8570871718100049,0.849142915823192,0.8398429551610457,0.836862204629895,0.828229346317438,0.8254689796530478,0.8159460100169263,0.8130079307360144,0.8035388498209686,0.7998370542878737,0.7953947316158702,0.7931468765054618,0.7864193004697139,0.7598312490911114,0.7482833168469877,0.7122320869425294,0.6926008807623532,0.6521523402023351,0.6434254808598283,0.6318668708727965,0.6275755753559088,0.6145061924117486,0.6111836431239176,0.5970551396610672,0.594118296541833,0.5101255287265956,0.4550615665936526,0.37365015327621715,0.3353182718772038,0.27237227984661655,0.11676236786186014,0,inf,0.9865229110512129,9,0.14465408805031446,1
161,7624,0.0,0.0,0.0,0.0,0.0,0.0,0.0,0.9998704100290768,0.994317398722378,0.9718988397107686,0.9629455886231477,0.9395072279062058,0.9358840470482241,0.9315586755947934,0.9301473233351539,0.9259870533134379,0.9246332418537856,0.919878719766471,0.9183853481516963,0.9134857461896798,0.9115353377705335,0.9091560825041592,0.9066390582902207,0.898913636411479,0.8676198845845197,0.8536946889126694,0.8092231664485443,0.7844788299745862,0.7324921672495435,0.7210514298041585,0.705550624551791,0.6996507075380667,0.6812102593108706,0.6764349388804759,0.6558462225413185,0.6515073038414563,0.5286395039694108,0.4506959049302624,0.3405020717924036,0.26612273568679334,0.1653765320993544,0.023658602840284256,0,462.3368377118377,0.0862533692722372,0,0.14555256064690028,1
162,9658,0.0,0.0,0.0,0.0,0.0,0.0,0.0,0.9993092105383694,0.9700390022179405,0.8588973006124189,0.8175260145994396,0.7168428664567157,0.7022204398462896,0.685081721293895,0.6795550012006075,0.6634080571569022,0.6581999296729629,0.6400982486855306,0.6344738777232225,0.616228685245249,0.6090564546313204,0.6003486768292973,0.5865631141417937,0.5457549258979825,0.40419627177700174,0.35213408844385186,0.22263005130088173,0.17035011340107054,0.09402463292431952,0.0819987366697837,0.0678571732948386,0.06307038999037555,0.0499805546037751,0.046989797683706105,0.035724978929613085,0.033661339262438215,0.00506480216197958,0.0011740001459314838,8.734406716344974e-05,3.1527091104276412e-06,4.775136312688282e-09,9.753705568624865e-21,0,1654.9130658836937,0.18688230008984727,1,0.14645103324348607,1
163,9198,0.0,0.0,0.0,0.0,0.0,0.0,0.0,0.9997946665020858,0.9910183176352282,0.9559576102266236,0.9421173398081294,0.9063174832663342,0.9008411220524142,0.8943340944975516,0.892219420521508,0.8860119652748054,0.8840004680194773,0.8769670572292421,0.8747676433901764,0.8675836294074962,0.8647369345285036,0.8612776034821248,0.8585574894857623,0.8503387479610446,0.8176206776238288,0.8033159195302093,0.7584331015054631,0.7339027810014008,0.6832518144681081,0.672289369244127,0.6576685979375626,0.6521972503418051,0.6353769518482509,0.6310603086648356,0.6125423898681762,0.6086592867548619,0.4987839248756463,0.4288362438005558,0.3293111796921854,0.2791576099595132,0.20353447820526654,0.05651422371991691,0,inf,0.97214734950584,9,0.14734950584007186,1
164,928,0.0,0.0,0.0,0.0,0.0,0.0,0.0,0.9992136539099906,0.9660397343667501,0.841611017070385,0.7959277370171277,0.686295572072354,0.6705723299982623,0.6522442727086301,0.6463705719562025,0.629356924854869,0.6239159269459541,0.605165529692416,0.5993874643169864,0.5807749028595205,0.5735037466925124,0.5647402038515179,0.5563311939844418,0.5310764849061256,0.43786101077386413,0.4008052215782254,0.29890478722459235,0.25196083734566416,0.17256844808561564,0.1581689143906062,0.14020365647698818,0.13380499995340553,0.11528437358380587,0.1108042922760989,0.0928680649885893,0.0893651217120733,0.026188529081591406,0.01012890766573607,0.0018635204239150288,0.0002029738539109625,2.6764627399340645e-06,4.3993446126949134e-14,0,76505.29177035218,0.6495956873315364,6,0.14824797843665768,1
165,9181,0.0,0.0,0.0,0.0,0.0,0.0,0.0,0.9997665767260181,0.9897795376568558,0.9499417343326392,0.934246311942376,0.8937368529154882,0.8875502820917913,0.8801947808579128,0.8778012993883733,0.8707633343585479,0.8684786700095954,0.8604767222105683,0.8579681769135662,0.8497510730086536,0.8464791420111217,0.8424771163658854,0.8374620909020759,0.822071164178804,0.7609156683102982,0.7343552711752495,0.652460838599632,0.6089077202744502,0.5222116307136113,0.5039928054194821,0.47972617593736844,0.47061942334150836,0.44264751658265383,0.4354723656257587,0.4048208400263706,0.39841891638027593,0.23909664003798875,0.16094779141567603,0.07941337331483952,0.0319247364503388,0.005411424685567994,3.550156406840562e-06,0,30474.755991524977,0.5669362084456424,5,0.14914645103324348,1
166,7424,0.0,0.0,0.0,0.0,0.0,0.0,0.0,0.9992524188292707,0.9676720732922155,0.8486771910219477,0.8047601744179101,0.6988100785546406,0.683544388325358,0.6657198676199226,0.6599877621892603,0.6433249375960401,0.637977827600444,0.6194877654554951,0.6137719662897639,0.5953227786521952,0.5881067755605518,0.5794016123616761,0.5697898172013561,0.5411548716583718,0.4372515942575788,0.39674498639120587,0.2878178501423544,0.23895771819579228,0.15855924333275861,0.14432952102140276,0.1267731367603367,0.12058759911265104,0.10287929616844875,0.0986405923413212,0.0818459716872691,0.07860011091306844,0.021717126314817103,0.008056865294168089,0.0013825371179005666,0.00013489241833189103,1.4258634030660388e-06,9.140120227513045e-15,0,5130.591671549442,0.33782569631626236,3,0.1500449236298293,1
167,825,0.0,0.0,0.0,0.0,0.0,0.0,0.0,0.9992212506244751,0.9662450195005324,0.8420752267197245,0.7963100521937345,0.6859153022004997,0.6700032642657295,0.6513569798198441,0.6453494564802043,0.6278579643221747,0.6222354300870355,0.6027644783483737,0.5967371036805196,0.5772577824268776,0.569630625436409,0.560413608302889,0.5515894488802066,0.5252365078642136,0.4291568820136409,0.3914586028414362,0.28913502651309936,0.24264653874239098,0.16487075636679144,0.15089080055558554,0.13354679414051823,0.12741146232194103,0.10976126211676016,0.10551667749790887,0.08860568674567088,0.08531808741118908,0.025699959575156882,0.01020937812148952,0.0019891493437287277,0.0002550135098437695,4.592048674014015e-06,2.667990623992614e-13,0,39663125.750608884,0.9505840071877808,9,0.1509433962264151,1
168,1615,0.0,0.0,0.0,0.0,0.0,0.0,0.0,0.9999398702558865,0.997370765609105,0.9869805603302056,0.9828193926702385,0.9718905272122929,0.9701992378459258,0.9681889615238178,0.967535931666716,0.9656041511612204,0.9649733004888748,0.9627495497863832,0.9620484538773463,0.9597394687790777,0.9588166890027874,0.9576861893554988,0.956444873775183,0.9526283960472385,0.9370072903522436,0.9299686931744511,0.9070545116922208,0.8940041187557078,0.8658318588178437,0.8594758463986082,0.8507600293453678,0.8474138610246634,0.8368503116836735,0.8340652270207041,0.8217830237605432,0.8191357322527919,0.7390475033011377,0.6825411355787808,0.5924272018106249,0.4904992754216631,0.3397622830446391,0.07471869160097575,0,4844.934577885525,0.32884097035040427,3,0.1518418688230009,1
169,1604,0.0,0.0,0.0,0.0,0.0,0.0,0.0,0.9999488543457096,0.9977675860202508,0.9889549814284684,0.9854272259781661,0.9761310808066516,0.9746868892329646,0.9729648719594199,0.9724040620597246,0.9707541901351585,0.9702183574888031,0.9683398451279085,0.96775079181113,0.9658149860814932,0.9650386923568046,0.9640855302388541,0.9629507888808264,0.9594473066218296,0.9450214802954362,0.9384773677956169,0.917065934028386,0.9048074415198724,0.8782019972591397,0.8721781694923751,0.8638968989994374,0.8607098735725927,0.8506246371059696,0.8479616712437027,0.8361997701059467,0.8336606961133974,0.7565405371489269,0.7017921342965532,0.6138651751599496,0.5145701277856826,0.36510787270098227,0.0886619137825865,0,4575.5160393555125,0.32255166217430364,3,0.1527403414195867,1
170,3231,0.0,0.0,0.0,0.0,0.0,0.0,0.0,0.9999144960042128,0.9962392010999752,0.9813197528568066,0.9753247963765772,0.959530036708517,0.9570749252921753,0.9541377696609983,0.9531777291448906,0.9503429833662442,0.9494189551369134,0.9461679622021816,0.9451449783326106,0.9417734491438456,0.9404225286885015,0.9387634070453288,0.9366419998382401,0.9300857661163497,0.9032688098843006,0.8912115705978045,0.8522556289585301,0.8303013809137543,0.7835442995298117,0.7731047499863243,0.7587669043093779,0.7532438110071528,0.735771111531852,0.7311579172042241,0.7108093269057664,0.706422676546203,0.5789161056331417,0.49563174405462307,0.3746657725571115,0.2553920918265275,0.12099754387092208,0.005514012567392885,0,293423.63519911433,0.7439353099730458,7,0.15363881401617252,1
171,728,0.0,0.0,0.0,0.0,0.0,0.0,0.0,0.9992188147660539,0.9662046448710916,0.8421304284651978,0.7964886422150345,0.6867686319136236,0.6710068956258035,0.6525773076772223,0.6466445438999188,0.6293847137046296,0.623841086299088,0.6046575123855022,0.5987233337973387,0.5795580249719293,0.5720584814577531,0.5630026702684164,0.5539278640547827,0.5268998433167209,0.42856185277014075,0.39008257071182556,0.2860369510855463,0.2390039873528852,0.16090806261468862,0.14696909685789622,0.12973560976310597,0.12365742483876602,0.10622442015217783,0.10204448367452465,0.08543979115920611,0.08222125773006386,0.024343101503328874,0.009553060706080667,0.001824952636167463,0.00024140355195950496,4.6214140114450375e-06,3.4612495388931314e-13,0,81253.7203622148,0.655884995507637,6,0.1545372866127583,1
172,1428,0.0,0.0,0.0,0.0,0.0,0.0,0.0,0.9995084836155952,0.9786402458444508,0.8978438320256309,0.8670553065320938,0.7902895885092427,0.7789092874479986,0.7655103379227605,0.7611845068065574,0.748564592830364,0.7444999537325584,0.7303833863251071,0.7259996193552025,0.7117824323782733,0.7061883701424667,0.6994097074074227,0.6927833889672893,0.6727646362059643,0.5961694613281188,0.5642931207673811,0.47077096640312815,0.42386278912083547,0.33635060791447724,0.31899417557931325,0.296550898242287,0.2883389122927347,0.26378176954259536,0.2576456497496651,0.2321085974840461,0.22690998221655853,0.11037030662917091,0.06330171792236099,0.023581129143782825,0.006544869752089838,0.000533880805655868,1.634681473759956e-08,0,923684.6078230116,0.7996406109613656,7,0.1554357592093441,1
173,7596,0.0,0.0,0.0,0.0,0.0,0.0,0.0,0.99930988012375,0.970082138919839,0.8591421163755926,0.817859149651044,0.7174301550164098,0.7028483067021555,0.685752608693815,0.6802467420995332,0.6642218597444313,0.6590725873968483,0.6412407286679414,0.6357201676804571,0.6178741367469092,0.6108827253704321,0.6024393026378648,0.5906909282544076,0.5556464617681753,0.4306698356067886,0.3830957022490705,0.25967374153880707,0.20706924285430628,0.1254377848594883,0.1117750696680737,0.09530022418439787,0.08960475197346397,0.07365303562459419,0.06991917187502558,0.05548671216516279,0.05276934096960837,0.010665662081139487,0.003104066560473659,0.0003459393466701034,2.0296602435767887e-05,7.897270030523078e-08,7.861090304765597e-18,0,87698.665702339,0.6630727762803235,6,0.15633423180592992,1
174,9622,0.0,0.0,0.0,0.0,0.0,0.0,0.0,0.9992711700795245,0.9682981610488978,0.8507815156119227,0.8071114741258032,0.7011114193930419,0.6857487223763881,0.6677109676734797,0.6618904565797242,0.6449177782455221,0.6394537728718658,0.6204969120715633,0.6146091399749466,0.5955184069846265,0.5880183434955866,0.578928654068555,0.5670136759444703,0.5317685846093432,0.4077062348816661,0.36113994284615575,0.241857500029404,0.19165162889132814,0.11458506447905749,0.1017986242543587,0.08643638645432092,0.08114149210770066,0.06636112343186129,0.06291305236478605,0.04963320240478562,0.047142315755476775,0.009150482658315548,0.002581517887571909,0.0002722827069015491,1.5352560498214327e-05,5.563580599156467e-08,4.2386345494746404e-18,0,33043.412651996325,0.5759209344115004,5,0.15723270440251572,1
175,6831,0.0,0.0,0.0,0.0,0.0,0.0,0.0,0.999276271350099,0.9686319215827565,0.8526834738270834,0.809700167454854,0.7055595843753075,0.6904961979294907,0.6728659982331232,0.6671917027953869,0.650665593063941,0.6453517725302456,0.6269404045042704,0.6212376805670324,0.6027951117048033,0.5955677502202587,0.5868331935678294,0.5759579941160097,0.5435736566900153,0.4275232877447993,0.3831786011864148,0.26708201545860216,0.21676247020347744,0.13694567207507882,0.12324830695740008,0.10656513859344774,0.10075041847882889,0.08430639377304895,0.08041924058455921,0.06522551324428685,0.06233048886958686,0.014722141924404667,0.004841718918646704,0.0006728915505243144,6.179059068856412e-05,5.796765190406304e-07,2.2580192849052315e-15,0,95069.2201214948,0.6711590296495956,6,0.15813117699910154,1
176,9406,0.0,0.0,0.0,0.0,0.0,0.0,0.0,0.999709370468203,0.9873556965360386,0.9386280481606624,0.9196587982286905,0.8712838716445456,0.8639764513449719,0.8553480790816594,0.8525595165872308,0.8444252505853775,0.8418086738962063,0.8327276246049885,0.829909107636015,0.8207714800502562,0.8171780454388956,0.8128410103652298,0.8102415767664692,0.8024835041294385,0.772027705528594,0.7588934667718016,0.7182077104638604,0.6962390207908123,0.6513669224791088,0.6417618982727511,0.6291104611726579,0.6244357730744347,0.6102472120600965,0.6066553431384587,0.5914463469307676,0.5882982109559365,0.49907638913806895,0.4413652869743264,0.3572548006106124,0.319901385209815,0.2587687858691118,0.10908626023803694,0,1224.1879872204474,0.15813117699910154,1,0.15902964959568733,1
177,3892,0.0,0.0,0.0,0.0,0.0,0.0,0.0,0.9991731407551934,0.9641443423304764,0.8327611759224262,0.7845793249943013,0.6691896945161327,0.6526629457745659,0.6333391678666225,0.6271242557344792,0.6090597204295164,0.6032628270781648,0.5832243147167535,0.5770313839494476,0.557040420551935,0.549224603288311,0.5397906110145404,0.5258298148523964,0.4848328223905329,0.3460166472065161,0.2964570618484603,0.17749406266755835,0.13164381122978158,0.06789235102757289,0.05828524057069529,0.04718400654033522,0.04347870799339845,0.03351709375366695,0.03128087332408637,0.023016026401939702,0.021532433698922084,0.0025808181899555902,0.0005018526332110018,2.7318464448862523e-05,7.347144514790386e-07,6.31991064114358e-10,1.285614802531745e-22,0,602.3287592644714,0.10601976639712489,1,0.15992812219227315,1
178,10455,0.0,0.0,0.0,0.0,0.0,0.0,0.0,0.9998481785163624,0.9933559270100211,0.9672081919897548,0.956793916749099,0.9296066799971747,0.9254138367908823,0.9204115977847972,0.9187801046156142,0.913972975844044,0.9124093299422273,0.9069205164139494,0.9051973611483634,0.8995467532128116,0.8972986392852607,0.8945571055338983,0.8911669790005745,0.8807177114903787,0.8384258539229842,0.8196057904181201,0.7597384082903177,0.7266483570980037,0.657852088681511,0.642829573390025,0.6224313838306624,0.6146496860314076,0.5903094939230179,0.5839538053514621,0.5562717824645,0.5503797883315318,0.3908679691246698,0.29928842700231517,0.18528177620806358,0.1014655691521929,0.03144498904047617,0.0002522072425331557,0,11645.729450010833,0.4573225516621743,4,0.16082659478885894,1
179,3558,0.0,0.0,0.0,0.0,0.0,0.0,0.0,0.999183894794864,0.9646541267342311,0.8351578765858337,0.7876587162173405,0.6738498722545638,0.657544222154129,0.6384961534147474,0.6323768264680807,0.6146096076064527,0.6089142872309152,0.5892461134765962,0.5831746251552744,0.5636062645964868,0.5559653399682162,0.5467543770158823,0.5371074066605541,0.5083822692177339,0.40517529972363814,0.3654061904454218,0.2599342325781216,0.21343077662563775,0.1382945853409047,0.12521801814646033,0.10922358747341028,0.10362595866471268,0.08770628541471794,0.08392034703025564,0.06897058260968002,0.06609207527236916,0.01699454985393967,0.005953021824902703,0.0009214552428157003,8.64748255376103e-05,8.463355756418275e-07,3.9271731629081465e-15,0,15705.371809478725,0.49865229110512127,4,0.16172506738544473,1
180,8837,0.0,0.0,0.0,0.0,0.0,0.0,0.0,0.9992297033065648,0.9666261835676542,0.8437697133127644,0.7984523195243846,0.6892468579258226,0.6735173303272922,0.655109380618929,0.649187101415987,0.6319677297995826,0.6264402606847042,0.6073228966847756,0.6014122605122679,0.5823276907007174,0.5748592606832315,0.5658410854649126,0.5559201743093165,0.5262285232563169,0.41874119807254323,0.3770454853470889,0.2660589886932176,0.21707859159653195,0.13819365840965758,0.12451453384943238,0.10775141486478834,0.10187675497443935,0.08518531545793703,0.08122221407378005,0.06568008603497637,0.0627121404321523,0.014385330960732407,0.004616508299460298,0.0006121847873966839,4.79781575891519e-05,3.3187877607678193e-07,3.7323316938280605e-16,0,2693706.859812719,0.8400718778077269,8,0.16262353998203055,1
181,8441,0.0,0.0,0.0,0.0,0.0,0.0,0.0,0.9992524441912934,0.967670948174957,0.8486642026097473,0.8047402150381329,0.6986897459589448,0.6833902589490496,0.6654883604594004,0.6597313592083219,0.6429865194940063,0.6375996436302552,0.618926961774178,0.6131414085572379,0.5944372607148048,0.5871101817617073,0.5782565031027532,0.5700279542788345,0.5453440002467296,0.45395316157520754,0.41745660826619263,0.31635615877751033,0.2692472352539909,0.18841862881480426,0.1735541398222907,0.15490115585646752,0.14823759083917953,0.12887452960018808,0.12417200744647672,0.10525342291310955,0.1015393624723401,0.032446822385590844,0.013488728793848846,0.002852700263770135,0.0004693822029397007,1.3768990361671473e-05,6.054839843846014e-12,0,5152.809320207628,0.3387241689128481,3,0.16352201257861634,1
182,4260,0.0,0.0,0.0,0.0,0.0,0.0,0.0,0.9992288742499882,0.9666062980935545,0.843785102625867,0.7985182623262775,0.6895022544113768,0.6738128396178424,0.6554554996750549,0.649544483964563,0.632326951424513,0.6267902188107717,0.6076077058814697,0.6016668366370651,0.5824578519353725,0.5749326296515961,0.565835791550114,0.5572515175994356,0.5318021139065904,0.43894430251314653,0.4022331132764699,0.30145640197860346,0.25504310781502676,0.17640377198181023,0.16210565063727664,0.14428116156694443,0.1379509702576262,0.11965917734623067,0.1152408287011295,0.09755250807444603,0.09409655853997022,0.029953676490395036,0.012415686323997923,0.0026081543329499906,0.0003745604572124461,8.420927816730223e-06,1.228432594949687e-12,0,18625726.924292676,0.9254267744833783,9,0.16442048517520216,1
183,912,0.0,0.0,0.0,0.0,0.0,0.0,0.0,0.9998496004738716,0.9934279899530324,0.9676771596442215,0.9574648820580535,0.9309170781263324,0.926840225116264,0.9219982897329551,0.920426247855598,0.915815218310767,0.9143221263108506,0.9091043957760239,0.9074736418694941,0.9021496884079354,0.900040843381155,0.8974806596874987,0.8955160837853734,0.8895657474790487,0.8656894688909977,0.8551538475398255,0.8217013880404546,0.8031542597689844,0.7642274347965144,0.7556840657226672,0.7442052411027664,0.7398569573889562,0.7263188709748177,0.7228011178217452,0.7075164344215407,0.7042703517547619,0.609188924985776,0.5458014017888952,0.45060105960964925,0.4012414903941441,0.32123550401586737,0.13006634406934095,0,112.60175438596491,0.028751123090745734,0,0.16531895777178796,1
184,3804,0.0,0.0,0.0,0.0,0.0,0.0,0.0,0.9992437115653221,0.9672529890440441,0.846665469190272,0.8021551163445051,0.6947806597486422,0.6792765940309817,0.6611174700716156,0.6552713282146817,0.6382519663037209,0.6327758251964666,0.6137730659224454,0.6078784980311848,0.5887894242183815,0.5812993686036505,0.5722266308573641,0.5579932324889357,0.5160118782990805,0.3725272908959791,0.3208058956895967,0.19551665721689632,0.14657449164114672,0.07747138105000338,0.06689818442728532,0.05460974291779142,0.050488784189889065,0.03933302705477494,0.0368104640064016,0.02741624283582583,0.025716206225488727,0.0033471704049776417,0.0006931885350410742,4.2206325938421546e-05,1.258720789904302e-06,1.316229982569601e-09,5.906561103428416e-22,0,16133.841236319167,0.5022461814914645,5,0.16621743036837378,1
185,1569,0.0,0.0,0.0,0.0,0.0,0.0,0.0,0.9999178406354307,0.9963882151922011,0.9820635017211098,0.9763084159893258,0.9611473583443441,0.9587911795926839,0.9559736682393078,0.9550531849129164,0.9523365695422207,0.9514499043850988,0.9483223686041468,0.9473296913213073,0.9440385497708685,0.9427145393838855,0.9410830952991931,0.939179413511888,0.9333462064064675,0.9096208059466802,0.8990085812573674,0.8648570842977022,0.845667264216972,0.804868236019763,0.7957997935720525,0.7834771123560073,0.7787846340055661,0.7641000962258511,0.7602649669346907,0.7435166661800413,0.7399411905250542,0.6350346619277238,0.5645995364996367,0.4584968471911222,0.3610069410010971,0.22667548792042064,0.03314842439754677,0,13355.212464223414,0.4716981132075472,4,0.16711590296495957,1
186,5827,0.0,0.0,0.0,0.0,0.0,0.0,0.0,0.9998335285995575,0.992676125671092,0.963646887970829,0.9520077769075915,0.9214342455489145,0.9166883378840042,0.9109806721810526,0.9091037780276139,0.9035282802990524,0.9016998696219324,0.8952199143200733,0.8931659153622584,0.8863659014803231,0.8836348477439941,0.8802717506261778,0.8756250854951471,0.8613071459034202,0.8039624423417591,0.7788169391294725,0.7004019302761221,0.6584676349988954,0.5744132537559627,0.5566501898555057,0.5329946228505269,0.5241260132632669,0.4968870841598762,0.4899005686147081,0.4600278579132234,0.453786421786512,0.2938285581097413,0.21011409883463625,0.11579664462604215,0.05759014817926815,0.014708067432690151,5.118200620263439e-05,0,1455.8337719298247,0.17610062893081763,1,0.16801437556154536,1
187,2422,0.0,0.0,0.0,0.0,0.0,0.0,0.0,0.999348958088918,0.9717735089186924,0.8667333297923623,0.8274787304923024,0.7315580806757761,0.7175542142641255,0.7011108895020152,0.6958089172020412,0.6803598774619732,0.6753900063376235,0.6581582684763315,0.652816787022971,0.6355180273103381,0.6287268911270825,0.6205117739766131,0.611139398949592,0.5831906590466321,0.48066316842496337,0.4401413126327066,0.3291825511942606,0.2782191234740428,0.19208721712567553,0.1764621838838939,0.15701188495883395,0.15011351583994717,0.13020383758160806,0.1254002347724189,0.10618823445720081,0.10243803958560178,0.03277023004928948,0.013648519856472799,0.002896789543950536,0.0004289854197111292,1.0281175253796188e-05,1.9867586006363853e-12,0,50230.52607799862,0.6109613656783468,6,0.16891284815813118,1
188,3121,0.0,0.0,0.0,0.0,0.0,0.0,0.0,0.9993183360250681,0.9704290468176645,0.8606236458178157,0.8197023134668223,0.7200006001773812,0.7055058896439713,0.6885117769640989,0.6830387592321211,0.6671098705279362,0.6619915646853464,0.64426696407661,0.6387713332213669,0.6209769663336245,0.6139944643688312,0.6055487506533728,0.5944147440534534,0.5612598763011368,0.4423817318895117,0.396810109932315,0.27699864362256876,0.2248550643706846,0.14180621085809306,0.1275779660936276,0.11027432349020315,0.10425214071205513,0.08724294238650872,0.08322700728493314,0.06754460809584253,0.06455904148267123,0.015369962078685821,0.005092942136735826,0.0007191137444064982,6.28040416374271e-05,5.34133275934871e-07,1.3957909626451261e-15,0,41105.028889192436,0.5902964959568733,5,0.16981132075471697,1
189,3674,0.0,0.0,0.0,0.0,0.0,0.0,0.0,0.999131210581283,0.9624192183194967,0.8254710477320447,0.7755253245896064,0.6565692707230625,0.63961448812866,0.6198247309897047,0.6134687965540051,0.5950193122479251,0.5891068508122406,0.5686979233694432,0.5624009762586896,0.542109469980605,0.5341824238852565,0.5246161509647642,0.5112145497188599,0.47176256837676683,0.3376822415347753,0.2896240004627249,0.17384914064079637,0.12920923132562145,0.06704138244941743,0.05765701024400574,0.04681792013461446,0.043202106323927195,0.033465419326710356,0.031275263461204614,0.023159919450018416,0.021698903058647998,0.002731938370248236,0.0005528399576914985,3.241111659893672e-05,9.236382577584364e-07,8.829215493500602e-10,2.694972222553998e-22,0,1156224.8862492666,0.8131176999101527,8,0.1707097933513028,1
190,7974,0.0,0.0,0.0,0.0,0.0,0.0,0.0,0.9999160525305574,0.9963514713963315,0.9820526120288258,0.9763743615874533,0.9615861903739626,0.9593141402980531,0.95662829420948,0.9557608467347949,0.9532292940889711,0.952412132321457,0.9495590953671076,0.9486681787495452,0.9457619790452391,0.9446116104138549,0.9432170083774727,0.9420849463984885,0.938617573838122,0.9244703847093116,0.9181034218167992,0.897379492336323,0.8855750047643857,0.8600664946191247,0.8543080359415987,0.8464163246804185,0.8433887884447893,0.8338377853881426,0.8313236512481993,0.8202524307003557,0.8178831757201557,0.7463881514572572,0.6958374691941858,0.6148060921816336,0.5374220060174582,0.41352771285233203,0.14004440518790937,0,76164.21500916936,0.6486972147349506,6,0.17160826594788858,1
191,9238,0.0,0.0,0.0,0.0,0.0,0.0,0.0,0.9999222418013805,0.9965799136579561,0.9830029631527233,0.9775431470888077,0.9631453964165643,0.960905501125685,0.9582251291543128,0.9573488582501528,0.954760992055314,0.9539146674937736,0.9509226620961913,0.949974675845943,0.9468354402018644,0.9455740295512854,0.9440216160564828,0.9420351218129203,0.9359149400530415,0.9109340070104717,0.899722626906174,0.8635396763526016,0.8431585432783113,0.7997435879036064,0.7900605441387866,0.7767989519993572,0.7716901598130422,0.755523254207905,0.7512536778927944,0.7324109679873525,0.7283467777878926,0.6091489975409103,0.5300172991424301,0.41298376618366844,0.2866287179592192,0.14042379921605158,0.007301343461401639,0,24375.989839358564,0.5399820305480683,5,0.1725067385444744,1
192,4523,0.0,0.0,0.0,0.0,0.0,0.0,0.0,0.9992865620449602,0.9691466310200536,0.8552297998171015,0.8130301419340175,0.7107956223860658,0.6959997789791875,0.6786659196173008,0.6730865958501231,0.6568570932001868,0.651645003172429,0.6336063958943216,0.6280252277781865,0.6099943323634053,0.6029265279635315,0.5943819649584642,0.5833661055414543,0.5505464265051102,0.43289197500000104,0.3877643921077273,0.26917931261291195,0.2176529946970818,0.13597528167938983,0.12201796749381572,0.10503607948475963,0.09912131777165428,0.08239478550313736,0.07844145701932477,0.0629810911047864,0.060044698939890215,0.01311719980271579,0.004050998751051422,0.0005011287800277264,3.309869539139242e-05,1.631644521394163e-07,4.4244628094145534e-17,0,9158.645984864268,0.42587601078167114,4,0.1734052111410602,1
193,175,0.0,0.0,0.0,0.0,0.0,0.0,0.0,0.9992180793952935,0.9661466497420369,0.8417803631825714,0.7960061621788382,0.6859216543398675,0.6701005717692059,0.651616262257849,0.645678783087789,0.6284075482438976,0.6228587770912708,0.6036377865108997,0.5976858213890915,0.5784435981858692,0.5709065029813115,0.5617960568111318,0.5531528003413183,0.5275008536945035,0.43345947160847936,0.39633342604330646,0.294883148018742,0.24843262524302495,0.1702420635879347,0.15611037432698224,0.13853770372339505,0.13230977566082006,0.11435518118984277,0.11002827657566412,0.0927496093139763,0.08938250214434927,0.02764376043955753,0.011206655079970599,0.0022633736121463652,0.0003166841321427026,6.765963911138136e-06,7.98942606867358e-13,0,1118804.5957640596,0.8104222821203954,8,0.17430368373764601,1
194,6477,0.0,0.0,0.0,0.0,0.0,0.0,0.0,0.9999410675640179,0.9974230525542742,0.9872381470972338,0.9831586024190102,0.9724415965712366,0.9707815318030694,0.968807781537262,0.9681669525958161,0.9662874051155708,0.9656766872271841,0.9635238001637932,0.962845012614815,0.960609383499499,0.9597158711476659,0.9586223810438932,0.957458397023001,0.9538790265380128,0.9392187095846818,0.9326078949532125,0.9111062389781338,0.8988626725437652,0.8723913682760764,0.8664206031667407,0.8582429331639714,0.855106775647835,0.8452008462895373,0.8425876659649217,0.8310561272309667,0.8285690337776007,0.7530474318235779,0.699415059099877,0.6132161223384783,0.5114321824040373,0.3595323907128259,0.08422840836338928,0,1195.8462881127218,0.15633423180592992,1,0.1752021563342318,1
195,9683,0.0,0.0,0.0,0.0,0.0,0.0,0.0,0.9992460502039469,0.9673025840823232,0.8466989373488962,0.8021139393939946,0.6944242610826737,0.6788872236443828,0.6606736495852866,0.6548015113040733,0.637692777752742,0.6321896070878655,0.6131178850949582,0.6072095704030724,0.5881000181301168,0.5806112766056902,0.5715566398468873,0.5628048349068876,0.5367126799005135,0.44123009084158227,0.4035955878408813,0.30085255394795696,0.25382644290544576,0.17462351217256794,0.1603004716075467,0.1425013201638092,0.136198047397512,0.11803245776055823,0.11365587308994975,0.0961749277979705,0.09276069874136418,0.02945696533102552,0.012187060499338436,0.0025516840783307176,0.0003679761951000033,8.340373863010875e-06,1.2583722850110575e-12,0,20158792.58985296,0.9272237196765498,9,0.1761006289308176,1
196,10029,0.0,0.0,0.0,0.0,0.0,0.0,0.0,0.9992059438239271,0.9654939485874485,0.8384427857966773,0.791603053691735,0.6788462091807572,0.6626212633610944,0.6436058808499288,0.6374773949215086,0.6196178986855546,0.6138677567144407,0.5939254436127279,0.587743323515566,0.5677372838302506,0.5598942814982991,0.5504016467925636,0.5371437100345771,0.49813504527661817,0.364450359957461,0.31594348059054816,0.19693157542922204,0.14963432191709022,0.08154726128848779,0.07092945407761236,0.058498959689001824,0.05430557344310832,0.04287335953622469,0.040269290012135646,0.030490857558641525,0.028705197945898896,0.004210196555991681,0.0009581406334656926,6.915824502675456e-05,2.409151329990147e-06,3.3733537184687247e-09,4.787120856502393e-21,0,17093.920091226813,0.5067385444743935,5,0.17699910152740342,1
197,8310,0.0,0.0,0.0,0.0,0.0,0.0,0.0,0.9992668959160733,0.9682574419177732,0.8511020041844722,0.8077014182794607,0.7026312018976976,0.6874430453254753,0.6696658073893614,0.6639475846516828,0.6473247990677329,0.6419875064674508,0.6235080532901993,0.6177883429972729,0.5993038705236625,0.5920652241812859,0.583322533930514,0.573261911597314,0.5433913347954867,0.43571918743094906,0.39405783758760854,0.2829626790302638,0.233624767045994,0.15325560044663422,0.13916164664017733,0.12186028359079995,0.11578888057466775,0.0984770107501849,0.09434029884567806,0.07795258694746256,0.07478654958889311,0.019959147604755145,0.007201408837348624,0.0011769416485009972,0.00012119749818067569,1.4225188132195072e-06,1.4032324606823266e-14,0,2046.588917101852,0.2138364779874214,2,0.1778975741239892,1
198,121,0.0,0.0,0.0,0.0,0.0,0.0,0.0,0.9992173359486083,0.9663018397897396,0.8429197652303481,0.7976158602463406,0.6888671522952892,0.6732684519824681,0.6550949768180543,0.6492742635279124,0.6324238470097057,0.6270342965510979,0.6084355916303277,0.6026937396455201,0.5841588565041188,0.5769003879289664,0.568126628457243,0.5585108306358693,0.5296514672333564,0.4245464149551573,0.38349131160234295,0.2733388022776348,0.22425870020700367,0.14443232084750107,0.13046393159237749,0.11326973616084693,0.10722398963428678,0.08999657291682406,0.08589911906653586,0.06979572829522684,0.06671102876885533,0.015758534356518715,0.005158320001582042,0.0007049301860559533,5.313510330156926e-05,3.3943059960962816e-07,2.7058627597628622e-16,0,90198.28700435295,0.6684636118598383,6,0.17879604672057503,1
199,1899,0.0,0.0,0.0,0.0,0.0,0.0,0.0,0.9992683880282537,0.9683467201057666,0.8514636111462665,0.8081582607252757,0.7033026315642504,0.6881436476135463,0.6704012287958891,0.6646945266612345,0.6480755631646008,0.6427313135425388,0.6242108117962404,0.6184676885756445,0.5998690936866855,0.5925708946398508,0.5837382216276369,0.5734893660809245,0.5428217527736571,0.4316559720464658,0.3884867225780023,0.27353320684865085,0.22281599120873394,0.1412303831481243,0.12711722244034993,0.10984099459530959,0.10379182430354891,0.08662247698671255,0.08255022094173442,0.06659882343915406,0.06356139320051998,0.014372119904070167,0.004560111150292245,0.0005923093269369138,4.339632662888869e-05,2.6202989474085515e-07,1.647871289945187e-16,0,40793.87964923731,0.5884995507637016,5,0.17969451931716082,1
200,3692,0.0,0.0,0.0,0.0,0.0,0.0,0.0,0.9992214132347363,0.9662439412763113,0.8420220330041394,0.7962262167562221,0.6858974999322758,0.6700107270865813,0.6514100949657452,0.6454248329579396,0.6280214470667753,0.6224346380841391,0.6031119427676122,0.5971379348383292,0.5778542211802314,0.5703086689961081,0.561179130099622,0.5482874248324789,0.5102618185946209,0.3786965886460798,0.33040114213615274,0.21025843061357058,0.1616554707236563,0.09037314894009206,0.07905767130971068,0.06570865721421397,0.06117887892854464,0.0487513185353603,0.045902371792425456,0.035132249989739885,0.033151438768539786,0.00523055089236222,0.0012586533766136673,0.0001002229820404809,4.103725761981838e-06,7.930398284686435e-09,4.396423146184753e-20,0,29169.552810378842,0.559748427672956,5,0.18059299191374664,1
201,10078,0.0,0.0,0.0,0.0,0.0,0.0,0.0,0.9992498332953236,0.9675200185142153,0.8477996875595007,0.803471771386463,0.6962449813855731,0.6807536295161768,0.6626029730023334,0.6567584727532635,0.6397589932450882,0.6342959735783931,0.6153638111972892,0.6094972041493135,0.5905175234513854,0.5830775727738058,0.5740801823175175,0.5650735560894152,0.5382425032681033,0.44034426627151596,0.4018961680087074,0.2974119037748581,0.24986862193711704,0.1703143098797618,0.156013397997221,0.1382862226612129,0.1320212587030102,0.1140074880137768,0.10967375273427796,0.09239449689164039,0.08903236602243346,0.0274952305877396,0.011145538741609106,0.0022548707921090246,0.0003317628558211817,7.82047118582563e-06,1.3884505592267988e-12,0,10981078.72540901,0.9029649595687331,9,0.18149146451033243,1
202,7826,0.0,0.0,0.0,0.0,0.0,0.0,0.0,0.9998943128144905,0.9954032962115796,0.9774086678531885,0.9702731102524258,0.9517186916875066,0.9488711376107002,0.9455030872646863,0.9444145214341715,0.9412336208596896,0.9402057157465195,0.936620485973361,0.9355024381380384,0.9318637134833436,0.9304268201638942,0.9286886330510186,0.9274064299744356,0.9234943896997643,0.9076103926194856,0.9005109788459597,0.8775966759497185,0.8646352028156528,0.836843179039322,0.8306250655698112,0.8221702715124117,0.8189515222882355,0.8088751374799227,0.8062429113658923,0.7947397862774094,0.7922827646485158,0.7184540908515435,0.6664853478069056,0.5835714298462785,0.5049575365365678,0.38126979273907174,0.12108680224750513,0,77.24342105263159,0.01976639712488769,0,0.18238993710691823,1
203,9435,0.0,0.0,0.0,0.0,0.0,0.0,0.0,0.9996481414742102,0.9847936261386385,0.9268863157935647,0.9046238704346891,0.8485512604575431,0.8401762706041624,0.8303745616224839,0.8272345019717513,0.8181444147614106,0.815239161267425,0.8052212662677891,0.8021320387948442,0.7921808342941121,0.7882926512364109,0.78363429204308,0.7813097710907563,0.7743888379939696,0.7472121870965994,0.7354851866878409,0.6991123338150689,0.6794355397101909,0.6391500136563478,0.6305114780310338,0.6191348425979174,0.6149330903781914,0.6021563919142168,0.5989128597701551,0.5851392306790479,0.5822800522201546,0.5005758541524191,0.44702711230020614,0.3678437878975312,0.3326648821775947,0.2744920828198095,0.125887420604424,0,5687.174891274883,0.3557951482479784,3,0.18328840970350405,1
204,4931,0.0,0.0,0.0,0.0,0.0,0.0,0.0,0.9999568465406359,0.9980984922648813,0.99051264268978,0.9874456024373408,0.9793125732890174,0.9780412964851147,0.9765168886051492,0.976017656492677,0.9745407438289851,0.9740584072846425,0.9723543343593394,0.9718155044823229,0.9700357061377886,0.9693223040430997,0.9684468045197573,0.9674897369791132,0.9645454195908347,0.9524435842621228,0.9469655445799167,0.9290514104057688,0.9187755729205277,0.8964171298177509,0.8913449021060251,0.8843704879585055,0.8816861769025691,0.8731817149770543,0.8709335929458947,0.8609907986203127,0.8588415743389578,0.7929982685307619,0.7455387453430775,0.6679102428883964,0.5805718188999743,0.4417872870700135,0.14278426592913823,0,2514.1203206819805,0.2380952380952381,2,0.18418688230008984,1
205,2171,0.0,0.0,0.0,0.0,0.0,0.0,0.0,0.9992398487595116,0.9670738178208726,0.8457538400451595,0.8009321384113248,0.6927405899304108,0.6771399229754108,0.658877887254953,0.6529906916205667,0.6358397014458839,0.6303234557832627,0.6112084136814688,0.6052873156685491,0.5861385327235159,0.578635314190832,0.5695638610576849,0.5609071333109154,0.5350007332192281,0.4401545546792641,0.4027500093880073,0.3005620177791177,0.2537473252141339,0.17482065103624037,0.1605343308634471,0.14277389751624545,0.13648234032856618,0.11834404170038297,0.11397248302559729,0.09650487410315128,0.09309316352023679,0.02970633200717336,0.012336193620582544,0.0026000486666491744,0.0003806777980494694,8.887864138159044e-06,1.5164188193837266e-12,0,35337371.820213296,0.9460916442048517,9,0.18508535489667566,1
206,2794,0.0,0.0,0.0,0.0,0.0,0.0,0.0,0.9992937083345843,0.9694259173821548,0.8563582551686235,0.8144043790963694,0.7126358834560254,0.6978998372317989,0.6806333091207696,0.6750743594753048,0.6588967419509056,0.653698790694413,0.6357003744254776,0.6301289356845905,0.6121208936752341,0.6050671795291617,0.5965488083454826,0.586379675230255,0.556043538554095,0.44616422066201494,0.40345324178991043,0.2891748861322837,0.23829119012106362,0.15534796210865326,0.14079798241303787,0.12291126551546804,0.11662933867618101,0.098724623048597,0.09446363391228456,0.07768330999729148,0.07446056447518251,0.0193999221857454,0.006921113087992962,0.0011170502035668676,0.00011471787426181791,1.339328557765072e-06,1.2923680632733992e-14,0,302513.242633677,0.7457322551662174,7,0.18598382749326145,1
207,6689,0.0,0.0,0.0,0.0,0.0,0.0,0.0,0.9992071776579862,0.9657130510304085,0.839911325226153,0.7936734776946646,0.6826216498470388,0.6666794825030378,0.6480599316388469,0.642079018290433,0.6246976447390418,0.6191208821665249,0.5998431054377213,0.5938861136271256,0.574667159203342,0.5671555158526218,0.5580952784778664,0.5490620186563971,0.5220030828309086,0.4231452754400589,0.38433748952893965,0.279330127528782,0.2319514460955387,0.15378521633953685,0.13993626784022756,0.12284762850737836,0.11682829462872475,0.09960158563372094,0.09548052627701452,0.07916173243391648,0.0760097529740754,0.020894574528794264,0.007724861975505259,0.0013216662569710865,0.00013920292370812044,1.709468931783319e-06,2.0442486429711108e-14,0,321539.65226313734,0.747529200359389,7,0.18688230008984727,1
208,5367,0.0,0.0,0.0,0.0,0.0,0.0,0.0,0.9992473331136632,0.9673909778252858,0.8471599056814094,0.8026870740336381,0.6951484641791138,0.6795858434339694,0.6613267497051882,0.6554398445158599,0.6382878288041398,0.6327706545740911,0.613650202417835,0.6077267384118784,0.5885680623093777,0.5810600455406607,0.5719819500218647,0.562946993088789,0.5360374768121899,0.43793502710414844,0.39940828934504263,0.2946850642417319,0.24705968864203076,0.16749304249585606,0.15321187968921857,0.13550496011891827,0.1292450029191311,0.11126544532430407,0.10694843473713368,0.08977314555421934,0.08643875488740475,0.02604044605526247,0.01035656670601226,0.002025770137091997,0.0002629397946978,4.850669718215909e-06,3.1155891269446834e-13,0,4409172.56274794,0.8607367475292004,8,0.18778077268643306,1
209,3068,0.0,0.0,0.0,0.0,0.0,0.0,0.0,0.999223310956572,0.9663973007744645,0.8429749701739571,0.7975488966598356,0.6882421453461559,0.6725194692752204,0.6541332859423888,0.6482142349107511,0.6309935615382246,0.6254622729642806,0.6063203720812371,0.6003944030139581,0.5812334414202216,0.5737269652085385,0.5646527353477016,0.5560883320869133,0.5304772693310612,0.4363771454617102,0.39919812402606375,0.2974988910319689,0.25087317587066443,0.17227289186759587,0.15804807826770034,0.14034961621335332,0.13407421262294514,0.11597334404716236,0.11160893280453568,0.09417065278296469,0.0907704512248087,0.028255145249215387,0.011511639178874931,0.0023455553879228493,0.00033590164715387297,7.510344244449108e-06,1.0708725696346282e-12,0,2426715.5105726137,0.8337825696316262,8,0.18867924528301888,1
210,5314,0.0,0.0,0.0,0.0,0.0,0.0,0.0,0.9992048156014297,0.9655504171632872,0.8390498808709176,0.7925262923060487,0.6807507095404807,0.6646718566295763,0.6458386490896918,0.6397704760216409,0.62210120491911,0.6164211598043249,0.5967508188732655,0.5906617573502243,0.5709836878821635,0.5632792754009429,0.5539679836628386,0.5442973614520739,0.515511134381874,0.41168873316475096,0.37152594988424775,0.2646373996550942,0.21735077423816268,0.14076307150855916,0.12738351961023958,0.11095877933868073,0.10520568887124816,0.08886827658858829,0.08498985292354116,0.06975218130052013,0.0668326304928489,0.01721257953981105,0.006063029252612266,0.0009550995735089095,0.00010287013052439489,1.3180288809491545e-06,1.8690972392003726e-14,0,116695.62624276767,0.692722371967655,6,0.18957771787960467,1
211,9905,0.0,0.0,0.0,0.0,0.0,0.0,0.0,0.9993344065505766,0.9710767924745725,0.8633549158866687,0.8230836594765185,0.7246095081344585,0.7102454292989501,0.6933649584013118,0.687916386385198,0.672024047480068,0.6669064271689646,0.6491465032406614,0.6436365578850464,0.6257878893785547,0.6187809357735209,0.6103021682698019,0.6005577769601959,0.5715772052457192,0.4661502591057713,0.42487594111673305,0.3131075826647472,0.2624611027054158,0.1780699018479376,0.16295740512859094,0.14426130153818653,0.1376653017653989,0.11873203722203216,0.1141884687996058,0.0961143007122169,0.09260543286977717,0.02855855235697995,0.01158643932166723,0.0023556274300570008,0.0004235160613985706,1.489749160649597e-05,1.4073062270537019e-11,0,534723.5367941468,0.7735849056603773,7,0.19047619047619047,1
212,3389,0.0,0.0,0.0,0.0,0.0,0.0,0.0,0.9999099914013332,0.9960839045266786,0.9806893085495099,0.974554808228399,0.9585248027711156,0.9560533811964133,0.9531203677445743,0.9521693377891742,0.9493835582303909,0.9484830344994705,0.9453418411468679,0.944361848119919,0.941168034119744,0.9399050048529767,0.9383751310874272,0.9373248928363856,0.9341424967776042,0.9212887225835075,0.9155714220732277,0.8972159113805236,0.8868979248371391,0.8648904001201467,0.859995139741639,0.853395444181763,0.8509053978232977,0.8431771518093495,0.8411749096304579,0.8324609407785415,0.8306073409824357,0.7744456814486704,0.7341721369774543,0.6684331984548467,0.5987077945487335,0.4830979783649472,0.1991258746271184,0,97086.81218267213,0.6747529200359389,6,0.19137466307277629,1
213,7213,0.0,0.0,0.0,0.0,0.0,0.0,0.0,0.9992766471594927,0.9686011137140461,0.8523750309672977,0.8092337280958628,0.7045994547140169,0.6894484209813282,0.671691512672295,0.665972639096271,0.6493219114880172,0.6439575650786651,0.6253363135464397,0.6195579284805716,0.6008464906201062,0.5935070096685099,0.584627657861668,0.5758994023157733,0.5497562442126602,0.4535002960240868,0.41532082603180803,0.3104719495018621,0.2622010890854452,0.18078016720987844,0.1660358386934231,0.14770293815824728,0.14120772860565098,0.12247933212096605,0.117964832254086,0.09992252116021486,0.09640303939638041,0.030966488323344893,0.012948015520134798,0.002771050287876512,0.0004554916235479954,1.3335405810894554e-05,5.816797624664193e-12,0,2882206.3930957555,0.84366576819407,8,0.19227313566936208,1
214,9449,0.0,0.0,0.0,0.0,0.0,0.0,0.0,0.9995540249572111,0.9807646122233317,0.9082483466485857,0.8806865159027655,0.8120754088748522,0.8019295153938379,0.7900692240741777,0.7862695349601249,0.7752687288457836,0.7717523650680016,0.7596282747045896,0.7558900931272601,0.7438506874711956,0.7391482859307255,0.7335039003400117,0.7304696380334924,0.7214404360464524,0.6862124776332683,0.6711316590831954,0.6248681814998127,0.6001871277837346,0.5505740064469977,0.5400992260476555,0.526394264671348,0.5213586401052466,0.5061564944004244,0.5023244879883578,0.4861730869374393,0.4828450343511796,0.39073364464842697,0.3335827411544813,0.2541294441470804,0.2240954715094893,0.17639037615100445,0.06709982273128869,0,25.159090909090907,0.005390835579514825,0,0.1931716082659479,1
215,4501,0.0,0.0,0.0,0.0,0.0,0.0,0.0,0.9991241445648547,0.9619531179629778,0.8229352494810154,0.7721580669912934,0.6511223194635128,0.6338539117049666,0.613646490294336,0.6071386420029741,0.5881981480940208,0.5821099085247493,0.5610276278761833,0.5545028455843616,0.5334268600995813,0.5251840423468513,0.5152224942382999,0.5052494902338002,0.47575294363053366,0.37113633139780755,0.3314618334587201,0.2283345649314428,0.1839696039996746,0.11419967113615555,0.10236207384101102,0.08802028025753807,0.08304408732861066,0.06903961278811163,0.0657453968066139,0.052935400834363426,0.0505075423206756,0.011379727870835415,0.0036207947586185097,0.0004777952768111765,4.668465166108853e-05,4.947122152631862e-07,3.2004430533025637e-15,0,inf,0.9784366576819407,9,0.1940700808625337,1
216,1325,0.0,0.0,0.0,0.0,0.0,0.0,0.0,0.9993038693569964,0.9696533195159308,0.8566054424191623,0.8143705982626823,0.7113112073971397,0.6963036133783881,0.6786400730328019,0.6729279908416591,0.6562363780885694,0.6508522496084787,0.6321665846227554,0.6263697119968722,0.6075939338826603,0.600224951044913,0.591305331802101,0.5817607564286776,0.5532204478335901,0.44910786833383354,0.4083906338658755,0.2984285994665469,0.2488264701681956,0.16668655879435323,0.15206279404248177,0.13399609860749925,0.12762735368187653,0.10937525721022937,0.10500582818756496,0.08768904395400583,0.08434026453835464,0.024561386318502264,0.009521410325987257,0.0017813255688077193,0.00027429550809522873,7.14025121302975e-06,1.995501963876632e-12,0,6567252.231783221,0.8742138364779874,8,0.1949685534591195,1
217,9811,0.0,0.0,0.0,0.0,0.0,0.0,0.0,0.9992304660021838,0.9666740895478612,0.8440811257167592,0.7988893588725252,0.6900318254472555,0.6743550514273177,0.6559985720695728,0.650081949051421,0.6328481182510981,0.6273061571032813,0.6081055764172325,0.6021591247122888,0.5829321411608714,0.5753998889440748,0.5662945686884713,0.5577019877427349,0.5322238678904331,0.4391820527638264,0.40240772383048334,0.30165716846834384,0.25532065318966995,0.1767600785136214,0.16246772431606682,0.1446459316266174,0.13831539423685585,0.12001835167239645,0.11559771432663515,0.09789576757629079,0.09443625215114772,0.030148761208825915,0.012524348532780796,0.0026413588764038353,0.0003847251213922506,8.891691232940785e-06,1.45456099199162e-12,0,26457332.0325681,0.9389038634321653,9,0.1958670260557053,1
218,8959,0.0,0.0,0.0,0.0,0.0,0.0,0.0,0.9992519916876335,0.967680741720613,0.8488134962041061,0.8049757325449048,0.6992814613156318,0.6840619891483611,0.6663049656230905,0.6606110664224648,0.6441093218047519,0.6388272214696863,0.6205781580269296,0.6149417559372985,0.5967638985114313,0.5896596251541699,0.5810516333455144,0.5710482623714414,0.5412764012999794,0.4337515055074593,0.3920771033522707,0.28085328803907955,0.23145456596018932,0.15106962482825176,0.13698854757285936,0.11970534074272732,0.1136447422981132,0.09638112000046413,0.09227389301526684,0.07613349452676353,0.07303944525971758,0.019657820498957226,0.007183645412207211,0.0012099627641155956,0.0001259660939807358,1.504441519803211e-06,1.5691389130202126e-14,0,10917.451021061774,0.44654088050314467,4,0.1967654986522911,1
219,354,0.0,0.0,0.0,0.0,0.0,0.0,0.0,0.9993543654695594,0.9719693199494785,0.8674732559613197,0.828353603465933,0.7325768062346211,0.7185744015620392,0.7021125731192045,0.6967982022912327,0.6812946961683085,0.6763014410035999,0.6589688777382359,0.6535900763282787,0.6361610612416522,0.6293164015999473,0.621031790923115,0.6110803240027114,0.5813847318172933,0.4731126868222158,0.4306591551578851,0.3156832039355346,0.26364928191246406,0.1772032296862439,0.1617675221857629,0.14266736558419948,0.13592487252711324,0.1165755711092728,0.11193383218938684,0.09349208450465614,0.08991739946802357,0.026083869575223035,0.010065522721273644,0.0018627435987449343,0.00031360372508310545,9.753490059605009e-06,5.783975475404223e-12,0,1723.9073548078154,0.1922731356693621,1,0.1976639712488769,1
220,7875,0.0,0.0,0.0,0.0,0.0,0.0,0.0,0.9999224905724654,0.996601945506031,0.9831574739108585,0.9777684292561517,0.9636032718781025,0.9614069908889251,0.9587879057708927,0.9579351462207445,0.9554288487485338,0.9546150620422392,0.9517556418584062,0.9508570274714178,0.9479070492471124,0.9467319252958682,0.9452982512788173,0.9436155160397393,0.9384466603840618,0.9173687423850393,0.9079128246681347,0.8773704092278872,0.8601344264757397,0.8233103543591224,0.8150904720543054,0.8038953433217799,0.7996238026991329,0.7862277119277288,0.7827217242884698,0.7673782266270401,0.7640962412136479,0.6673953968564764,0.6020755305006381,0.5026218719584435,0.43508502341046285,0.3292986801956743,0.10521703365479713,0,24211.05632990336,0.5390835579514824,5,0.1985624438454627,1
221,9110,0.0,0.0,0.0,0.0,0.0,0.0,0.0,0.9992793395125392,0.9688096160777474,0.8536246214192839,0.8109646683216873,0.7076976166980758,0.6927745530110684,0.6753097405947558,0.6696909185566112,0.6533540221640147,0.6481098369445824,0.6299686626407371,0.6243584157818545,0.6062421004399383,0.5991423336709576,0.5905592901664136,0.579357862458707,0.545967634854213,0.42654746098931506,0.38089745100406414,0.26156105201988517,0.21009466191979018,0.129247168060597,0.11554367218259799,0.09888875764229607,0.09309097078682212,0.07680504707990142,0.07298253327481911,0.05816509999132199,0.055366914748772644,0.011513896464383345,0.003424083314827259,0.00039626670968043,2.6454073898688182e-05,1.331636872813309e-07,3.9379349349487146e-17,0,32625.22136183803,0.5741239892183289,5,0.19946091644204852,1
222,3425,0.0,0.0,0.0,0.0,0.0,0.0,0.0,0.9996981053390697,0.9869705690115707,0.9372064854832847,0.9179987227410493,0.8694054647719469,0.8621224176777903,0.8535881291577615,0.8508508577283431,0.842917835460752,0.8403845440303374,0.8316577981291087,0.8289692698726321,0.8203167638342577,0.8169387859595826,0.812891818009709,0.8106875881059623,0.8040890597102661,0.7779884067556267,0.7666406919172466,0.7311682597216108,0.7118218003891428,0.6718890139760257,0.6632690099075661,0.6518722635799868,0.6476473897257536,0.6347855507650196,0.631518834201125,0.6176193468059875,0.6147275036433658,0.5316983792001545,0.47690329772110124,0.3952764682022862,0.35371695158694066,0.285749125471186,0.11978926215161999,0,inf,0.9640610961365679,9,0.20035938903863432,1
223,6096,0.0,0.0,0.0,0.0,0.0,0.0,0.0,0.9993291053641392,0.9709670788488671,0.8633021675565953,0.8232150022348069,0.7256120382544056,0.7114379186889858,0.6948479361954671,0.6895140820834661,0.6740158639500476,0.6690440954126313,0.6518471471279752,0.646526075768423,0.6293333505898612,0.6226005521978374,0.6144757078200149,0.6050232856865935,0.5766769707021874,0.4725019352240336,0.4313018212191821,0.3187178667739161,0.26725710562237887,0.1809630380933166,0.16542451250869405,0.14609761687459114,0.13924307835800784,0.11948864398250006,0.1147299812916061,0.09573029327536366,0.0920301592177455,0.0261427119432635,0.009868315188363232,0.0017361504495508335,0.00019062420756411975,2.5328438186531937e-06,4.1554013035955075e-14,0,1862.3289284985929,0.20305480682839175,2,0.20125786163522014,2
224,10567,0.0,0.0,0.0,0.0,0.0,0.0,0.0,0.9999350137991551,0.9971635795945968,0.9859804332487567,0.9814813249403184,0.9695910348171503,0.9677364513034541,0.9655065229935124,0.9647741113509318,0.9626010492146102,0.9618892907212196,0.9593729376386134,0.9585772565400431,0.9559490931259661,0.9548956999273471,0.953602735479066,0.952167996821015,0.9477454308656489,0.9296199984544244,0.9214450175036318,0.8948782037751584,0.8797659821751095,0.8471544049300013,0.839806791759725,0.8297276432277652,0.8258555287295758,0.8136274806399385,0.8104051163611944,0.7962046691226757,0.7931461108797362,0.701452811327784,0.6378364932967638,0.5384335419346701,0.4504062178828326,0.31899672362536363,0.07757728095863117,0,89868.04435442585,0.6666666666666666,6,0.20215633423180593,2
225,6550,0.0,0.0,0.0,0.0,0.0,0.0,0.0,0.999862056396949,0.9939917849621742,0.9705024986652521,0.9612050790643043,0.9370781790648334,0.9333804451897866,0.9290021971318609,0.9275871647409314,0.9234546669572095,0.9221193027162509,0.9174622055618527,0.9160095980043662,0.9112766690035662,0.9094055884735065,0.9071388854514939,0.9056652925107594,0.901215651978767,0.8833566123895416,0.8754686933489162,0.8503865074637844,0.8364380807954191,0.8070313629259563,0.8005578666137961,0.7918850985634006,0.7886312078132371,0.7785912539655675,0.776006084926886,0.764868376956533,0.7625229447679336,0.6929639217181077,0.6446767832999759,0.5685886970724231,0.5142038642104945,0.42295801291393664,0.18909170191936606,0,4294.41216826071,0.31266846361185985,3,0.20305480682839172,2
226,5089,0.0,0.0,0.0,0.0,0.0,0.0,0.0,0.9996619673645437,0.98538325559065,0.9296241648159984,0.9081462422067998,0.8539436966234005,0.8458342514623194,0.8363341363827153,0.8332908605169973,0.8244815162517566,0.8216701386403367,0.8119907276330773,0.8090103896388768,0.7994242291103908,0.795684126127894,0.7912044838634741,0.7890383677889637,0.7825854361797693,0.7571843300192914,0.7461936396174941,0.71199401081926,0.6934238534063957,0.6552969823394128,0.6471035169569392,0.6363069658715416,0.6323182140877175,0.6202025278087809,0.61713070754393,0.6041012787256025,0.6013997081197867,0.5236713046518945,0.4721097369772705,0.3948260560015317,0.35815961954696734,0.2970928927889684,0.1388819811031624,0,4001.299783671508,0.3018867924528302,3,0.20395327942497754,2
227,1605,0.0,0.0,0.0,0.0,0.0,0.0,0.0,0.9999532500175042,0.9979392299291482,0.9897189446087167,0.9863968965538382,0.977591862721642,0.9762160990221472,0.9745665975814541,0.9740264453477008,0.9724286125462624,0.9719068296026775,0.9700675349203625,0.9694876423261324,0.9675777885711419,0.9668144893187591,0.9658804513441627,0.9648690562121157,0.961755901281164,0.948980345620307,0.9432069286967365,0.9243784480050268,0.9136287670215638,0.8903328621137011,0.8850661908386817,0.8778462813318267,0.8750761382939138,0.8663134668425305,0.8640003900815905,0.8537816620508762,0.8515734570343033,0.7840244199035243,0.735334055117803,0.6557548738527998,0.5542442287641361,0.39902118595684777,0.10224417168974435,0,635.3565323149828,0.1105121293800539,1,0.20485175202156333,2
228,6024,0.0,0.0,0.0,0.0,0.0,0.0,0.0,0.9991358190273948,0.9625715087193509,0.8260514689678038,0.7762699036256533,0.6576499388573979,0.6407362013357745,0.6209920157872282,0.6146501707109628,0.5962310016065726,0.5903237587154844,0.569917637774467,0.5636168971539969,0.5433069968473901,0.5353767507078246,0.5258110704672506,0.5122064434269625,0.47234766317243904,0.33760274887390573,0.28954970159224597,0.1741701660000838,0.1296220456678883,0.06746451044961298,0.05806107676308636,0.047186861173468514,0.04355559485763343,0.03376763197550449,0.0315638105034355,0.02339065700336234,0.021917935871488426,0.0027684702923175216,0.0005612452875289875,3.29690275224434e-05,9.331274196236551e-07,8.802535408372087e-10,2.546047712963406e-22,0,30995.454349583855,0.568733153638814,5,0.20575022461814915,2
229,6673,0.0,0.0,0.0,0.0,0.0,0.0,0.0,0.9992243303983859,0.9664162541818355,0.8429684052053903,0.7974993407944097,0.6879846348439171,0.6722159518813323,0.6537642287891416,0.6478283467913878,0.6305707808800834,0.6250314855096489,0.6058748804929353,0.599952696866407,0.5808420227149463,0.5733595644192644,0.5643140370989624,0.5545633473758452,0.5253657430236168,0.4194539490580035,0.37826708988773367,0.26828552026483327,0.2195475502145713,0.14069158239121357,0.1269585918382425,0.11009902120689713,0.1041817560530725,0.08734093375980388,0.08333558983082617,0.0675982521920028,0.06459080511364837,0.015163382673670006,0.0049535587051570615,0.0006784812247350165,5.5076193072558794e-05,4.0577800048629117e-07,5.790115778807964e-16,0,10244.062053189851,0.4393530997304582,4,0.20664869721473494,2
230,4663,0.0,0.0,0.0,0.0,0.0,0.0,0.0,0.9992380839363312,0.9671081939805523,0.8463785714218153,0.801951601761642,0.6950669040782783,0.6797056414410042,0.6617919487468047,0.6560487614290319,0.6394001502036175,0.634069282584016,0.6156625349319528,0.6099763248418304,0.5916153275565931,0.584431003924646,0.5757606197583934,0.5674552367644383,0.5427463521307723,0.4519897774249119,0.41601386640828264,0.316801123999765,0.27036542522394413,0.19038446512838908,0.17562370007863076,0.1570770265532628,0.15044486675622548,0.13114884944148344,0.12645452052931214,0.10749565417795222,0.10375242319694243,0.03337958639819275,0.01384910659929352,0.0028787786440434946,0.00036014355102869717,6.182075695184776e-06,2.9451528487336e-13,0,590976.5978482313,0.7789757412398922,7,0.20754716981132076,2
231,6452,0.0,0.0,0.0,0.0,0.0,0.0,0.0,0.999925082898263,0.9967041230970349,0.9835340634981274,0.9781914877854961,0.9639817738021091,0.9617525231944711,0.9590627198733506,0.9581752955421269,0.9555295318923174,0.9546587429484594,0.9515653984744048,0.950582597960925,0.9473209721550389,0.9460075337173587,0.9443875309039259,0.942050994633096,0.9348466027598041,0.9054823611903737,0.8923300786427442,0.850015536078893,0.8262083069377091,0.7756205464396555,0.7643687880827549,0.7490003356081302,0.7431151747575849,0.7246082852085755,0.7197509093732913,0.6984523548399244,0.693888030314078,0.5625639238648089,0.4780594248917725,0.3574329110087349,0.22513340135484444,0.09155547012448433,0.0022696159334350554,0,8989.028633842314,0.42048517520215634,4,0.20844564240790656,2
232,1117,0.0,0.0,0.0,0.0,0.0,0.0,0.0,0.9993305138628478,0.9709064597143192,0.8622591487754454,0.8215376650568145,0.7218297585387914,0.7072540652596625,0.6900381055623346,0.6844527080277011,0.6680796142433925,0.6627809822820148,0.6443055087591518,0.6385463018697412,0.6197978552881356,0.6124023642970907,0.60340743344306,0.590360181563599,0.551750587071567,0.41669917475677526,0.36645092604631374,0.2393586202239612,0.1870006627294182,0.10853493829567655,0.095812421458161,0.08069345876576382,0.07553100679454058,0.061224679446405854,0.057908945748509244,0.04522541991027669,0.04286324639466724,0.007778412185384002,0.0020854911006077267,0.00020129795191420723,1.0139948656481738e-05,2.9302250778973688e-08,8.51956491678499e-19,0,3086.8658207647136,0.25876010781671155,2,0.20934411500449238,2
233,6548,0.0,0.0,0.0,0.0,0.0,0.0,0.0,0.9998428103641328,0.9931563217357223,0.9664564220639007,0.9559129566547738,0.9286464989645874,0.9244844364423429,0.9195691973876491,0.9179822976849211,0.9133536258145113,0.9118631591388072,0.9066834275264001,0.9050734932140793,0.8998463727121994,0.8977872215677033,0.895301076679286,0.8938275249926703,0.8893842357778214,0.8715773135151139,0.8637235126995872,0.8387541629832789,0.8248713924642331,0.7956101034131522,0.7891699212508667,0.78054253410863,0.7773058932163485,0.7673199364876399,0.7647488619356353,0.7536727807360615,0.7513405136800083,0.6822027708700112,0.6342451586344509,0.5587442499841196,0.5017673048679588,0.40693874028885757,0.1712929266180031,0,3884.155624316478,0.29649595687331537,2,0.21024258760107817,2
234,7399,0.0,0.0,0.0,0.0,0.0,0.0,0.0,0.9992613337999758,0.9680022047356522,0.8499426141250832,0.8062669905366397,0.7006693479001612,0.6854232244771991,0.6675949072650811,0.6618655759332046,0.6452255528700928,0.6398898574237967,0.6214528293801529,0.6157575518758124,0.5973874058441015,0.5902071688245422,0.5815460735424702,0.5717287296745425,0.5422772894510643,0.4351403744802099,0.3933386183252992,0.2812101578247238,0.23121874597738018,0.14976876245953444,0.1354856477125987,0.11789894166106797,0.11171147011261592,0.09405321581998596,0.08984185715337199,0.07324510235591046,0.0700576398670847,0.016930250435073072,0.005640938268171916,0.0007957524364318289,6.270933983979987e-05,4.3465090033302146e-07,4.753040382435293e-16,0,1204826.9082545359,0.8149146451033243,8,0.21114106019766396,2
235,4938,0.0,0.0,0.0,0.0,0.0,0.0,0.0,0.999939478592302,0.9973536608976925,0.9868963067581648,0.98270844794465,0.9717091399988736,0.970005637193646,0.9679792268193853,0.9673208302344816,0.9653898286900269,0.9647609643393227,0.962544206112906,0.9618453116209837,0.9595435660528288,0.9586236749094642,0.9574979379361894,0.9563073366846088,0.952646333412737,0.9376551309670578,0.9308969470688253,0.9089239873661279,0.896402783691955,0.8693460487358116,0.8632460836270667,0.8548829936698027,0.8516712251017141,0.8415278118572033,0.838852543188578,0.8270498308110169,0.8245048555598415,0.7473315737139824,0.6926578540945398,0.6050375712549023,0.5007136995220075,0.34673787565673614,0.07634788140986741,0,675.6205067461004,0.11590296495956873,1,0.21203953279424978,2
236,4629,0.0,0.0,0.0,0.0,0.0,0.0,0.0,0.99920025262008,0.9652831282612839,0.8376419940512307,0.7906531290203802,0.6777824603782271,0.6615693014669821,0.6425816327584057,0.6364640622745896,0.6186420191373011,0.6129086660060815,0.5930225560830422,0.5868572315153228,0.566903546896275,0.5590802753687377,0.5496106696290702,0.535900785847338,0.49562989166584215,0.35850441692717705,0.30915667459781493,0.18933959695802868,0.14238790794944858,0.07583079284652261,0.06560568511853906,0.05370643771667783,0.04971201861047256,0.03888296059561964,0.03643036835119819,0.027277922099935705,0.025617744170830115,0.0034739362216287977,0.0007437880970844952,4.812741054610176e-05,1.404066775675487e-06,1.3922330848046858e-09,4.760425165058621e-22,0,115921.40739028034,0.6909254267744833,6,0.21293800539083557,2
237,7676,0.0,0.0,0.0,0.0,0.0,0.0,0.0,0.9992795097462112,0.9688036280500251,0.8535630590257842,0.8108626939621241,0.7074400362519118,0.6924861944335429,0.6749993353028984,0.6693804519279773,0.6530632897679383,0.6478317711475461,0.6297556446203538,0.6241720001399406,0.6061508693788763,0.5991023622914348,0.5906019221585774,0.5828170749047827,0.5596451560085941,0.4738547877141431,0.43949708992396613,0.3434655389813538,0.29806562069637066,0.21859607911615592,0.20371058777933096,0.1849886904102369,0.17829900844720944,0.15879612505281418,0.1540406731476175,0.1346819734490753,0.13083323440402098,0.05226320561445416,0.02583723874016288,0.007425599062207917,0.0017597301553200406,0.00010496994927244398,8.640194124096687e-10,0,3966.3065805933056,0.29829290206648695,2,0.2138364779874214,2
238,3428,0.0,0.0,0.0,0.0,0.0,0.0,0.0,0.9998144209868153,0.9919020657580191,0.9603141385305346,0.9478488603727201,0.9156095707553769,0.9106805557638509,0.9048368616266613,0.9029412960475924,0.8973855481174791,0.8955879010703218,0.8893111023997332,0.8873510169009595,0.8809572580004473,0.8784268956941762,0.8753566268093091,0.8731128326531058,0.8663453339584106,0.8393587715859747,0.8275298237405913,0.7902519219325286,0.7697546555165748,0.7271125402284491,0.7178320406389938,0.70546953534737,0.7008524015936554,0.6866787507072749,0.6830470213493574,0.667484018893608,0.6642240356375103,0.5703207982546286,0.5083641145253894,0.41629455858143655,0.37191430256405267,0.29974179560543507,0.12485873381277239,0,49.243221690590104,0.01078167115902965,0,0.21473495058400718,2
239,690,0.0,0.0,0.0,0.0,0.0,0.0,0.0,0.9992288115409093,0.966631353402389,0.8439800605871366,0.7987692300325782,0.6898717930105942,0.6742002585328347,0.655862471282089,0.6499584350391755,0.6327798431299886,0.6272615582071326,0.6081534196112428,0.6022350126227457,0.5830967652992699,0.5755984519596197,0.5665333253679832,0.5579999098168434,0.5326448729543246,0.4397450238404579,0.4029419291064037,0.3019259234179499,0.2554100829217406,0.17661144628023262,0.1622867710329276,0.14443044433960728,0.13808931460420656,0.11976710756674216,0.1153416989679938,0.09762636585835918,0.09416539305122379,0.029951285562474443,0.012406950383907598,0.0026034377598173545,0.00038588966963315046,9.228811525678488e-06,1.7397138491367394e-12,0,5291296.7645251835,0.8679245283018868,8,0.215633423180593,2
240,1169,0.0,0.0,0.0,0.0,0.0,0.0,0.0,0.99923471480257,0.9668826007245996,0.8450926955284979,0.8002033282092005,0.6920741549789926,0.6765071412365894,0.6583079661083467,0.6524593452872902,0.6354724996029342,0.6300184003641818,0.6111357483639985,0.6052877934132365,0.5863707047569169,0.5789562131304967,0.5699904516404154,0.5614508471756147,0.5360732259450411,0.44259073319440045,0.4054129789282932,0.30344001379509616,0.2565255542330409,0.1771309178434252,0.1627110937131533,0.144743084948453,0.13836430060147253,0.11993983070040458,0.11549129126502254,0.09769022670896914,0.09421389193498299,0.029834799613679436,0.012316819428070605,0.002569030438086723,0.00035855952417024176,7.623547201524563e-06,8.822669199362006e-13,0,52973035.05023269,0.9595687331536388,9,0.2165318957771788,2
241,6262,0.0,0.0,0.0,0.0,0.0,0.0,0.0,0.9990868596434952,0.9605077541874131,0.8172089589494322,0.7652463672045899,0.6422110613113601,0.6247281600698077,0.6043104721487385,0.5977465019692085,0.5786753496468151,0.5725580927525329,0.5514275788771924,0.5449039623264628,0.5238802195688107,0.515674385876905,0.5057315139246608,0.4906837054152549,0.44677344628139254,0.30290655670536776,0.2536175589054222,0.14091528405914885,0.10015973863460438,0.04710714925277152,0.039610882058231094,0.03117932625879257,0.02842797452203903,0.021196900288451326,0.019610769572137417,0.013888726370703906,0.012887827734715484,0.0011946443102371217,0.00019082529344477127,7.343451464144934e-06,1.2322295948007432e-07,4.241998502672851e-11,1.9882058136977821e-25,0,629.6307987332865,0.1087151841868823,1,0.2174303683737646,2
242,9730,0.0,0.0,0.0,0.0,0.0,0.0,0.0,0.9992185442298015,0.9661351405441257,0.841615953270567,0.7957485604772215,0.6853669725451428,0.6694926477532924,0.6509305346527879,0.6449563051603779,0.6275636643676842,0.6219717424835632,0.6026017812747738,0.5965865664389176,0.5770563649029233,0.5693742715640853,0.5600488432504376,0.5464106113652258,0.5062977132744558,0.3690213650721557,0.31931439622377583,0.19773872983109017,0.14964489606322898,0.08079070160817312,0.07011364443109747,0.057646889454946774,0.05345048804049962,0.04203788461482333,0.03944471887928979,0.029732964531600948,0.027964486963408752,0.0039766490059466785,0.0008836627424580284,6.113762101116897e-05,2.1591983760485706e-06,3.1128739970436233e-09,5.114825178946044e-21,0,2913.8169308966844,0.25336927223719674,2,0.2183288409703504,2
243,4546,0.0,0.0,0.0,0.0,0.0,0.0,0.0,0.9996695584809132,0.985742346318023,0.9314348163025816,0.9105426196650223,0.8578761387055676,0.8500064480313815,0.8407928249469954,0.8378396083811018,0.8293048989672751,0.8265817709336644,0.8172071172406868,0.8143208781673414,0.8050381830130781,0.8014167127531775,0.7970799521609823,0.7949150949678576,0.7884546501831368,0.7629779189437934,0.7519345912644253,0.717510761655472,0.6987675892786684,0.6601125967868818,0.6517677024300836,0.6407209047635699,0.636620865250764,0.6241110958030284,0.6209251235109133,0.6073526104870778,0.6045262183932527,0.5232999205745256,0.46965902447193875,0.38968939927095125,0.3519110283856533,0.2894359390904926,0.13076767330448366,0,inf,0.9703504043126685,9,0.2192273135669362,2
244,9258,0.0,0.0,0.0,0.0,0.0,0.0,0.0,0.9999126899844522,0.9961421699691191,0.9807679563282499,0.974563124863567,0.9581452000905829,0.9555821366718026,0.9525017261022555,0.9514901979386651,0.9484896285454906,0.9475070336207378,0.9440341394125041,0.9429363251493253,0.9393113866356587,0.9378590315903454,0.9360765521674907,0.9342308438161275,0.9285860224242677,0.9056917046264781,0.8954789706008636,0.8626913874095128,0.8443070110612809,0.8052966321191346,0.7966427619103765,0.7849146121276238,0.7804608369590839,0.7665597164658106,0.7629387040695038,0.7471133052699541,0.7437239240759401,0.6435883977796643,0.5756835223621585,0.4722861923514679,0.3567948902457747,0.20553667762846023,0.020591740668357315,0,212.53135313531354,0.04672057502246181,0,0.22012578616352202,2
245,5315,0.0,0.0,0.0,0.0,0.0,0.0,0.0,0.9992092877055209,0.9657352737405562,0.8398538314636377,0.7935326367890281,0.6821808143505904,0.666181990472937,0.6474773174229561,0.6414643189870773,0.6239945681331479,0.618391001797501,0.5990254075933991,0.5930423386133601,0.5737457883416249,0.5662054318889207,0.5571116268382035,0.5482638796648948,0.5217508835572376,0.4250763179340969,0.3871599521880449,0.2844012338467207,0.23784279991101953,0.16037170293383501,0.14651805219560943,0.12936943565843395,0.12331454108174324,0.1059313289502551,0.10175942467909693,0.08517380767293344,0.08195294908140313,0.024069988078091208,0.009364482786342485,0.0017539525813775607,0.00020607522126977448,3.133690425151038e-06,9.074437443526372e-14,0,21812778.342090342,0.9299191374663073,9,0.2210242587601078,2
246,5061,0.0,0.0,0.0,0.0,0.0,0.0,0.0,0.9996885911816877,0.9865322409268851,0.9351300333714712,0.915311470464248,0.8652374134033258,0.8577406078808103,0.8489586127331491,0.8461425318126117,0.8379828748045813,0.8353726418462981,0.826363216316177,0.8235867419952256,0.8146536124912526,0.8111670831076129,0.8069908133541023,0.8047898953549271,0.7982014897272367,0.7721439740349878,0.7608165874836221,0.7254140524721266,0.7061098885226531,0.6663226372521183,0.6577478907715386,0.646411505523744,0.6422091630512475,0.6294030570936938,0.6261455855581749,0.6122852755637685,0.6094027519076443,0.5267321402945377,0.47220651638350103,0.39103712522495354,0.3508058316990161,0.2847718510836315,0.12176252162100565,0,364080.8862217027,0.7538185085354897,7,0.22192273135669363,2
247,3510,0.0,0.0,0.0,0.0,0.0,0.0,0.0,0.9992071484389673,0.9656800188899409,0.8397439170314038,0.793454012658039,0.682283119661858,0.6663251034863878,0.6476868120056732,0.6417012042573998,0.6243281156508158,0.6187609740991109,0.5995397424191861,0.5936073311603379,0.5744897804785817,0.5670249589257154,0.5580198894387511,0.5487832094749955,0.5213412712614116,0.4219600596712941,0.38327422705786246,0.279252815714335,0.23253575763508463,0.1554667388078519,0.14177012049898854,0.12482905344869177,0.11885013799388301,0.10170098801713373,0.09758933060127331,0.08126746523290491,0.07810672149633292,0.022122896541682643,0.008354165875745282,0.0014792250991490193,0.00016476713033079668,2.25376347200478e-06,4.1863377111943536e-14,0,92931.12496301072,0.6702605570530099,6,0.22282120395327942,2
248,3856,0.0,0.0,0.0,0.0,0.0,0.0,0.0,0.9992170186001328,0.9660336881163476,0.8410405874745457,0.7949543935547456,0.6839390310566956,0.6679576928482723,0.6492472889489548,0.6432256359810786,0.6257114783694907,0.6200875386240305,0.60063165396328,0.5946150611818685,0.5751897521629836,0.56758372809975,0.558383568176423,0.5452987045089379,0.5067430929300595,0.37382353497731774,0.325250735717843,0.20509717919718798,0.15685104557676763,0.08666183381218612,0.07560618654703671,0.06260531093137477,0.058202979455686935,0.04615477115469599,0.04339983504863024,0.0330157107951437,0.031112022556538364,0.004695920194882758,0.0010912745097485875,8.16753901237059e-05,3.07840409509583e-06,5.051522703978586e-09,1.4489358946139337e-20,0,21816.650693914307,0.5336927223719676,5,0.22371967654986524,2
249,3581,0.0,0.0,0.0,0.0,0.0,0.0,0.0,0.9992863257534076,0.9690713563498791,0.8546085482853947,0.8121169691136927,0.7090222813658175,0.6940916980469598,0.6766093041385509,0.6709847389313346,0.6546309002957186,0.6493804428371625,0.6312125828343851,0.6255925512865691,0.6074312146102879,0.6003153938134852,0.5917185730052558,0.5810406024529735,0.5493154279584516,0.435477772690638,0.3917083611342416,0.27607300040668975,0.22538452025955028,0.1440866505190681,0.13003617398334588,0.11288722958954468,0.1068965898530552,0.0898612932470594,0.0858138528479036,0.06994489096760995,0.06691147261474893,0.016344007695427026,0.005515237261910099,0.0008021010029868688,6.957840895742187e-05,5.83953870009723e-07,1.4333899809892819e-15,0,1033.6905273294042,0.1446540880503145,1,0.22461814914645103,2
250,1681,0.0,0.0,0.0,0.0,0.0,0.0,0.0,0.9998007644943003,0.99131616137104,0.9575224224731197,0.9442201436315435,0.9099036455181108,0.904669023854531,0.8984710021621612,0.8964614436036307,0.890567070574698,0.88865839116192,0.8819890312267283,0.8799063503315182,0.8731247592827361,0.870445784980977,0.8672006582663163,0.8652304708147479,0.8593208239209464,0.8358418623081552,0.8255834143213477,0.7933225280948906,0.7756040312525554,0.7387481621532273,0.7307387591644118,0.7200919536977396,0.7161202204628642,0.7039385591133512,0.7008202290783471,0.6874666607517741,0.6846714706161756,0.6033143338662619,0.5485151879964962,0.46505504104611556,0.413110919706976,0.32895133435802787,0.12993364681343153,0,19.100877192982452,0.0017969451931716084,0,0.22551662174303683,2
251,3062,0.0,0.0,0.0,0.0,0.0,0.0,0.0,0.9992239547115531,0.9663967922902601,0.8428708824577311,0.7973724246009609,0.6878681520382713,0.6721186788790932,0.6536770146666134,0.6477338189602344,0.6304250975472164,0.624859860036507,0.6055817346204858,0.5996122604528542,0.5803141260265066,0.5727553941601587,0.5636191345710881,0.5549991075509396,0.529193786916072,0.43451366417852155,0.39715691594245167,0.2951511391310907,0.2484902037960317,0.17002764277966945,0.15586042318212098,0.13825069611038646,0.13201169787698178,0.11403188390794665,0.10970050667840109,0.09241097212692141,0.08904315926058584,0.027411529988779677,0.011072972134422154,0.002222296247681905,0.00030963938429245203,6.561586192748284e-06,7.489714650530863e-13,0,11493789.619640285,0.9065588499550764,9,0.22641509433962265,2
252,10652,0.0,0.0,0.0,0.0,0.0,0.0,0.0,0.999615488235447,0.9832586896558776,0.919222108130692,0.8945168244193972,0.8321177742915774,0.8227654353062002,0.8117261956497722,0.8081565853535032,0.7977271283415256,0.7943629727590688,0.7826585063809041,0.7790170670953165,0.7672126779924939,0.7625822167421321,0.7570015547638258,0.7535528074311215,0.7432578402792995,0.7031373233590007,0.6860017566032737,0.633620629342999,0.6058040414784372,0.550069352277841,0.538328819349375,0.5229480985313858,0.51728646997221,0.5001697204129604,0.4958485137911392,0.47761362986662687,0.47385186245009486,0.37101189345402885,0.3088043335114071,0.225044325767126,0.19483831297647908,0.14797049348104285,0.048437233911581015,0,110.29732582688248,0.027852650494159928,0,0.22731356693620844,2
253,2147,0.0,0.0,0.0,0.0,0.0,0.0,0.0,0.999220308143947,0.966321474101619,0.8428336252280806,0.7974571508017804,0.6884668128223187,0.6728237769567484,0.6545848738330041,0.6487382277925047,0.631791963441344,0.6263669153535623,0.607651456461264,0.601874612208231,0.5832507207684179,0.5759754081406604,0.5672074229958045,0.5580013071098597,0.5305030998006138,0.43028612740885913,0.3909743335236883,0.2846301773080176,0.23663762537303373,0.15726962665577324,0.14315996165831224,0.1257105066067535,0.11955138372798153,0.10189310326839819,0.0976629543498379,0.08089595657401542,0.07765454793626252,0.021128420992383906,0.007738101923869627,0.001290717266974949,0.00012670710955351282,1.3569684888999385e-06,9.225288952646054e-15,0,121064.69964005776,0.6954177897574124,6,0.22821203953279426,2
254,9037,0.0,0.0,0.0,0.0,0.0,0.0,0.0,0.9992862365460299,0.9691313789678246,0.8551239468930248,0.8127981649064312,0.7100400215976879,0.6951362007368896,0.6776624934847746,0.6720336014907988,0.6556469669455077,0.6503802925973227,0.6321393577967864,0.6264915236240634,0.6080966345577391,0.6008277485716089,0.5919713691367299,0.5812468983628782,0.5493977195819689,0.4352046538151398,0.39133671365481,0.2754198660748875,0.22450245315010264,0.14280129094546995,0.1286794538357528,0.11141876513667943,0.10538461521340868,0.08829532965421774,0.08425093411994208,0.06842421691257256,0.06540501200926012,0.01557445683008674,0.005152166834353646,0.0007230201338472394,5.708964424209032e-05,3.991482205210008e-07,4.616537089160895e-16,0,1521.75948205971,0.18149146451033243,1,0.22911051212938005,2
255,2439,0.0,0.0,0.0,0.0,0.0,0.0,0.0,0.9992652500372279,0.9681426383147289,0.8504615840603571,0.8068747899794937,0.701332501432711,0.6860694664602143,0.6681910894566303,0.6624355442360725,0.6456573294203481,0.6402575217545319,0.6215326457278655,0.6157281423733172,0.5969422633705123,0.5895752311552035,0.5806638123652808,0.5721675389180517,0.5467637261114764,0.4533210009618535,0.41625859930793274,0.31426344190545746,0.26709912829186694,0.18675400657950414,0.1720723014948347,0.15374740857642866,0.14723475568679656,0.12839028316456316,0.1238320152222993,0.10554621764782925,0.10196544794110243,0.034175805580796054,0.014752437203257538,0.0033300539515512704,0.0005280611155174842,1.4411103420230118e-05,4.696972907830524e-12,0,7211682.590005852,0.8796046720575023,8,0.23000898472596587,2
256,10644,0.0,0.0,0.0,0.0,0.0,0.0,0.0,0.9999160177440087,0.9963437176227328,0.9819892240825022,0.9762791359109857,0.9613830586079519,0.9590912804241594,0.9563793013462916,0.9555025262749052,0.9529417971634911,0.95211615976153,0.9492427406175049,0.9483483232183879,0.9454399888367777,0.944292435216197,0.9429055102803443,0.9419620598143489,0.9390827293450914,0.9273626776220694,0.9221085994453634,0.9051045704314139,0.8954678073696992,0.8746553100923192,0.8699545307119594,0.8635214746032227,0.8610577760097854,0.8532970570537745,0.8512573116509153,0.8422867566126495,0.8403585529966511,0.7814381167945698,0.7389560895189173,0.669159112015524,0.5945543018271896,0.4721642981238543,0.18202948444946077,0,5107.628295878224,0.3360287511230907,3,0.23090745732255166,2
257,9236,0.0,0.0,0.0,0.0,0.0,0.0,0.0,0.9998627747013012,0.9939709798828108,0.9701944509812502,0.9607134813511135,0.9359503789245874,0.9321296357398665,0.9275742594669605,0.9260896580660677,0.9217187282706004,0.9202980710360369,0.9153148340890538,0.9137476837119086,0.9085972202898971,0.9065434790171328,0.9040337474900905,0.9010884590551098,0.8920922159858767,0.8559248904590461,0.8399620028257881,0.789459683409651,0.7616524257760974,0.7038810118635214,0.6912915109829497,0.6743452288357094,0.6679427580261005,0.6480828954281177,0.6429407224706026,0.6207186770903694,0.6160210106080474,0.4842770050301228,0.4025752808559487,0.2903685883881912,0.2031889461908734,0.10131108170959399,0.0057022226193905465,0,4544.25134104683,0.3216531895777179,3,0.23180592991913745,2
258,8719,0.0,0.0,0.0,0.0,0.0,0.0,0.0,0.9992057445381353,0.9656809908388726,0.8399688661217772,0.7938033230257179,0.6829521436724403,0.6670434366044913,0.6484706382639334,0.6425087443073132,0.6252120544571829,0.6196717943687822,0.6005322898898641,0.5946198048449077,0.5755498111671227,0.5680932007050293,0.5590872820715305,0.5504646666162716,0.5247494190073316,0.4306857701510978,0.3936358154739097,0.2926074869927059,0.24644667745726426,0.16887132495210957,0.15487109429789875,0.13748365348349134,0.13132879627583607,0.11360941585386614,0.10934772428810514,0.09235520782755877,0.0890484041165855,0.028080757729425164,0.011582218093750126,0.0024218944999791973,0.00034566112587599743,7.701978390630118e-06,1.096974458566065e-12,0,197078.13212416292,0.7268643306379156,7,0.23270440251572327,2
259,9493,0.0,0.0,0.0,0.0,0.0,0.0,0.0,0.9992137461974251,0.9659535016771059,0.8409073808068139,0.7948985275194077,0.6842931877194798,0.668364089532174,0.6496994926198713,0.6436864631639774,0.6261800586719466,0.620553089959024,0.6010681611302447,0.5950369011754028,0.5755464879387392,0.5679156074783535,0.5586945662196434,0.5496552438901567,0.5225944698358499,0.4237731055876789,0.38505627225731237,0.280625539748119,0.2336019267269714,0.1559006458175734,0.1420950930992797,0.12505061602613293,0.11904518895791937,0.10184588086801678,0.09772923621633342,0.0814241909985781,0.07827342384083695,0.022387722426206503,0.008522851844191291,0.0015324536529740971,0.0001745791347584561,2.4953598311467382e-06,5.5628106526597495e-14,0,169615.66253885432,0.7169811320754716,7,0.23360287511230907,2
260,2037,0.0,0.0,0.0,0.0,0.0,0.0,0.0,0.9991594211352712,0.9638843990130782,0.832801491813589,0.7851518410487723,0.6716114384203065,0.6554231712678801,0.6366000966954595,0.6305805089344715,0.6131800150038971,0.6076266254818652,0.5885117825158215,0.582628564738555,0.5637206458203086,0.5563577470316974,0.5475035063630006,0.5374873573577876,0.5075068763529428,0.3994965709631391,0.35789775564918247,0.2482419596466632,0.2004794129528528,0.12470496350481002,0.1117506464172337,0.09596430681096535,0.0904568983185357,0.07489303300707667,0.07121785933375428,0.05690337830300748,0.05418956131233711,0.011384663955131036,0.003402654224707451,0.0003952822041729028,2.227023913021515e-05,8.05952074116014e-08,6.110477101823711e-18,0,241923.8502547738,0.7322551662174304,7,0.23450134770889489,2
261,9388,0.0,0.0,0.0,0.0,0.0,0.0,0.0,0.9997721647391661,0.9901045231120335,0.9518271690664272,0.9368547724853009,0.8984730695922728,0.8926520831075291,0.8858089273345808,0.8836117184480318,0.8772374835654017,0.8751959530726543,0.868139969446752,0.8659589226699231,0.8589163338885116,0.8561574766854373,0.8528430052064129,0.8510859433085254,0.8458065644084096,0.8247684322049453,0.8155462277573923,0.786434735412079,0.770378509509503,0.7368292046069612,0.7295019821989553,0.7197148372770055,0.7160503643045695,0.7047691768229843,0.7018707318816954,0.6894106005995955,0.6867920980707708,0.6100274966356114,0.5578001410118183,0.47740574458082624,0.4319900745360931,0.35664938708676025,0.1636049321938974,0,11031.99002932804,0.44923629829290207,4,0.23539982030548068,2
262,652,0.0,0.0,0.0,0.0,0.0,0.0,0.0,0.9992193850581543,0.966228902122165,0.842190624680724,0.7965221690864801,0.6866557852317405,0.6708614543956318,0.6523911148643063,0.646445504761029,0.6291490695238946,0.6235939316249934,0.6043714695344847,0.5984255632877573,0.579223379083241,0.571709827788465,0.5626374255665649,0.5538480382372821,0.527570172637374,0.4314293821589533,0.3936179090727107,0.2907614283484241,0.24393972355448656,0.1656316353345415,0.15156245014489347,0.1341111051614437,0.12794317786202597,0.11022011235518868,0.10596281121073521,0.089016959847745,0.08572547555638116,0.02599744215947266,0.010406380779018364,0.0020638167020404965,0.00031712046120439304,8.137403778162166e-06,2.054243492314956e-12,0,70742.20976857362,0.6406109613656783,6,0.2362982929020665,2
263,8440,0.0,0.0,0.0,0.0,0.0,0.0,0.0,0.9992157334658719,0.9660296936715528,0.8412419733818912,0.7953400076912336,0.6850113072350673,0.6691633663495986,0.6506533783616807,0.6447084845545545,0.6274398346099747,0.621901789983721,0.6027658726084074,0.5968551104473655,0.5777925139085447,0.5703435899181483,0.561361440964512,0.5524697289378013,0.5259421896747338,0.42910571877673553,0.3910449129303263,0.28767842449887987,0.24074105282899502,0.1624890602182419,0.14847173659216117,0.13109964419358078,0.1249589798533828,0.10731267836023119,0.10307378976931687,0.08621013157197731,0.08293572653579842,0.024227832332480374,0.009387711613956145,0.0017459650473331495,0.00022489403260213248,4.1008773475701405e-06,2.545113294162043e-13,0,275427.8342560906,0.7394429469901168,7,0.2371967654986523,2
264,6134,0.0,0.0,0.0,0.0,0.0,0.0,0.0,0.9991981243813446,0.9653568645829244,0.8386855918197303,0.7922866208010394,0.680648373882026,0.6645454285033379,0.6456421337416022,0.6395179037660818,0.6215680239776878,0.6157601650821407,0.5955213718153167,0.5892119356545057,0.568646512824847,0.5605272049492228,0.5506281611475021,0.5369500578124657,0.49680428406876265,0.3600224169258533,0.31075182730600176,0.19094285464951327,0.1439236596201421,0.07712684252070198,0.06683997263855979,0.054864773174183756,0.050844265363460636,0.03993246067794896,0.03745775351665458,0.02820511981456188,0.02652302582388525,0.0037528151452846784,0.0008293236893792571,5.6649059760115706e-05,2.970470213506991e-06,9.578475610761334e-09,5.012574919624587e-19,0,41134.837905638036,0.5911949685534591,5,0.23809523809523808,2
265,7665,0.0,0.0,0.0,0.0,0.0,0.0,0.0,0.9992303872941913,0.9667872127311153,0.8449398959550817,0.8001083450911834,0.6922255317791381,0.6767135162692102,0.6586111222168832,0.6528010943847916,0.6359242132859404,0.630515160517923,0.6118174249626696,0.6060378454610029,0.5873845493091857,0.5800897147576115,0.5712890244419734,0.5619122040307442,0.5339701276089891,0.4324498705536059,0.3928080730019481,0.2859815403208227,0.23794681893234648,0.1586742260665695,0.14460527890009095,0.12724850470131854,0.12113721831522337,0.10364512325279336,0.09945965574132974,0.08287244999743433,0.07966204361537861,0.022696200828294846,0.008626259963479207,0.0015502490910342854,0.00018298373917190612,2.8094687956643855e-06,8.502956052369467e-14,0,5095.354717346369,0.3351302785265049,3,0.2389937106918239,2
266,4010,0.0,0.0,0.0,0.0,0.0,0.0,0.0,0.999242291202564,0.9670772302367128,0.8454733352682787,0.8004675525125763,0.6916728329618741,0.6759622066148264,0.657541896168078,0.6516048202376763,0.6343117564129277,0.6287508574504649,0.6094850881664733,0.6035166950407497,0.584211410107645,0.5766456584960711,0.5674963488799861,0.5582592700373333,0.5306668132304352,0.4301391346997544,0.3907779055964501,0.28452641583164673,0.23680790194547408,0.1581095241777598,0.14414997039716368,0.12694232677491507,0.12088863898363471,0.10357118862963224,0.09942398982187989,0.08296918107940479,0.07978388574767956,0.023043171306953405,0.00886339751950507,0.0016312687066203774,0.00019533014002427303,3.0733266636316694e-06,1.0142784484902382e-13,0,38748660.342271395,0.9478885893980233,9,0.2398921832884097,2
267,3331,0.0,0.0,0.0,0.0,0.0,0.0,0.0,0.9999339634396378,0.9971024613868185,0.9855878544875996,0.9809501162493326,0.9687006792398349,0.9667926598091289,0.9645045906284256,0.9637540714405506,0.9615302054771536,0.9608027618445963,0.9582343286551124,0.9574232450633574,0.954747714801721,0.95367359268373,0.952351503624232,0.9507190676197561,0.9456879062285524,0.9250833412906677,0.9157999127001325,0.8856718864190196,0.8685642699269693,0.8317927712326659,0.8235425689538964,0.8122521014126783,0.8079236428889541,0.7942853793686492,0.7906993410162396,0.7749338892625945,0.7715463277839965,0.6709392557146249,0.6022372222510128,0.49678865881319234,0.40862554685858504,0.28019139243888563,0.059727558064927105,0,3449.2126368300965,0.27942497753818507,2,0.2407906558849955,2
268,6091,0.0,0.0,0.0,0.0,0.0,0.0,0.0,0.999370257167154,0.9726164134527384,0.8702397574624947,0.8317973112608459,0.7373925453016348,0.7235648301338987,0.707264838830763,0.701979129911591,0.6864916914046815,0.6814819192637159,0.6640180540349171,0.6585756328874467,0.640868063029051,0.6338559378260024,0.6252541422508503,0.6135857149800332,0.5788275715446344,0.454340488660525,0.4066491068275474,0.2815246222497329,0.22727119290194872,0.14147493105006714,0.12683237920778803,0.10904639691196576,0.10287331838238496,0.0854978488389428,0.08141003859857515,0.06551255459563948,0.062499352951288056,0.014000940125879864,0.004426406614349541,0.0005763120131037679,5.034288432465875e-05,4.2872570980388985e-07,1.1223354066481681e-15,0,1695.3405418851871,0.1877807726864331,1,0.2416891284815813,2
269,9053,0.0,0.0,0.0,0.0,0.0,0.0,0.0,0.9991762366874096,0.9642578631385491,0.8331862996431738,0.7850803356478001,0.6697890928538797,0.6532652173925079,0.6339340668731375,0.6277134117759895,0.6096226657412175,0.6038143370178969,0.5837262124284731,0.5775161713303829,0.557474255228676,0.5496385640732336,0.5401785434164309,0.5307472285190693,0.5026970632604834,0.4016965251724105,0.36278916067956274,0.2595020484106084,0.21385601400671506,0.13982982803137767,0.12689975943826992,0.11107647697515402,0.10554402202958489,0.08981638489161924,0.08607161776902021,0.07130124235626366,0.06845922971247405,0.01887460766384374,0.0070173596724554576,0.0012198250242401983,0.00014205407217143443,2.116640970893528e-06,5.57296739183119e-14,0,6746405.351144168,0.8751123090745732,8,0.24258760107816713,2
270,6353,0.0,0.0,0.0,0.0,0.0,0.0,0.0,0.9998183721545086,0.9919989659612812,0.9604792578751206,0.9479263596615648,0.9151718359223836,0.9101196650705141,0.904075855087804,0.9020987096363859,0.8962555928228692,0.8943486111020063,0.8876328011449923,0.8855176508075762,0.8785596767179005,0.8757829244318897,0.872384970934337,0.8673533587272538,0.8518167848473255,0.7899495396022707,0.7630989505554011,0.6803092900949649,0.6362518595684132,0.5484654981996823,0.5300062845806579,0.5054461750079962,0.4962420424095105,0.46802709507003204,0.46081440546201086,0.4300900390842945,0.42372119949859943,0.26414668421255727,0.18374806649253903,0.09665556765449831,0.04847259374028897,0.012690861437771535,5.08814868664485e-05,0,106922.9481074143,0.6846361185983827,6,0.24348607367475292,2
271,4432,0.0,0.0,0.0,0.0,0.0,0.0,0.0,0.999905249074592,0.9958552122646346,0.979518050211919,0.9729953545420176,0.9559192625501858,0.9532843225497734,0.9501533679131592,0.9491368411240086,0.9461553509069818,0.9451899718014377,0.9418161115374108,0.9407615248710062,0.9373180935154108,0.9359537895509552,0.9342980236615145,0.9328537814336962,0.9284563470942169,0.9106543265032867,0.9027227989835942,0.8772517501671412,0.862947408076678,0.8325017780721119,0.8257361419456212,0.8165867440744676,0.8131165406964646,0.8022844117088709,0.7994628580541954,0.787168181265827,0.7845496888555301,0.7062650575177519,0.6516518398090442,0.5654511728989827,0.49178169014175155,0.37560319750029797,0.1245804335117927,0,inf,0.9694519317160827,9,0.24438454627133874,2
272,7151,0.0,0.0,0.0,0.0,0.0,0.0,0.0,0.9992993405983684,0.9696841311177047,0.8575739519332758,0.8159699503521619,0.7150217193184604,0.7004020451485046,0.6832830939660463,0.6777720601870445,0.6617244764759344,0.6565654690800221,0.6386918730895813,0.6331559477041027,0.6152526805255805,0.6082317192872558,0.5997256125533386,0.5889387492785092,0.5566253660542365,0.43989849373922485,0.3947673655895537,0.27527924894696465,0.22296151437650685,0.1395227472251357,0.12518879756063747,0.10767864567837371,0.10155695385295445,0.08422117286315522,0.0801192780858645,0.06409678860495482,0.06105153287891721,0.012959524807318077,0.003919374725910789,0.00046791942282038137,3.215047276480185e-05,1.7106208768966396e-07,6.342358613255901e-17,0,287957.8199355477,0.7421383647798742,7,0.24528301886792453,2
273,1969,0.0,0.0,0.0,0.0,0.0,0.0,0.0,0.9992394595371781,0.967057231856954,0.8457555715609925,0.8009893031489655,0.6930315184101749,0.6774751283468463,0.6592598343340696,0.6533873767201628,0.6362783806844278,0.630775339496999,0.6117048914887276,0.6057972353609244,0.5866906891620207,0.5792034965560877,0.5701510182502595,0.561598901053234,0.5362402015985831,0.4436718578961862,0.4071744539824697,0.306852320495236,0.2605305276918436,0.1817496080409134,0.1673752095831854,0.14944530604106587,0.1430761717250241,0.12465718710514057,0.12020429086439081,0.10235190647045558,0.09885817589833444,0.032866214425043526,0.014085796750659173,0.003139447673973905,0.0004897733466435662,1.2946172718009385e-05,3.696122007488429e-12,0,8423195.39352741,0.8912848158131177,8,0.24618149146451032,2
274,8370,0.0,0.0,0.0,0.0,0.0,0.0,0.0,0.999255785810614,0.9678567228560676,0.8495073311997732,0.8058109399539116,0.700346796935614,0.6851426859450327,0.6673591893238054,0.6616367672487206,0.6449924876295464,0.6396473455232357,0.6211505496627983,0.6154285073699121,0.5969460996722422,0.5897120285957793,0.580979094347963,0.5716184345594636,0.5436517499429118,0.44164131955065355,0.4016400549824135,0.29338203154953,0.24446327993324582,0.163386006393108,0.14894187337387704,0.13107489520642637,0.12476844410159746,0.10667988878321485,0.10234310902754012,0.08513035848225851,0.08179494599927332,0.022907565838987433,0.008575249285567212,0.0014949166731179852,0.00016190504516365884,2.1003729687916552e-06,3.1572479665259553e-14,0,3224.1319978264683,0.2695417789757412,2,0.24707996406109614,2
275,6816,0.0,0.0,0.0,0.0,0.0,0.0,0.0,0.9986464543655524,0.9420265811004143,0.7415273451240484,0.6725424596742308,0.5171453854667154,0.49605583746280385,0.4716531303187636,0.46384871978124875,0.4412911436830921,0.43409405488139235,0.40940600664715515,0.40184163010925905,0.3776651852875286,0.36832010464149567,0.35709100690379975,0.34370981644445503,0.3054706909386188,0.1874042228826739,0.14994068642567027,0.07175251101836513,0.04678861971504822,0.018212556862239195,0.014667155397427498,0.010881140774854515,0.00969821320077615,0.006731255438996023,0.00611107758420788,0.003981580635021266,0.003628691357161153,0.0001904022220360336,1.9681158383243366e-05,3.519668868707668e-07,2.352273624397347e-09,1.3185972613813322e-13,3.1265580550924915e-31,0,41162.25308234547,0.5920934411500449,5,0.24797843665768193,2
276,10154,0.0,0.0,0.0,0.0,0.0,0.0,0.0,0.9995531520451395,0.9806756091968929,0.9076412801217714,0.8798181172190626,0.8104118970255134,0.800126537759982,0.7880727614050709,0.7842011196822446,0.7729851145082679,0.7694010237634701,0.7570472877345865,0.753239511015885,0.7409798607542091,0.7361930344081499,0.7304486924895508,0.7274897709767869,0.7186846947953659,0.6843131206290414,0.6695876437788644,0.6243699982376203,0.6002160855064711,0.5514838384337906,0.5411597150758009,0.5276141195603368,0.5226236384034675,0.5075178837863817,0.5037002015234634,0.4875681125334694,0.4842356329827013,0.3917860976013658,0.33430658907538674,0.254283953756306,0.22221906500637245,0.171856085605789,0.06078167602508571,0,98.52272727272728,0.026055705300988323,0,0.24887690925426775,2
277,9099,0.0,0.0,0.0,0.0,0.0,0.0,0.0,0.9992965490025059,0.9694700326812655,0.856277204952328,0.814127223175862,0.7115658663843627,0.6966721902666383,0.6791946633113161,0.6735596180476531,0.6571410801579165,0.651859689344609,0.6335554048168793,0.6278850677866634,0.6095444848157171,0.6023557948597027,0.5936662817238426,0.5828818901889035,0.5508475159881594,0.4360056911955431,0.3919005279767944,0.27554842882180197,0.22464301484162577,0.14316222452303892,0.129105898302894,0.11196133897224514,0.10599988790756668,0.0891846670502755,0.08521886485945614,0.0697305598422729,0.06678033905764498,0.017037964013656537,0.00599472781191658,0.00095266045589876,0.00011301443713511742,1.7493151249618368e-06,5.4363630079305914e-14,0,29745.866697747882,0.5651392632524708,5,0.24977538185085355,2
278,3139,0.0,0.0,0.0,0.0,0.0,0.0,0.0,0.9997458240955414,0.98895296446648,0.9462893157048392,0.9296349077273964,0.887034975610502,0.8805848772048981,0.8729512596817335,0.8704783576094518,0.8632387791945124,0.860897119348529,0.8527249591064487,0.8501741766491708,0.8418577813950204,0.8385648528665589,0.834564262635762,0.8305053199803852,0.8181049660021077,0.7687059707160395,0.7470951926464355,0.6796288541014611,0.6432036853575144,0.5693588753281661,0.5535971436856201,0.5324971439840455,0.5245441063681772,0.5000646084947841,0.493780227867919,0.46686958241139,0.4612362398057479,0.31320843857392233,0.23222412118428662,0.1363481355470674,0.07173383480401424,0.020409702424968663,0.00011063183110630551,0,9524256.496209903,0.8966756513926325,8,0.25067385444743934,2
279,1235,0.0,0.0,0.0,0.0,0.0,0.0,0.0,0.9971988524455124,0.8839672126888409,0.5400362820826392,0.4422872671907286,0.260117129270391,0.23937311934777625,0.21670417416716234,0.20977118095661373,0.19057045272776973,0.18470106136367734,0.1654551123945223,0.15982508432787956,0.14263603512451667,0.13630711461189668,0.12896101340379085,0.12301317710806378,0.10651933807788701,0.05911709153749724,0.04532880976734294,0.019040579265330308,0.01157959883393935,0.00391429893447484,0.0030607858311932955,0.002188949258887317,0.0019265046991859703,0.0012907244958784995,0.0011623386167051034,0.0007345368956206364,0.0006657956125399367,3.047315712188543e-05,2.9150983179383863e-06,4.7705734915791547e-08,1.9362981952270734e-09,4.213725645570899e-12,6.635809728380755e-23,0,inf,0.9730458221024259,9,0.25157232704402516,2
280,1011,0.0,0.0,0.0,0.0,0.0,0.0,0.0,0.9991948493141258,0.965146091153719,0.8373855277699473,0.7904859873223677,0.6780073685993798,0.6618807384268783,0.6430479685029903,0.6370000446382316,0.6194547444752431,0.6138351023832086,0.594439891175106,0.5884560975627602,0.5691805488145982,0.5616573073943685,0.5525940117136227,0.5421313775207107,0.5109042242948383,0.3990903282837208,0.35630364444594687,0.2443886958345393,0.19611576668425734,0.12032317074352408,0.10749098695558404,0.09191840068211113,0.08650421044445392,0.07126075888528878,0.06767499918763474,0.05375675703453548,0.05112558351322378,0.010284524875693955,0.002969147273108416,0.0003236587828323719,1.718027965812187e-05,5.529694365305458e-08,2.570320049705229e-18,0,1366.0529366615576,0.16891284815813118,1,0.252470799640611,2
281,1171,0.0,0.0,0.0,0.0,0.0,0.0,0.0,0.999281843169703,0.9689345954857209,0.8542178861035598,0.8117216258122113,0.7088066441629449,0.6939228437989046,0.6764940646884147,0.6708864764961583,0.6545812313116682,0.6493468824439593,0.6312193537652091,0.6256039232412935,0.6074413005620061,0.6003224285968918,0.5916938390512219,0.5799298851721861,0.5448813785720044,0.4201018998721152,0.37271604353252097,0.25014283366926016,0.19809594535949354,0.11788380206325627,0.10455787602858879,0.08855332245765418,0.0830378217217886,0.06766717513150415,0.06408833658682006,0.05033541432437449,0.047761960748496736,0.00897674193014491,0.0024689519424040884,0.0002487562110280652,1.4132991894946142e-05,5.190255953094262e-08,4.151956005714614e-18,0,10941.09649059823,0.44833782569631625,4,0.25336927223719674,2
282,3741,0.0,0.0,0.0,0.0,0.0,0.0,0.0,0.9992154632905503,0.9661787871629052,0.8424419365515893,0.7970699184902831,0.6880931425196756,0.6724506954902609,0.6542105208105685,0.6483632935913367,0.6314215762648224,0.6260020713519192,0.6073201967507479,0.6015568148334592,0.5829911633083309,0.5757442947883433,0.5670091824660811,0.5581377987822809,0.5314373717400692,0.43319023468854184,0.39433161117266746,0.28838265614705855,0.240182372418144,0.16000528373802564,0.14568490222718217,0.12791510414031665,0.12162316215211381,0.10353678467868173,0.0991920271206838,0.08193376280223293,0.07859323179459883,0.020811038833880663,0.007441588360731335,0.0011904246254644878,0.00010671768390832417,9.607306800341954e-07,3.2311612328103935e-15,0,472430.269327723,0.766397124887691,7,0.25426774483378256,2
283,4874,0.0,0.0,0.0,0.0,0.0,0.0,0.0,0.9999188386178663,0.9964320107130001,0.98227935730151,0.9765926426482843,0.961609742805542,0.9592809957552587,0.9564961955536062,0.9555863773694712,0.9529011765793319,0.9520263029398806,0.9489496396001958,0.9479819407081262,0.9448025241773939,0.9435349646757754,0.9419804150347536,0.9401536402723998,0.9345558424779447,0.9118047842305006,0.9016345459756969,0.8689146846268542,0.8505278718417274,0.8113705439751246,0.8026545346224979,0.7908032938773211,0.7862880527981758,0.7721498867906047,0.7684568257239298,0.7523316146695804,0.7488902825536131,0.647603195120798,0.5791815930952088,0.4753414802253513,0.37895469006092003,0.24387737334836587,0.03956622037254781,0,529.2672467464278,0.09613656783468104,0,0.2551662174303684,2
284,9873,0.0,0.0,0.0,0.0,0.0,0.0,0.0,0.9992419956583034,0.9671807394737756,0.8462625962211936,0.8015737305989498,0.6936640022294583,0.6780990897782431,0.6598809521394783,0.6540155120386724,0.6369263126262185,0.6314294305830588,0.612379525481566,0.606477976562759,0.5873899711290608,0.5799093675690868,0.5708642045246475,0.5620461021542569,0.5357635840219978,0.4396854952706617,0.4018335418118015,0.2985025833667504,0.2512512882150263,0.17182561219197764,0.15748940422932556,0.13967219004125223,0.13336042226068645,0.1151733107312211,0.11079257281135932,0.09330851871981162,0.0899033236258677,0.027630730320934268,0.011147367890555312,0.002232204742034734,0.0003038497796704925,6.151813162105383e-06,5.81168356829138e-13,0,6278662.846487691,0.8733153638814016,8,0.2560646900269542,2
285,3006,0.0,0.0,0.0,0.0,0.0,0.0,0.0,0.9992487935070798,0.9674318462273387,0.8473051096962172,0.8028918535119615,0.6955998441326489,0.6801184886300042,0.6620001582198026,0.6561711826244193,0.6392223211789361,0.6337747012176533,0.6148999621221064,0.6090488374017305,0.5900690542312322,0.582607437644978,0.5735579759455549,0.5624521735723365,0.5293987953718695,0.41161773516117806,0.3667880074200482,0.250195635558692,0.20029241993112767,0.12244930187059468,0.1093456504953716,0.09350797923758077,0.0880223510799062,0.07262454857900989,0.06901229857516707,0.05501531263051604,0.052372989643170824,0.010929053647275531,0.0032609343801669826,0.0003800436946144837,2.4514210849933605e-05,1.1521189196666051e-07,2.5473326484841827e-17,0,10484.569451879264,0.440251572327044,4,0.25696316262353996,2
286,1602,0.0,0.0,0.0,0.0,0.0,0.0,0.0,0.9999349758910079,0.9971523352151275,0.9858856120986507,0.981372940220745,0.969527747313833,0.9676941817322826,0.9655133845481376,0.9648048604205045,0.9627253701260488,0.9620516090964666,0.9596952116625687,0.95895811515387,0.9565495413392783,0.9555944844612989,0.9544348067618098,0.9533563541463155,0.9500516169074396,0.9365561647979282,0.9304877237240491,0.9107982369176546,0.8996159045153473,0.8755285242906851,0.870116886060566,0.8627408509335664,0.8599268333460285,0.8510973145667925,0.8487824059577717,0.8386047706038682,0.8364146924892433,0.7697126322918236,0.7219677550845849,0.6442772664635261,0.5489449100876728,0.40213880876378927,0.1115036416332542,0,6051.366872333206,0.36298292902066487,3,0.2578616352201258,2
287,1571,0.0,0.0,0.0,0.0,0.0,0.0,0.0,0.9997656249811137,0.9897626230528896,0.9499589566242679,0.9343148655407446,0.8940310082535137,0.8878930642848095,0.8806128059303703,0.878250418683495,0.8713246615351046,0.869083130008566,0.8612553827072148,0.8588107342631187,0.8508360994430381,0.847680391078241,0.8438496501349122,0.8412575868458444,0.8334868829117552,0.8027940850086025,0.7894756387577233,0.7479656704742219,0.7254140801611434,0.6790812984808928,0.6691122895018977,0.6559353782648063,0.6510496633919263,0.6361612250267181,0.6323738260880976,0.6162609651971926,0.6129100297959055,0.5176767983029276,0.4560283317750817,0.366250752481867,0.3261496182088755,0.26098813434713547,0.10520297780142905,0,186.036450630709,0.04132973944294699,0,0.2587601078167116,2
288,333,0.0,0.0,0.0,0.0,0.0,0.0,0.0,0.9992248229634942,0.9664337657209683,0.843032171575313,0.7975745470739014,0.688156279320555,0.6724190200797322,0.6540189346208614,0.6480955084135587,0.6308623903275158,0.6253271954111667,0.6061720447679954,0.6002461802026224,0.5810991251731903,0.5735976951161171,0.5645291242884043,0.5559918569790032,0.5304954850963944,0.4368975874412499,0.3998852587080637,0.2985308825987516,0.25199794688609606,0.1734312657950574,0.15919211140297426,0.14146509941855723,0.13517646900031982,0.11702736024570107,0.11264889530698509,0.09514389572886406,0.09172854819448736,0.028751616244505868,0.011776427901506934,0.0024222425673831875,0.00035894972791575015,8.580656928853447e-06,1.6145188645726553e-12,0,270597.4559254667,0.7376460017969452,7,0.25965858041329737,2
289,8317,0.0,0.0,0.0,0.0,0.0,0.0,0.0,0.9990369305712923,0.9583645128026829,0.8081550725272221,0.7540433143132529,0.6267839031453046,0.6088304123029658,0.5879190137883983,0.5812112334109474,0.5617641964798339,0.5555397249477173,0.5340865341861606,0.5274781654266939,0.5062137650447222,0.4979240659849049,0.4879300177297794,0.47432012415233404,0.43459057050927563,0.3023359799825485,0.2560938445085531,0.14777648013942588,0.10733483212495239,0.05291626814589526,0.04497218740616348,0.035915805335304696,0.03292710168790682,0.024982775374657276,0.023219677455186036,0.016779390876744023,0.015637651620772238,0.001662667026020609,0.00029531032807372586,1.373004981071821e-05,2.9548464421746243e-07,1.6237616753000417e-10,5.074315777962664e-24,0,2012.6552521828667,0.211141060197664,2,0.2605570530098832,2
290,7968,0.0,0.0,0.0,0.0,0.0,0.0,0.0,0.9996998577476294,0.9870457195707834,0.9375594187944324,0.9184582545977678,0.8701248025919414,0.8628793199836899,0.854388580562402,0.8516651693666876,0.8437820866059635,0.8412652506058713,0.8325947527798546,0.8299234156581234,0.8213257924552243,0.8179690562207315,0.8139473994230174,0.8117717718961741,0.8052583614876561,0.7794868530431168,0.7682784128179269,0.7332259069342236,0.7140983123627943,0.6746826870031455,0.6661816486233938,0.6549391319278622,0.6507705367538235,0.6380685191918365,0.6348416864045212,0.6211115879719754,0.6182543080727043,0.5361121746556617,0.4817808463293311,0.40063680113936107,0.3589360586481995,0.2906221073165208,0.1229671031218348,0,77.98214285714286,0.020664869721473494,0,0.261455525606469,2
291,10100,0.0,0.0,0.0,0.0,0.0,0.0,0.0,0.9993410428613085,0.9711739826833766,0.863129300291491,0.8225684608243904,0.7231802411862307,0.7086549764647846,0.6915438238883463,0.6860016882925888,0.6697480500652353,0.6644857048937233,0.6461282943030134,0.6404036780595422,0.6217677015301123,0.6144164023995167,0.6054540545955606,0.5956972996604518,0.5667097723292059,0.46144665839315707,0.42035471086230053,0.3093904009502741,0.2591656558159227,0.17557695545380486,0.16062445996578545,0.14213389549902014,0.13560980651357418,0.11688302728213905,0.11238909498582644,0.09451458725243556,0.09104503232418576,0.027866281422270132,0.011232224218879526,0.0022546279681915555,0.0003978328064154097,1.3411441671837935e-05,1.0604677514255186e-11,0,64.4,0.014375561545372867,0,0.26235399820305483,2
292,5722,0.0,0.0,0.0,0.0,0.0,0.0,0.0,0.9993621904566335,0.9723785529980178,0.8695785497416844,0.8311289306793715,0.7369872125329504,0.7232470429228842,0.7071373380585635,0.7019513735504668,0.6868644096156014,0.6820186775326631,0.6652307853403119,0.6600284887219783,0.643182456726053,0.6365679027672391,0.6285670102917097,0.6181958837588242,0.5871753321336198,0.47423992343225446,0.4301348744010015,0.31157565193540415,0.2585806679743766,0.171588044505501,0.15622342105354817,0.13732048467575397,0.13068118682456856,0.11172134825611686,0.10719471739634834,0.08929043837245805,0.08583523798080926,0.024605472545947835,0.009433154220224787,0.001734150909679897,0.00022487051368924935,4.145954169498951e-06,2.670988149763645e-13,0,10660.832743832214,0.44294699011680144,4,0.2632524707996406,2
293,6507,0.0,0.0,0.0,0.0,0.0,0.0,0.0,0.9999519494929101,0.9979004529394938,0.989600980673925,0.9862755014563686,0.977535814446564,0.9761817768379846,0.9745720353967438,0.9740495070896003,0.9725175866926062,0.9720217851645664,0.9702896113875841,0.969748235735144,0.9679802443802148,0.9672795808558461,0.9664294217111903,0.9656954650621273,0.9634551038776618,0.954321625266407,0.9502193596217373,0.9369082138100795,0.9293398773581207,0.9130019709332928,0.9093271417024227,0.904328694223112,0.902426629795458,0.8964681021513745,0.8949101222599768,0.8880920046890086,0.8866306338478501,0.8416658748596739,0.808732951705971,0.7536635946005396,0.6902678605703595,0.5810157900376348,0.28376773627855856,0,15603.200818886216,0.49595687331536387,4,0.2641509433962264,2
294,9603,0.0,0.0,0.0,0.0,0.0,0.0,0.0,0.9989495242359867,0.9545784249348113,0.7918632464360478,0.7337775954604235,0.5985162470501358,0.5796133661078982,0.5576299882367506,0.5505819094266526,0.5301442293575551,0.5235970542381907,0.5010217839787988,0.49406579689167057,0.4716974305710648,0.46298948577565374,0.4524923765971431,0.43817336095152315,0.3967531878035955,0.2629511460919154,0.2179031308892864,0.1170304782389125,0.08156813539540969,0.03674650228750805,0.030596625932717725,0.023761005721268158,0.021552404102386152,0.015809670944962922,0.014563549041597498,0.01011742873616757,0.009349027708154546,0.0007589351816829308,0.00010945420448546734,3.5142897255207735e-06,5.079346176870763e-08,1.290371448708756e-11,1.6319046415434396e-26,0,3564.111007023075,0.2893081761006289,2,0.26504941599281223,2
295,8585,0.0,0.0,0.0,0.0,0.0,0.0,0.0,0.9992342079313404,0.9668334843470304,0.8447774019783647,0.7997624035670068,0.6912420567815556,0.6755774142509784,0.6572099365400522,0.651289635571495,0.6340447090987604,0.6284990588854886,0.6092852265590154,0.6033345203225755,0.5840932864101824,0.5765552396312886,0.5674427512963665,0.558823369652055,0.5330845700822925,0.43882045139345144,0.40163024373063255,0.2999748093958515,0.2533729955009793,0.1747469771378893,0.16050540846210096,0.1427955638996714,0.13652046770404255,0.11840941766981596,0.11403493946121365,0.09652317470102614,0.09310190914644226,0.02961905283823084,0.012271249590964836,0.0025756787923401606,0.00037798890165479185,8.865361941933097e-06,1.5414178286189532e-12,0,52026353.97694296,0.9577717879604671,9,0.265947888589398,2
296,4996,0.0,0.0,0.0,0.0,0.0,0.0,0.0,0.9998518195639768,0.9935473221251405,0.9683573227722811,0.9584190532158838,0.9327125825000062,0.9287848737756589,0.9241452760826424,0.9226471293259654,0.9182800286270667,0.9168756752572869,0.9120013200994157,0.9104881872108362,0.9055814229702794,0.9036508177304812,0.9013229313345005,0.8999561227104148,0.8958336271422986,0.8792959628907215,0.8719935513384769,0.8487422306716716,0.8357911937600494,0.808437150869895,0.8024062017661674,0.7943209531107264,0.7912858898652781,0.781915567055158,0.7795014508366193,0.7690942045538448,0.7669003773448164,0.701369749928622,0.655450095438609,0.5823769179269634,0.5237114928372728,0.42574477625325713,0.18079640830869045,0,665.7941264310602,0.11320754716981132,1,0.2668463611859838,2
297,2654,0.0,0.0,0.0,0.0,0.0,0.0,0.0,0.9993920065907218,0.973816724306161,0.8766254421720374,0.8403476209058229,0.7517139529549947,0.7388127992684493,0.7237801898394405,0.7189727693897394,0.705081821665724,0.7006507673003376,0.6854097220328932,0.6807223050347052,0.6656645545490862,0.6598001590769224,0.6527697260665319,0.64798283140573,0.6336705117047036,0.5785990641914885,0.555458546692831,0.48644177077668477,0.4509702815173063,0.382623469746021,0.3686898555566744,0.3505951494147535,0.34396893733173195,0.3240820155448194,0.31909557493923796,0.29823607109482275,0.2939705610729874,0.18743540912241538,0.1332960296400196,0.07355840844918035,0.04994189129905448,0.023908268162798268,0.0012238501012613405,0,inf,0.9613656783468104,9,0.26774483378256964,2
298,1119,0.0,0.0,0.0,0.0,0.0,0.0,0.0,0.9992067364920455,0.965632138603932,0.8394251640398075,0.7930051223440736,0.6814532272413033,0.6654291828494928,0.6466960107236571,0.6406740537831856,0.6231788438390429,0.6175627968493497,0.5981243058679142,0.5921096496245871,0.572679915566286,0.5650755377014344,0.5558896443855652,0.5434495622074257,0.50652694970177,0.377905452032324,0.33045569627819044,0.21176709982205116,0.1634314619448705,0.09207428667882409,0.08067726285572882,0.06719257225330907,0.0626028020733741,0.049979605389307784,0.04707917836544697,0.03609242884457612,0.03406784644025132,0.005433968478359553,0.0013198518600165763,0.00010702713023153295,4.679801987027649e-06,1.0343913707834784e-08,1.0258335559084567e-19,0,880087.4837669028,0.7969451931716083,7,0.26864330637915546,2
299,7025,0.0,0.0,0.0,0.0,0.0,0.0,0.0,0.9992702557438715,0.968397159430471,0.8517072390647343,0.8084979803130331,0.7039231559712749,0.6888012653574336,0.6710965452789697,0.665400266654629,0.6488373638607463,0.643520384147392,0.6251062315787618,0.619394661168231,0.6008890618725823,0.5936236976620995,0.5848268373407453,0.5732130993044866,0.5386424189164302,0.4156446304754749,0.36894850748235664,0.24812619191278706,0.1967796846998485,0.11753053318804933,0.10433090851473682,0.0884169043118806,0.08291906729543269,0.06756670370311774,0.06398455476338906,0.05019690035505874,0.047619665968860234,0.008900379923534082,0.00244067078436579,0.0002450958067948784,1.3912061905212639e-05,5.094964649006526e-08,4.013181713987941e-18,0,586.0507900686723,0.10332434860736747,1,0.2695417789757412,2
300,9383,0.0,0.0,0.0,0.0,0.0,0.0,0.0,0.99990847409782,0.9960159330383028,0.980387308179539,0.9741760667724503,0.9579880208728697,0.9554986912049732,0.9525528864111085,0.951600677527268,0.9488200878976127,0.9479237069004948,0.9448007749601947,0.9438254526902086,0.9406435229375322,0.9393838731081131,0.9378564993305217,0.9367373458315442,0.9333480644281034,0.9196721700681355,0.9135957543846386,0.8941121620569116,0.8831758973865029,0.8598124577001309,0.854601374932906,0.8475503564565425,0.8448740434491468,0.8364839067358445,0.8342892025810899,0.8246832681582277,0.8226283263210308,0.7602916545475089,0.7157702721116795,0.6435213534560503,0.5735132076059354,0.45821423054165333,0.18112008566297383,0,21551.067135779726,0.531895777178796,5,0.27044025157232704,2
301,7965,0.0,0.0,0.0,0.0,0.0,0.0,0.0,0.9999529964704009,0.9979471252954649,0.9898352080698004,0.9865860211616221,0.9780497404457087,0.9767276955079445,0.9751566916626435,0.9746468237381762,0.9731519811482602,0.9726681673338646,0.9709743446606763,0.9704435684967722,0.9687060979439572,0.968015903707369,0.9671764786183381,0.9663921632999244,0.9639983352826046,0.9542431171589683,0.9498636565562236,0.9356447100197745,0.9275415402193964,0.910010115435624,0.906053943693469,0.9006528490135114,0.8985897971615253,0.8921070035812025,0.89040547341107,0.8829287858176911,0.8813230732926289,0.831980371473925,0.7959960512516986,0.7361695194201004,0.6696169689215649,0.5560490824580103,0.2566685473213218,0,1138046.623906488,0.8113207547169811,8,0.27133872416891286,2
302,7314,0.0,0.0,0.0,0.0,0.0,0.0,0.0,0.9992210592577985,0.9662833182420458,0.8423768349004508,0.7967534464554162,0.6869861366214998,0.6712049369148582,0.6527488676743425,0.6468079602610937,0.6295255129840804,0.6239749642999629,0.604764102940256,0.5988151971955192,0.5795826965799193,0.5720493069349298,0.5629433980192052,0.5543252600469868,0.5287074692720655,0.43475191255955337,0.39764071091279857,0.2961644717015695,0.24966298309541624,0.17131336311735626,0.1571407625270172,0.13951084534391586,0.13326078447177925,0.11523638727755849,0.11089122291021893,0.09353337485406854,0.09014956965667895,0.027996619987480865,0.011385898889980761,0.0023125843154428198,0.0003298818310882377,7.319320521841257e-06,1.0109158294100746e-12,0,1225371.3862316292,0.8158131176999102,8,0.2722371967654987,2
303,3195,0.0,0.0,0.0,0.0,0.0,0.0,0.0,0.9998794740813567,0.9947259040129043,0.973956674234504,0.965656618652714,0.9439122123688938,0.9405490623061281,0.9365349854631767,0.9352256063433658,0.9313671131377312,0.9301118931981824,0.9257048569818895,0.9243210074189144,0.919781932896376,0.917975478010189,0.9157729551080854,0.9127950418908405,0.9036181316462146,0.8664082651877258,0.8498573476155468,0.7971072867440608,0.7678500105813446,0.706685591731674,0.6932741609263908,0.6750886514647749,0.6681567401559464,0.6464349993484652,0.6407519150282496,0.6159309626703313,0.6106304051269,0.46279146392239584,0.3730510622368252,0.2535930282349544,0.1474489752182113,0.05133075198671459,0.0006591484816785987,0,14517.691493211729,0.4824797843665768,4,0.27313566936208444,2
304,6908,0.0,0.0,0.0,0.0,0.0,0.0,0.0,0.999886397675172,0.9950353960164189,0.9755183553156105,0.9677484713171329,0.9474752451583609,0.944348769392804,0.9406304138700111,0.939421893083459,0.9358734824263605,0.9347233053268652,0.930699484788531,0.9294404627503318,0.9253254143182922,0.9236934502185443,0.9217105560034653,0.9203447397432025,0.9162221060295779,0.8996682938039832,0.8923515893818907,0.8690302989791259,0.8560258024536763,0.828527174882605,0.8224578344833242,0.8143142166325795,0.8112547594197713,0.801789257761609,0.7993411003209694,0.7887387002632519,0.7864914066647061,0.719237397343675,0.6720258233939556,0.5967799598709335,0.5263702158970772,0.41160792873959906,0.14815404355169473,0,96.01818181818182,0.02425876010781671,0,0.27403414195867026,2
305,4351,0.0,0.0,0.0,0.0,0.0,0.0,0.0,0.9990666811945452,0.9597551808024352,0.8144219867461744,0.7619753646592055,0.6381810716502374,0.620636375378815,0.6001819110936395,0.5936097897237192,0.5743833812600544,0.5681743155742682,0.5465872901981701,0.539880151084415,0.518133599418436,0.5095957751728155,0.49923113800159125,0.48628470289602116,0.44847037116184807,0.32094706102805387,0.2755546427185528,0.16658756786581172,0.12445311372128669,0.06545216567312931,0.05649165021326924,0.04612877721367518,0.04266275453337769,0.033295776969463335,0.03118080049294215,0.023309431437393748,0.02188540496588875,0.00295461105826519,0.0006320605703308281,4.10241702338411e-05,2.228795700310635e-06,7.74555222682163e-09,5.628162737765621e-19,0,8032.595146747614,0.40431266846361186,4,0.2749326145552561,2
306,2771,0.0,0.0,0.0,0.0,0.0,0.0,0.0,0.9991721089170934,0.9644199360254423,0.8351055218877711,0.7880248249110583,0.6759227161429222,0.6599463698936652,0.6413599549285474,0.6354137897348686,0.6182192343849146,0.6127295665792593,0.5938433230801651,0.588034828090953,0.5693802300321893,0.562114518386057,0.5533790432727471,0.5438687494112651,0.515336757286958,0.4116253777078698,0.3712138522014583,0.2631396969583908,0.2151921442595721,0.13758731187110293,0.12406966530406228,0.10746124771516889,0.10162722846182512,0.08502243583236421,0.08107494389242524,0.06557654503771189,0.06261146263579005,0.014263178356930443,0.004531800833667244,0.0005854943610702799,3.631344887464633e-05,1.585637375461636e-07,2.6182791630478253e-17,0,8278099.912687762,0.889487870619946,8,0.27583108715184185,2
307,8227,0.0,0.0,0.0,0.0,0.0,0.0,0.0,0.9991716300610382,0.9642420146357508,0.8336656783146661,0.7859122131824209,0.6717998667241065,0.6554925522691069,0.6364833927822258,0.6303888559760586,0.6127138978236645,0.6070489186455003,0.5874879801754244,0.581450330684283,0.5619932677798244,0.5543971671149985,0.5452428847977083,0.5369970865074505,0.5125423597177728,0.4233278951586674,0.388237081838496,0.29239553028393045,0.24839811234868603,0.17386063456026324,0.16030637961027452,0.1434667437858296,0.1374695420927404,0.12004736147157624,0.11581685809958657,0.09883982662801293,0.09551509153392339,0.032343323275254396,0.014091226482608844,0.0032465123727290664,0.0005792455454180146,1.9904769165195065e-05,1.6861597859554857e-11,0,42881.815115378166,0.5974842767295597,5,0.27672955974842767,2
308,6661,0.0,0.0,0.0,0.0,0.0,0.0,0.0,0.9992055443264298,0.9655736916317887,0.8389081965395709,0.792237214269678,0.6799336479446069,0.6637811751302756,0.6448650290820073,0.6387733494322385,0.6210447291542481,0.615348507892102,0.5956321275310024,0.5895318952122189,0.5698274405327609,0.5621165090244019,0.5528016081852675,0.5436820676198316,0.5164531039951846,0.41742117247252547,0.3788116929084069,0.27511842115052726,0.22864358398745627,0.15216865644722238,0.1386187103190552,0.12190048688551026,0.11601308480814604,0.09916169254189333,0.09512961300612137,0.079153328625929,0.07606514057873574,0.02151238477965991,0.008141100272002514,0.0014561436288300922,0.00017312812231333024,2.6903009535037333e-06,8.48184357163214e-14,0,48118.49374711664,0.6082659478885893,6,0.2776280323450135,2
309,1162,0.0,0.0,0.0,0.0,0.0,0.0,0.0,0.9991974254463453,0.9652312548525762,0.8376600125245279,0.7907862227037855,0.6782770834949101,0.6621325097823986,0.6432634420005109,0.6371988768674183,0.6195829199482795,0.6139336150373937,0.594415256246361,0.5883869554545595,0.5689216987496684,0.5613024964970698,0.5520785428916292,0.5389521029643496,0.5001470081419569,0.36653733685971535,0.3179524329060356,0.198504901454268,0.1509312786314035,0.08232762532418872,0.07161315434635825,0.05905733625731529,0.0548179564567484,0.043254550529906066,0.040620631368746614,0.030731393786861703,0.02892583233288576,0.004212682722544759,0.0009530018766511555,6.799951939757725e-05,2.3942229803369173e-06,3.4347905654007204e-09,5.5735954929415e-21,0,6965.4773623121455,0.38364779874213834,3,0.2785265049415993,2
310,2785,0.0,0.0,0.0,0.0,0.0,0.0,0.0,0.9995612587378171,0.9810736754417367,0.9096672554718188,0.8825033282185681,0.8148217341764987,0.8048055856407057,0.7930943367938761,0.7893417891752774,0.7784757844965433,0.7750019782130901,0.7630226288741216,0.7593284453903346,0.7474287036492246,0.7427800000642438,0.7371994262432904,0.7342178967560999,0.7253437785084241,0.6906961216346101,0.675851381682592,0.6302640013553644,0.6059104416284686,0.5567707576381865,0.5463594567652388,0.532698835519377,0.5276657677092632,0.5124304512546582,0.5085798637778423,0.4923080323917993,0.4889465428577942,0.3956804169564481,0.3376813231699578,0.2569172225073978,0.22611989525975096,0.17729005152835592,0.0662852947937985,0,146.56392694063925,0.03324348607367475,0,0.27942497753818507,2
311,4915,0.0,0.0,0.0,0.0,0.0,0.0,0.0,0.9999379127116915,0.9972703662756325,0.9864290063112555,0.9820660568611529,0.9705514794745761,0.9687594780243567,0.9666169511387276,0.9659172261862505,0.963852864415957,0.9631805234796025,0.9608168803660644,0.9600736805160973,0.9576325924815038,0.9566596380265998,0.9554721179438306,0.9542710800577706,0.9505814975445374,0.93548200290022,0.9286790295598413,0.9065741076894072,0.8940068401486935,0.8669201421858683,0.8608288359353167,0.8525083102554615,0.8493264410720077,0.8392974319049176,0.8366591455682719,0.8250142830391158,0.8225000768570465,0.7461352778301702,0.6919312387584118,0.6048994146189338,0.4876413354984332,0.3184208755093042,0.05327137013419289,0,468.45621673507213,0.0880503144654088,0,0.2803234501347709,2
312,8754,0.0,0.0,0.0,0.0,0.0,0.0,0.0,0.9992837752692619,0.9690064409631819,0.854533323596187,0.812118396302059,0.7093782729775214,0.694522480433459,0.6771304886836179,0.6715361042279491,0.6552731304286629,0.6500501572081021,0.631950953074886,0.6263386917350914,0.6081574662595339,0.6010110207093,0.5923452603850193,0.5797946110243346,0.5424294105199592,0.41106810466546684,0.36200988603022793,0.23744243169069146,0.1857151545065505,0.10774023974116605,0.09503614572895439,0.07987750609729469,0.0746815626225832,0.060274648735770195,0.05693703577092643,0.0441982581326528,0.0418317649306187,0.007247298214900612,0.001871495934658733,0.00016845537703799826,8.447264871392667e-06,2.4302570813077866e-08,7.070290479756819e-19,0,2409.0236544926674,0.23090745732255166,2,0.2812219227313567,2
313,8423,0.0,0.0,0.0,0.0,0.0,0.0,0.0,0.9992439119904504,0.9671600440904575,0.8455599949496699,0.8003966790018718,0.6908922939817325,0.6750323790762116,0.6563757670945799,0.6503424730416775,0.6327274665306419,0.6270546550740475,0.6073858317558899,0.6012899227489807,0.5815663906669742,0.5738348898990377,0.5644810229702812,0.5523898196601912,0.5167563981107286,0.3923274647764894,0.34605356369108237,0.22873674870611246,0.1799699826015293,0.10612172532712401,0.09402824124237454,0.07960058986490817,0.07464781052064334,0.06086769883732368,0.05766193433307482,0.045348418146078956,0.04304512591596805,0.008198342743040583,0.0022817680784106994,0.00023544447990174022,1.3823471358556099e-05,5.385810221988823e-08,5.358256334760173e-18,0,6417.259084659178,0.3746630727762803,3,0.2821203953279425,2
314,7529,0.0,0.0,0.0,0.0,0.0,0.0,0.0,0.999928309664966,0.9968356086567509,0.9842209101467603,0.9791268089733056,0.965638057923899,0.9635312569641403,0.9610009661530792,0.9601707847179245,0.9577102429433554,0.9569051746183119,0.9540607539020846,0.9531615076101739,0.9501918536886348,0.9490018470581812,0.9475390703049199,0.9457828658128666,0.9403683608056077,0.9182241944306432,0.9082657865584064,0.876034790919844,0.8578147643484447,0.8188375025509945,0.8101235506184323,0.7982232016959812,0.7936693646885061,0.7793488140005702,0.7755905652263093,0.7590865550763433,0.7555305672101699,0.6501040298812453,0.578544636174854,0.46972235940700763,0.34607542196612767,0.19075067543415208,0.016237016309326953,0,28251.064901025562,0.5579514824797843,5,0.2830188679245283,2
315,6871,0.0,0.0,0.0,0.0,0.0,0.0,0.0,0.9993232475392709,0.9706924995121983,0.8619930663808771,0.8215215570251418,0.7229528157923591,0.70862490100831,0.6918370095798159,0.6864249419687956,0.6706579225178156,0.6655866696927188,0.6480060308877517,0.6425428959328019,0.6248179333677362,0.6178449833498347,0.6093878317536108,0.5982355351692447,0.5648465041660568,0.44452722248135984,0.3981486219047091,0.27579555146093604,0.22248284642019817,0.13794268970431772,0.12349848625432985,0.10589270543062236,0.0997682664066739,0.0825362966217845,0.07848419788103982,0.06274565108241498,0.05976734356103792,0.012696141692987058,0.003836526442551378,0.00045624616585095785,3.045894278713091e-05,1.5361571609962406e-07,4.613415153515476e-17,0,8822.774693360045,0.4168912848158131,4,0.2839173405211141,2
316,3310,0.0,0.0,0.0,0.0,0.0,0.0,0.0,0.9998090669135178,0.9917368337968077,0.9597972352964469,0.9473085847130989,0.9152950096902408,0.9104435816559023,0.9047426985736885,0.9029108185265371,0.8975924884259647,0.8958879010131591,0.8899767192097303,0.888133490811672,0.8821297332594136,0.8797571850080416,0.8768829235373552,0.8747484986755597,0.8682855906642402,0.842393080649078,0.8309894032444781,0.7948748971514008,0.7749165542167349,0.7331858917733993,0.7240561241346994,0.7118174373065901,0.7072181480069208,0.6930128706175983,0.6893509074183296,0.6735649700494395,0.6702387123852964,0.573943995797128,0.5101581965356644,0.4151575727398479,0.3550352116158978,0.26260267608750876,0.07652490943779322,0,8123.510655205728,0.40610961365678344,4,0.28481581311769993,2
317,9273,0.0,0.0,0.0,0.0,0.0,0.0,0.0,0.9999178717348933,0.9963894200766397,0.9820687787066653,0.976315218901417,0.9611580301409708,0.9588024302245239,0.955985588503483,0.9550653170906578,0.9523473313614469,0.951454074251674,0.9482855435303167,0.9472803243448028,0.9439491557899014,0.9426099735841473,0.9409611255750504,0.9388979783488105,0.9325496601745988,0.906682966176194,0.8950924089711153,0.8577037391175738,0.8366587696420043,0.7918737170425618,0.7819050958809227,0.7683148481628447,0.7631212923329683,0.7468160171227322,0.7425436859328862,0.723822360791133,0.719809120025972,0.6026396236705611,0.5251421014061891,0.4107696259446803,0.3076838012775274,0.1750502410744729,0.01694977624787845,0,1941.5168496381086,0.20844564240790658,2,0.2857142857142857,2
318,5385,0.0,0.0,0.0,0.0,0.0,0.0,0.0,0.9992284729942599,0.9663843174987031,0.8420640290867141,0.7956817933955653,0.6826905640716882,0.6662456445768835,0.6467669414610391,0.6404276704792281,0.6218021608163405,0.6157618806160249,0.594668904870536,0.5880858209586874,0.5666450463674687,0.5581875130323325,0.5478825903147689,0.5337004226669663,0.49206929255682935,0.35146502671172786,0.30144313644504384,0.18152317808111643,0.13527767221870252,0.07078679121337633,0.061030737322415346,0.04976138932635181,0.04600261254652602,0.03587161239799492,0.03358992781951607,0.02511512264623684,0.023584785042721143,0.003214351160424961,0.0006948405733915343,4.619757872705134e-05,2.481936408154295e-06,8.373963363516687e-09,5.216771157247368e-19,0,6853.066734649078,0.38185085354896675,3,0.2866127583108715,2
319,2030,0.0,0.0,0.0,0.0,0.0,0.0,0.0,0.9994203428499927,0.9747107330038478,0.879435939065866,0.8432907770762343,0.7536773597628307,0.740445831898109,0.7247694423657183,0.7196628037586591,0.7046333385467026,0.6997501613812925,0.682652080244474,0.6773000147821212,0.6598103881074314,0.652883795719251,0.6444284747790743,0.6318347692633572,0.5943678577145369,0.46105077285422547,0.4103974562724174,0.2789357388912372,0.22275131538902151,0.13533094375281507,0.12065267468481779,0.10291933679789962,0.0967782743016626,0.07955296538507083,0.07551531212011406,0.05989153941715511,0.05694691847568607,0.011410094132980433,0.003292651217534188,0.0003603313022275353,1.9674423851695158e-05,6.665111757445006e-08,3.76811662452366e-18,0,66.15238095238095,0.016172506738544472,0,0.28751123090745734,2
320,6475,0.0,0.0,0.0,0.0,0.0,0.0,0.0,0.9999392137810881,0.9973376875984464,0.986799435668145,0.9825722629087529,0.9714517472522073,0.9697266734556491,0.9676711691084674,0.9670021978102862,0.9650363105542944,0.9643985525811233,0.9621652412539524,0.961466153165582,0.9591815743327488,0.9582755982681322,0.9571754513774816,0.956158349682889,0.9530411838138197,0.9403049734042696,0.934574381402841,0.9159656398632042,0.9053864474348364,0.882571483715586,0.8774406018229458,0.8704441693980963,0.8677740348754025,0.8593909407795997,0.857191508661416,0.8475361388802815,0.8454644716172753,0.7824013612044626,0.7371862095913106,0.6635324722143338,0.5751559450182053,0.43422172742254916,0.13623773930437516,0,20939.773478008432,0.5283018867924528,5,0.2884097035040431,2
321,10351,0.0,0.0,0.0,0.0,0.0,0.0,0.0,0.9992854523548745,0.9690786244138443,0.8548098151396771,0.8124471272245761,0.7097843269912256,0.6949388065367884,0.6775863242125102,0.672013443654117,0.6558378949763995,0.6506543252177136,0.632751927392284,0.6272215733245946,0.6093522049141221,0.6023550513521471,0.5939078430408842,0.5829163347393178,0.5501205267115958,0.43239911488465893,0.38719518857218305,0.2681799753130695,0.21639173100740727,0.13432882835236115,0.12031551063729506,0.10324553215436597,0.09729216339572686,0.0804750000597315,0.07651419034678317,0.06115320219189153,0.05825052752866882,0.012399019527263522,0.0037594895456276867,0.00045146557151787015,3.199848945890879e-05,1.810721459720596e-07,8.699514421423963e-17,0,87891.84936678248,0.6639712488769093,6,0.2893081761006289,2
322,10178,0.0,0.0,0.0,0.0,0.0,0.0,0.0,0.9998143021995497,0.9918784166635556,0.9599902151876127,0.9473061718788257,0.9141139077414364,0.9089792843655362,0.9028177899012996,0.900795850912891,0.8947996717405721,0.892826465064717,0.8858225043869805,0.8836010080088216,0.8762422760617413,0.8732860282609027,0.8696439901413283,0.8661987225845906,0.8557628900628508,0.8143007521971384,0.7962300910884206,0.7398592337646092,0.7093015688910622,0.6468565100685032,0.6334538686153937,0.6155998684723407,0.6089193108691237,0.5883990867691649,0.5831365762309163,0.5605924731781576,0.555879936105083,0.4267081754645652,0.3490649075403184,0.24567586348135773,0.18958173383048135,0.11501448504985629,0.014898569214359938,0,15568.790231907127,0.4941599281221923,4,0.29020664869721474,2
323,591,0.0,0.0,0.0,0.0,0.0,0.0,0.0,0.9992310122255337,0.9667250099664406,0.8443214329190365,0.7991920299809759,0.6904662571863096,0.6748163574900221,0.6565101897306115,0.6506160442110601,0.6334654135858588,0.6279558479555751,0.6088861487435487,0.6029812700859907,0.5838845650090421,0.5764016211474503,0.567354447474837,0.5588244372497209,0.5333447738350332,0.43989795919746516,0.4029046454608336,0.3014594166149151,0.25480061790291736,0.17586289843530908,0.16153009861500592,0.14367264626117948,0.13733372489335674,0.11902639670502795,0.11460662043979997,0.09692274579556953,0.09346972235862987,0.029558963718550327,0.012190201713402422,0.0025379169524751173,0.0003829916886951901,9.486739349114118e-06,2.0686269932123862e-12,0,8636595.444958335,0.8921832884097035,8,0.29110512129380056,2
324,1250,0.0,0.0,0.0,0.0,0.0,0.0,0.0,0.999370331770137,0.9726019021466702,0.8701083208392275,0.831600454861826,0.737033734821327,0.7231910157827927,0.7069112211804528,0.7016543079276292,0.6863147063127565,0.6813485549820623,0.6639975157116149,0.6585721830868374,0.6408384550283907,0.6338138435433472,0.6252398521692445,0.6154027315255962,0.586129657254906,0.47944403114509015,0.43752385931157733,0.32335746313033065,0.271350499815678,0.18430432619928164,0.1686542410778837,0.14923193716840358,0.14236036322997278,0.12261953921391969,0.11787851650319457,0.09901096480761402,0.09534694029705443,0.02885651429138324,0.011518211124949067,0.0022669937157110466,0.00031145202405560477,6.452364363886922e-06,6.852996471731285e-13,0,26245.363902186058,0.5507637017070979,5,0.2920035938903863,2
325,10592,0.0,0.0,0.0,0.0,0.0,0.0,0.0,0.9999174296374278,0.9964105403276509,0.9823395171403163,0.9767502056627383,0.9621896082061434,0.9599519594722375,0.9573065935249171,0.9564509574006165,0.9539445638292985,0.953133922042971,0.9503036008878243,0.9494197623455423,0.9465366023405462,0.9453953317659397,0.9440117429474315,0.9428484618777372,0.9392833363489405,0.9246768747061404,0.9180884687554907,0.8966547858686285,0.8844432968724341,0.8580377789509203,0.8520808054211534,0.8439194570226328,0.8407892259636067,0.8309169854661418,0.8283288015126433,0.8170022799823474,0.8145795988706112,0.741562904727781,0.6900478065647799,0.6074998025121002,0.5285245026551291,0.40294393750746815,0.1313526492910927,0,5381.5029618659755,0.3468104222821204,3,0.29290206648697215,2
326,9691,0.0,0.0,0.0,0.0,0.0,0.0,0.0,0.9993287170331061,0.9709441960211657,0.8630063743043676,0.8227117361015285,0.7243814542082595,0.7100692840056392,0.6932786270318739,0.6878663568765977,0.6720999043985068,0.6670289503145547,0.6494503447020459,0.644002567762037,0.6263707921276493,0.6194481097320989,0.6110659312181115,0.5987521915659813,0.5620087633035287,0.43186462616475674,0.3827530100815512,0.25640713422872347,0.20303161421719987,0.12104244238500635,0.10744287141643069,0.09109465033652163,0.08545643851006819,0.06971526446309897,0.06604290411758268,0.05190609413827834,0.04925633530521501,0.009261553607955077,0.0025438752248937864,0.0002548481411086701,1.38184863170754e-05,4.623591902978325e-08,2.4952811501570996e-18,0,1108.973725696269,0.14824797843665768,1,0.29380053908355797,2
327,4223,0.0,0.0,0.0,0.0,0.0,0.0,0.0,0.9992980039116172,0.9696129266340447,0.8572071324986829,0.8154841288371023,0.714216864256406,0.6995274449509834,0.6823134643431833,0.6767716029802926,0.6606479017029656,0.6554687755831757,0.63754036800769,0.6319920547353585,0.6140632091236169,0.6070421528104707,0.5985554074483239,0.5874744569953118,0.554583750209568,0.43696969686169895,0.391788030823414,0.27268194332204265,0.2207399313177674,0.13814600580487216,0.12399303103043682,0.10674125146480808,0.1007261656374396,0.08377907659007304,0.07978320725560975,0.06420088644643046,0.06123989362883394,0.013607316076258853,0.004258413901965273,0.0005394831374945037,3.7945051534849904e-05,2.1199041768115905e-07,9.715438944615312e-17,0,6672.055640048286,0.3782569631626235,3,0.29469901168014373,2
328,2843,0.0,0.0,0.0,0.0,0.0,0.0,0.0,0.9991875228137319,0.9648058920335408,0.8358062541039117,0.7884609757795398,0.6749416571706316,0.6586623470955442,0.6396194133174817,0.633493172689994,0.615681694242906,0.609964496116811,0.5901950899682716,0.584084511774953,0.5643633254723581,0.5566488821191663,0.5473325415499865,0.5358692129388628,0.50181856962873,0.3818700468211763,0.3368848279944827,0.22213807715440673,0.17423211896813556,0.10164232434914437,0.08975893258729549,0.07554499523588824,0.07066071651449655,0.057086227267386706,0.053934259979000775,0.041868828710693404,0.03962121377315093,0.006800745602643163,0.001738869667434338,0.00015304098481237768,7.0232623362893896e-06,1.696979045313503e-08,2.38035180901157e-19,0,13137.036043919215,0.4690026954177897,4,0.29559748427672955,2
329,5165,0.0,0.0,0.0,0.0,0.0,0.0,0.0,0.999108863272868,0.9613935525321422,0.8208612131291211,0.7697245417678059,0.6482465702078148,0.6309702723511093,0.6108056698549282,0.6043279013122276,0.5855207467180933,0.5794924311607366,0.5586816528084821,0.5522603693528494,0.531576729680229,0.5235070091152597,0.51377761406152,0.5035066206163215,0.47306328643770373,0.36549785668409285,0.3250141622123195,0.22075526649567132,0.17639923802696078,0.10750037589991214,0.09594098047877074,0.0819759894193492,0.07714064540522789,0.06357441101858687,0.06039337024876356,0.048074638399167986,0.04575066279607577,0.009444130395519324,0.002793504370778092,0.00032040142648033976,2.0877278762815203e-05,9.99917887943659e-08,2.4024906864321163e-17,0,23658.840908702554,0.5381850853548966,5,0.29649595687331537,2
330,8182,0.0,0.0,0.0,0.0,0.0,0.0,0.0,0.9990872616653286,0.9605731427401815,0.8177013754128373,0.7659536498697322,0.6435455211053512,0.6262018434204181,0.6059871976761931,0.5995018548684183,0.580696262938081,0.5746727677216084,0.5538601481154081,0.5474327092406769,0.5266934667716221,0.5185883883966661,0.5088023236081536,0.4961457317325009,0.45885971273617704,0.3315274783870196,0.28559631602892854,0.1740120170917811,0.13034004282141842,0.06865271229508244,0.05921477190951831,0.04823683304434617,0.04455741013063023,0.0346218897686472,0.03238082821192071,0.024054673217875657,0.02255155397615451,0.002890009105751526,0.0005917115300564429,3.5295834210259356e-05,1.0178617331523455e-06,9.914977331623276e-10,3.2135464201628095e-22,0,423.06322754282587,0.08086253369272237,0,0.2973944294699012,2
331,3663,0.0,0.0,0.0,0.0,0.0,0.0,0.0,0.9991632895457319,0.9637835332355978,0.8314103224861739,0.7829793944964505,0.667241337400228,0.6506953211473164,0.6313594727926553,0.6251437273887787,0.6070853770730156,0.6012922013791927,0.5812528370611664,0.5750541167973434,0.5550266725308936,0.5471881733844874,0.5377144151072972,0.5242490604271289,0.4847093047126917,0.3501006651441265,0.3016826932115856,0.18424550330240153,0.13830670093865552,0.07333410681927026,0.06337607707105156,0.05180245313987576,0.047921124240281596,0.03741040112771239,0.035032637742872665,0.026170599689116995,0.024565289600903,0.0032769296471009735,0.0006926590141454439,4.3795970326253195e-05,1.3354970824804548e-06,1.4598859407289028e-09,7.829465119567217e-22,0,355594.2987138395,0.7529200359389039,7,0.29829290206648695,2
332,914,0.0,0.0,0.0,0.0,0.0,0.0,0.0,0.9991954024625855,0.9651500164712228,0.8373277476800745,0.790375408239635,0.6777100691794364,0.6615481075826947,0.6426621049502246,0.636593095076526,0.6189670375378654,0.6133153892630085,0.5937920043066882,0.5877632874813429,0.5683264387129742,0.560734186881972,0.5515800307937052,0.5423915469478573,0.5148945646773639,0.4151761447211545,0.37636474113389085,0.2722024970614974,0.22559726106204472,0.14912033212083797,0.13561910791001808,0.11899652027686997,0.11315315905642798,0.09646011918401709,0.0924709078488994,0.07667336465636543,0.07362189446143316,0.02025066462748684,0.007490368058698629,0.0012826283717556715,0.0001367888560783339,1.721334940259402e-06,2.2776812530321808e-14,0,10674511.662203262,0.9020664869721473,9,0.2991913746630728,2
333,2186,0.0,0.0,0.0,0.0,0.0,0.0,0.0,0.9996656112980399,0.9855512370813828,0.9304559833734806,0.9092406160444396,0.8557144854757549,0.8477089125713367,0.8383234244445913,0.8353107845524316,0.826572695683342,0.8237745707278235,0.8141073968297093,0.8111205446397759,0.8014806361457345,0.7977067849240428,0.7931714087411079,0.7907018955191533,0.7833257959062111,0.7542708725413573,0.74169739083482,0.7026126749527025,0.6814337839164263,0.6380275048825468,0.6287060173890194,0.6163922933272553,0.6118293891058294,0.5979327381615169,0.5943996877681229,0.5793772463051179,0.5762548058397537,0.48750412545568717,0.43000704049330335,0.3461800637628306,0.3101352853943179,0.2511360280541957,0.10616126079091807,0,inf,0.963162623539982,9,0.3000898472596586,2
334,5920,0.0,0.0,0.0,0.0,0.0,0.0,0.0,0.9993021573080799,0.9697920426781328,0.8577753923535324,0.8160936039710461,0.7147217957472212,0.7000098428412381,0.6827697810097932,0.6772196008081532,0.6610719137125842,0.6558851530395675,0.6379305788016558,0.6323742532851949,0.6144197957134554,0.6073888286539882,0.5989004209306321,0.5884732286723316,0.5574524655550446,0.445587575741343,0.40231232543001155,0.2870908025832108,0.23607367939596083,0.15333673528071176,0.13888930322901916,0.1211797964886358,0.11496972364766274,0.09724072153492044,0.09301043475813818,0.076295338961467,0.07307464341896139,0.018444183320426383,0.006361050115458053,0.0009616185084147575,8.668397507305668e-05,7.842942028247735e-07,2.629152491975433e-15,0,158534.69978429563,0.7115902964959568,7,0.30098831985624436,3
335,997,0.0,0.0,0.0,0.0,0.0,0.0,0.0,0.9991254898663368,0.9621623643404024,0.8244543675815597,0.7742713027584182,0.654835399834611,0.6378229204019277,0.6179697502327736,0.6115944018632352,0.5930912513370235,0.5871671871342025,0.5667376117847819,0.560439942443735,0.5401720918084575,0.53227070483338,0.5227546088449521,0.510409988099248,0.4738415016134258,0.3474597335296041,0.3012327975231995,0.18719449962594492,0.14171754709930015,0.07629058949296062,0.06610591686002604,0.05416238775926364,0.05013836982348284,0.03922249279341441,0.03674882713518123,0.02751365112639466,0.025837423989173314,0.0034911398194947775,0.0007445354581167369,4.774161643863833e-05,1.5765844478343328e-06,2.022558794236754e-09,2.1435925962959587e-21,0,1169.6179540595026,0.1545372866127583,1,0.3018867924528302,3
336,9115,0.0,0.0,0.0,0.0,0.0,0.0,0.0,0.9992083375199772,0.9658091467384049,0.8405246035871107,0.7944933092566964,0.6838960394489683,0.6680148115836891,0.6494677479705994,0.6435122240825265,0.6262286780877773,0.620688451996815,0.6015458931940434,0.595633364778994,0.5765660122887712,0.569114829182651,0.5601208571638702,0.5508373745657578,0.5231395202268616,0.4225096197927957,0.38323626782941916,0.27756315506145085,0.23015890680009754,0.1522078755769479,0.13842109511563036,0.12142228520101428,0.11543844244959746,0.0983252459553855,0.09423417564372644,0.07804593060312577,0.07492151555862972,0.020424666607797282,0.007491640291348585,0.0012555431507352778,0.00012431280714133254,1.3571050453571183e-06,1.0082362152026631e-14,0,1079639.7116220081,0.8095238095238095,8,0.302785265049416,3
337,10146,0.0,0.0,0.0,0.0,0.0,0.0,0.0,0.999936450037016,0.9972083945798103,0.9861271252893961,0.9816735867893939,0.9699394833089195,0.96811630234593,0.9659398468604645,0.9652301256261848,0.9631394581747553,0.9624595851703738,0.960073093550445,0.9593183854525325,0.9568227282466093,0.9558213041786991,0.9545907712274414,0.9530193634919764,0.9481403437587256,0.9280190388917805,0.9188897711761457,0.8890683221148948,0.8720481116820392,0.8352908343720838,0.8270104073342915,0.8156257802711326,0.8112405105917491,0.7973589002932223,0.7936919507486031,0.7774979412977168,0.7740026465330148,0.6699417663015883,0.5987268854043315,0.4891508316496468,0.3551709828413006,0.19005747519035052,0.014247467151604487,0,12010.330720351116,0.4618149146451033,4,0.3036837376460018,3
338,1987,0.0,0.0,0.0,0.0,0.0,0.0,0.0,0.9997799631699356,0.990318567579333,0.9523514663792368,0.9373017820277186,0.89822707971024,0.8922253995252708,0.8850542058284725,0.8827102044144852,0.8757885445025339,0.8735321459625005,0.8655960137608124,0.8630998071131473,0.8549035348621643,0.8516328738515782,0.8476291772236175,0.8434899651886932,0.830924369460121,0.7811804203940559,0.7596099513251987,0.6928674915368537,0.6570725704377098,0.5848280561783706,0.5694643821284013,0.5491206264981133,0.5415489528445775,0.518432209773404,0.5125384483339508,0.48745366686255814,0.4822350068085752,0.34375723987531653,0.2655650958854439,0.1688089537622571,0.1152228508691196,0.05475647315340171,0.0025347911955586246,0,13741.320714874826,0.47529200359389034,4,0.3045822102425876,3
339,7436,0.0,0.0,0.0,0.0,0.0,0.0,0.0,0.9992687367231121,0.968280933310334,0.8509370423606852,0.8073980447850401,0.7018790280851899,0.6865977933776907,0.6686724804139141,0.6628938073881736,0.6460511031733147,0.6406314785463353,0.6218415983856223,0.6160185633486867,0.5971735084956356,0.5897784339305363,0.5808268656928322,0.5691693554958283,0.5344398138032279,0.41115027614898214,0.36448298036590165,0.2441346442549898,0.19327222524326573,0.11527101812673274,0.10235028796065195,0.08683705828378412,0.08149305834937431,0.06658479648691722,0.0631090488018661,0.049731588972584936,0.04722417299851691,0.009095022249958793,0.0025504408083347066,0.00026613607733634175,1.4990107255176986e-05,5.385439225616536e-08,3.851711729860839e-18,0,3429.5292978171265,0.2776280323450135,2,0.3054806828391734,3
340,9063,0.0,0.0,0.0,0.0,0.0,0.0,0.0,0.9992773417255902,0.9687027937512707,0.8530768152832394,0.8102317317014439,0.7064602402131284,0.6914556094379993,0.6739046679644433,0.6682635274269939,0.6518737076220922,0.6466096407181775,0.6283716904621115,0.6227174975740886,0.6044153826403634,0.5972365134726232,0.5885533248843032,0.5761942612790597,0.5393806714728305,0.409481952184405,0.360714539081581,0.23639606305797295,0.18461632293872912,0.10649802795102171,0.09376802164743536,0.07855328842039588,0.07332910188514782,0.05886043229617117,0.055520388589025624,0.04282101404571146,0.04047140682605485,0.006704951830666097,0.0016726606203051344,0.00014159182792748348,6.473157976647152e-06,1.552919340869889e-08,2.1085647265566933e-19,0,1703.0136731197351,0.18867924528301888,1,0.3063791554357592,3
341,7334,0.0,0.0,0.0,0.0,0.0,0.0,0.0,0.9992830094462026,0.9689325638140321,0.8540559507684861,0.8114488199302312,0.7081595215570807,0.693213425992733,0.6756988699040779,0.6700582001015749,0.6536411924413145,0.6483653250307194,0.6300663471186735,0.6243878535153196,0.6059582288325213,0.5987108334838449,0.5899262892281126,0.5787792656349725,0.5455596753813331,0.4266369645671444,0.3810688375127962,0.2617141455023895,0.21015297927673954,0.12908403022579476,0.11539137372635655,0.0988195645638608,0.09307324287203696,0.07692401748646488,0.07313085911352199,0.05841391976484306,0.05563194194660119,0.011764828984079082,0.0035461190039601125,0.0004207044003525168,2.8294607150381695e-05,1.4463828093697685e-07,4.576157330581914e-17,0,29220.864435677693,0.5606469002695418,5,0.30727762803234504,3
342,4902,0.0,0.0,0.0,0.0,0.0,0.0,0.0,0.9999230740071812,0.996615915609741,0.9831784367347075,0.9777732860108046,0.9635166390528289,0.9612985337057985,0.9586321290544217,0.9577531823058024,0.9551359081586442,0.9542755511618403,0.9512202171599533,0.9502494748953724,0.9470278007519586,0.9457303201332602,0.9441294424869253,0.9418528145737479,0.934830625538248,0.9061920107729868,0.8933586942590344,0.8520494695470748,0.8288636478567034,0.7796967409751744,0.7687847333309997,0.753920591451629,0.7482430618413861,0.7304316452880042,0.7257679462515846,0.705363447834802,0.7010002098653745,0.5751106791448544,0.49347450285505634,0.3757124292903135,0.24738162869899272,0.10913188374844664,0.003671541780716063,0,6718.5202871588945,0.37915543575920935,3,0.3081761006289308,3
343,9275,0.0,0.0,0.0,0.0,0.0,0.0,0.0,0.9998761875923475,0.9945647761445549,0.9731178306991706,0.9645503544628652,0.9421149194088089,0.9386460902885739,0.9344748197872218,0.9331023224436973,0.9290227745004549,0.9276841535038208,0.9229439121594492,0.9214426718169819,0.9164772758084947,0.9144866011029461,0.9120426064948878,0.9093384518143056,0.9011415285018858,0.8683722982724018,0.8539816966291233,0.8086283724448668,0.7837281872636176,0.7320596947236727,0.7208264388199134,0.7057950387330634,0.7001525325916921,0.6827507218122982,0.6782707107712013,0.6589913545802727,0.6549359091629386,0.5395743543131306,0.4656054979745173,0.3595822601643377,0.27643636806767524,0.1659673182419135,0.020349022377510254,0,1809.59615409464,0.1976639712488769,1,0.3090745732255166,3
344,931,0.0,0.0,0.0,0.0,0.0,0.0,0.0,0.9992412387670209,0.9671540137760694,0.8461481311934153,0.801464883543753,0.6936486175102097,0.6781083772584128,0.6599326722809902,0.6540892549371811,0.6371109121809748,0.6316645314166293,0.6128390710070889,0.6070221306299781,0.5882549767450187,0.5809182772882302,0.5720700074621233,0.5623245380657519,0.5333633795862331,0.4287710358876987,0.3882112468307332,0.27976965491189226,0.2314547750196657,0.1524852748628806,0.13859363597553773,0.12152664829214938,0.11553859095543537,0.09846265498657919,0.09439165350083623,0.07831718930263273,0.07522081102205237,0.020957351399841347,0.007847592873255307,0.0013773347997517594,0.00015036431985972955,1.9783771590089733e-06,3.133878948094189e-14,0,4208.305514895364,0.3090745732255166,3,0.30997304582210244,3
345,4271,0.0,0.0,0.0,0.0,0.0,0.0,0.0,0.9990905112791728,0.9605683038363003,0.8171709962641517,0.7650666569282497,0.6415015473622407,0.6239531520100629,0.6034628906283628,0.5968765119182474,0.5775789459429959,0.5713374772317504,0.5496179324193826,0.5428639250844727,0.5209477272109319,0.5123365021220537,0.5018744373476897,0.4890334584321556,0.45149491533703573,0.3245479639447732,0.2792040730986115,0.1698993454480827,0.12740292679276025,0.06755193915627901,0.058409743690349694,0.04780693941878573,0.04425853360223124,0.03466114256442184,0.03249208401109036,0.02440763438965249,0.022942503190752684,0.003219407983047827,0.0007109720249582278,4.900170677720797e-05,2.3361607204201427e-06,6.183833191986719e-09,1.3566131504534399e-19,0,15347.466820692194,0.48966756513926324,4,0.3108715184186882,3
346,4950,0.0,0.0,0.0,0.0,0.0,0.0,0.0,0.9999469261211025,0.9976854996818494,0.988558870974259,0.9849110329597,0.9753480102633604,0.9738699536645754,0.9721163530236827,0.9715480996592826,0.9698846350690649,0.9693470699686075,0.9674708463907428,0.9668849386667353,0.9649735987603739,0.9642169540760817,0.9632965837150874,0.9621904892353965,0.9587786277853124,0.9447563962878056,0.9384096522049702,0.9176718230381873,0.905813441383046,0.8800607018346259,0.874226323484851,0.8662032881117868,0.8631149568902359,0.8533394912115975,0.8507576711734195,0.8393509067539806,0.8368877921303163,0.7619507568514202,0.708597466428261,0.6226125579537658,0.5265295533884531,0.3801821401620784,0.09930790798851151,0,970277.8826746583,0.8032345013477089,8,0.31176999101527403,3
347,5218,0.0,0.0,0.0,0.0,0.0,0.0,0.0,0.9992119138253203,0.9659125280705153,0.8408638444699825,0.7948497168254846,0.6841387070733671,0.6682196479838086,0.6495896273637671,0.6435942986780487,0.6261579876424298,0.6205594497561302,0.6011925431746747,0.5952037763696243,0.5758691461360813,0.5683062655957355,0.5591763463959323,0.5497366571040634,0.5216434399495979,0.42016421266018344,0.38079005154090345,0.2753893975036877,0.22833577473115388,0.1512235146937139,0.1376245028762348,0.12090620128329833,0.11503795884486397,0.09829080165595351,0.09429496321876862,0.07845695948963421,0.07539154939455621,0.021246680366481963,0.008008318976464798,0.0014183559323113226,0.00016540831027768167,2.4750329226950246e-06,6.671230870429464e-14,0,9920.71278406293,0.4366576819407008,4,0.31266846361185985,3
348,10204,0.0,0.0,0.0,0.0,0.0,0.0,0.0,0.9992950946099776,0.9695129910588145,0.8568550319165186,0.8150585179939005,0.713571575586802,0.6988655042819228,0.6816417175776742,0.6760973057437436,0.6599679019411927,0.6547874914306343,0.636856528032606,0.6313080095467228,0.6133803594264106,0.6063549354545364,0.5978618885547002,0.5878577528432231,0.5580055499421462,0.44964394273288444,0.4073512111199111,0.2936482434539881,0.24274210124955767,0.1592980255086971,0.1445850251895709,0.12645226464334733,0.12007010943862312,0.10183087575145101,0.09746902592207705,0.08021430388914576,0.07688746717536134,0.01993941979423681,0.007029776671418037,0.0011004337188281132,0.00011589516526327373,1.4216275560532422e-06,1.6818487495202702e-14,0,214.46482696938426,0.047619047619047616,0,0.31356693620844567,3
349,2053,0.0,0.0,0.0,0.0,0.0,0.0,0.0,0.9992666315402026,0.9683246389020244,0.8516099825872334,0.8084524603282299,0.7041327051593811,0.6890767290005418,0.6714896997364521,0.665844348341531,0.6494615899711527,0.644210154261511,0.6260693229037974,0.620466990885637,0.602400773903824,0.5953406242725863,0.5868327268051087,0.5768572520255187,0.5470883027137449,0.4392014181588085,0.39730366421917546,0.2855508055769442,0.235743442303639,0.15438761276470628,0.1400878155798875,0.12250157059484665,0.11632384480973589,0.09869812816876236,0.09449456023978846,0.07790472069825607,0.07470780172467999,0.019674748052726704,0.007023981547915682,0.001125615293261061,0.00010989926287665003,1.1641122714120573e-06,7.552248097720672e-15,0,1165.8699541798069,0.15363881401617252,1,0.31446540880503143,3
350,9028,0.0,0.0,0.0,0.0,0.0,0.0,0.0,0.9998333614629036,0.9927292570956925,0.964324043861825,0.953094153941591,0.9239932914605146,0.9195372641103078,0.9142542479828735,0.9125417615834936,0.9075267848444403,0.9059054672806203,0.9002226987400707,0.8984337498939133,0.8925514063257807,0.8902047707419185,0.8873351588498704,0.8851697329914069,0.8786210378250567,0.852398228359353,0.8408549420523868,0.804316287506135,0.7841332687864532,0.741951988223677,0.7327277989545002,0.720368280294295,0.7157257466336393,0.7013922324812775,0.6976983023932274,0.6817790739540437,0.6784256770306728,0.5813450336657414,0.5170206831346732,0.42089144163556574,0.35857618065629443,0.2632858640545977,0.07445546004111316,0,350.3190582808114,0.07097933513027853,0,0.31536388140161725,3
351,933,0.0,0.0,0.0,0.0,0.0,0.0,0.0,0.9991508903459818,0.9632144743186246,0.8285461737286042,0.7791518707565865,0.6608555599920874,0.64389970820338,0.6240005294279235,0.6175752051445956,0.598827431346348,0.5927885036666259,0.5718403405779027,0.5653456521171843,0.5442051287630371,0.5358436980636272,0.5256093464241522,0.5102617766533646,0.4655985752333036,0.3184648454078213,0.267691297451789,0.150621918510791,0.10782327751491487,0.0514955398194792,0.043453855892836825,0.03437120841607655,0.03139713710673944,0.023550996604136107,0.021822817505278213,0.015560059237104984,0.01445928694911626,0.0014016998651486276,0.00023164914720084107,9.462756038913347e-06,1.6264079922997068e-07,5.80251351975722e-11,3.0108935686507485e-25,0,554.1680511948372,0.09973045822102426,0,0.31626235399820307,3
352,9404,0.0,0.0,0.0,0.0,0.0,0.0,0.0,0.9998632831010567,0.9940563338247788,0.9708613097577925,0.9616961581809023,0.9379520502032227,0.9343193109841819,0.9300262490423361,0.9286375199125813,0.9245761119817482,0.9232646503715558,0.9186941180615018,0.917269505326854,0.9126310052810297,0.9107985137995254,0.9085801415205674,0.9071597563307306,0.9028702515522192,0.8856461581228601,0.8780441065311344,0.8538530971322387,0.8403882951137296,0.811972373865814,0.8057116250181136,0.7973207933791443,0.7941717608630248,0.7844521533182466,0.7819486829689501,0.7711592320689983,0.7688863618433968,0.7013517273099807,0.6543159684159364,0.57991652731034,0.5277796557576998,0.43954513967653785,0.20690653564287706,0,7770.184023364513,0.39802336028751123,3,0.31716082659478884,3
353,174,0.0,0.0,0.0,0.0,0.0,0.0,0.0,0.9998735123685677,0.9944626828620864,0.9726798328365152,0.9640043472470115,0.9413532157006115,0.9378612360209696,0.9337052202124334,0.9323533220816586,0.928368833476181,0.9270723170792853,0.9225192658093844,0.9210892494195368,0.9163977268100958,0.9145302140026559,0.9122523001643633,0.9093921233785334,0.9005700848687828,0.8647430415997583,0.8487705533550751,0.7977435696937374,0.7693878001727416,0.7100004287760397,0.6969583908137686,0.67926264274338,0.6725233933074457,0.6514588857421483,0.6459629098944122,0.6220043159383049,0.6168983911689355,0.473972600146623,0.38638996671518183,0.26831428048531514,0.1572956807709822,0.05562690887135685,0.0007617809250799384,0,inf,0.9820305480682839,9,0.31805929919137466,3
354,7591,0.0,0.0,0.0,0.0,0.0,0.0,0.0,0.9992421702583313,0.9672229111498188,0.8465837576360205,0.8020446625825265,0.6944737912973763,0.6789551435420143,0.6607924099840828,0.6549493460605391,0.6379273957779212,0.6324400915988393,0.6133825329342295,0.6074660421205095,0.5882906048641683,0.5807607731526964,0.5716380281780281,0.5591577280549892,0.5221781244289085,0.3928807690548559,0.34482847197302874,0.22360435916367427,0.17370809278809787,0.09923943139685924,0.0872225593288106,0.07293792415251125,0.0680640189988599,0.05463461779679871,0.05154243522495375,0.0397962230132359,0.03762467990212838,0.006314556420900845,0.001594423039644813,0.00013840923258616795,6.36429481175036e-06,1.5364544961924022e-08,2.1010674921049171e-19,0,1846.7455526155593,0.20035938903863434,2,0.3189577717879605,3
355,6165,0.0,0.0,0.0,0.0,0.0,0.0,0.0,0.9990971605267266,0.9609388232088534,0.8190682039128551,0.7675602192396536,0.6454468781270842,0.6281123028117714,0.6078945187693422,0.6013993653013558,0.5825409123829303,0.5764958996990465,0.5556271370258681,0.5491879133986128,0.5284465427534233,0.5203537281494782,0.5105937960344272,0.4965089637167406,0.4552075796215852,0.317046112090534,0.2685170611411914,0.1548280581043985,0.11241174764436354,0.05537528975647984,0.04705444179111222,0.037571423005957554,0.03444273756688703,0.026122621296293187,0.024275138417360412,0.017524805186501666,0.016327906565208872,0.001717959479451369,0.0003022463105820163,1.3806794943164371e-05,3.0105864826157557e-07,1.7001123675855433e-10,5.777649232550447e-24,0,4818.1719656640325,0.3279424977538185,3,0.3198562443845463,3
356,3372,0.0,0.0,0.0,0.0,0.0,0.0,0.0,0.9999063579665265,0.9959240025826054,0.9799384094715131,0.9735869322687796,0.9570417897846465,0.9544996586023538,0.9514923222181524,0.9505202674278151,0.9476818470091612,0.9467668618492168,0.9435831975640976,0.9425924278244483,0.9393711722853075,0.9381003195929877,0.936564609474624,0.9354489603472188,0.9320310677531807,0.9180818529411624,0.9118136324076933,0.8914935443874477,0.8799649003965518,0.8551606382806385,0.8495935778700524,0.8420095668137878,0.8391174526214163,0.8300297172826034,0.8276448972438653,0.8171745583851745,0.8149277850998692,0.7468078196371681,0.6983432408667883,0.6201414789176962,0.5430384324809779,0.4192812829738548,0.14401460337676888,0,545.2298996461631,0.09793351302785265,0,0.32075471698113206,3
357,4293,0.0,0.0,0.0,0.0,0.0,0.0,0.0,0.9992556742276344,0.9677673607619318,0.8489357815987525,0.8050129088211677,0.6989564151787109,0.6836637020200017,0.6657935715124484,0.6600544053193992,0.6433959979902134,0.6380511358082013,0.6195309562216272,0.6137847225517665,0.5951449762894719,0.5878139721097329,0.5789210328666423,0.5662746837705437,0.5287577248058422,0.39747773302427963,0.3486384979071671,0.22541308139086275,0.17473323818206662,0.09924334656875236,0.08708785038550848,0.07264153732097564,0.06770889150305365,0.05410274310351241,0.05096735235148233,0.03906171336599097,0.03686267692007866,0.0057928821280362995,0.001382040507759985,0.00010732113573814833,4.112521357557819e-06,7.001562783725605e-09,2.322689817660724e-20,0,1421.0660625188373,0.1725067385444744,1,0.3216531895777179,3
358,5801,0.0,0.0,0.0,0.0,0.0,0.0,0.0,0.9992286530963304,0.9665605735395483,0.8434193529103501,0.797906223490755,0.6880385857656254,0.6721923417223775,0.6536196575147809,0.6476350260483736,0.6302078600896754,0.6246052554918069,0.6052004464182345,0.5991926268540252,0.57977345242839,0.5721685526334493,0.5629774408148501,0.554276019766958,0.5284825042092053,0.4346107463234233,0.39753563685346527,0.29632604933835965,0.2500046760987033,0.17199264370948375,0.15788559740109448,0.14035550192749913,0.134147645314883,0.1162569024909891,0.11193895912582007,0.09465894239988615,0.09128411602653624,0.02883479724493418,0.011878446141996474,0.0024672083008909825,0.0003421301678274021,7.182884018995923e-06,7.88819906634152e-13,0,3421348.412897363,0.8526504941599281,8,0.3225516621743037,3
359,8345,0.0,0.0,0.0,0.0,0.0,0.0,0.0,0.9991293906027606,0.9623435825660188,0.8252142713650643,0.7752660511719562,0.656424746642041,0.6395020139952233,0.6197675052987931,0.6134350603560575,0.5950699083691825,0.589189587114446,0.5689083559134245,0.5626558773982387,0.5425314993196525,0.5346850903953825,0.5252341825972542,0.5125831943538756,0.47535388217490004,0.3476635950698085,0.3013014892303863,0.18754810308891617,0.14237748529703934,0.07742324598268197,0.06730533664563572,0.05546403348302693,0.051470402097166364,0.04058705585996567,0.03810907653987171,0.02880948425466586,0.027112389238545108,0.0039280055307676495,0.0008850280085759067,6.275392155229956e-05,2.337111336675474e-06,3.763936079292621e-09,9.98539913315613e-21,0,25711.339513076422,0.5480682839173405,5,0.32345013477088946,3
360,1369,0.0,0.0,0.0,0.0,0.0,0.0,0.0,0.9992302980918073,0.9666932574124426,0.8442609564811295,0.7991582900390293,0.6905740971729178,0.6749547182475488,0.6566855106638423,0.6508048372617194,0.633697858249804,0.628203730554658,0.6091920743315407,0.603310484448269,0.5843115989724583,0.5768756111770378,0.5678958664760126,0.5576602351113819,0.5270133435960084,0.4163747918871967,0.37367709035458413,0.26079983464057593,0.2114271829146432,0.13269329614676384,0.11916640709674219,0.10266067737389477,0.09689912467523412,0.08059816885526744,0.07674403565058559,0.06169436340951304,0.05883097172256593,0.012910466145604003,0.00400768635412026,0.0005017755092388209,3.63238412405815e-05,2.1391458328657445e-07,1.2055067312722662e-16,0,76735.45475416936,0.6504941599281222,6,0.3243486073674753,3
361,10281,0.0,0.0,0.0,0.0,0.0,0.0,0.0,0.9990472349515689,0.9588567021115891,0.8102411292018112,0.7566129914946536,0.6302784199878138,0.6124444845029478,0.591687417609496,0.5850345997027551,0.5657511524402168,0.5595767287583525,0.538287295197339,0.5317265883050529,0.5106213791531644,0.5023836502128126,0.4924156228022253,0.4778069228873859,0.43538305884411926,0.29623236601555997,0.24845548438642248,0.13887767879132815,0.09907434508471837,0.046995213038691024,0.03959787666491225,0.03126152963314882,0.02853694739068402,0.021362346585793883,0.01978500138729686,0.014078807511973771,0.01307766447312383,0.0012539978626679804,0.00020590729793698576,8.344573388933197e-06,1.5074504776306837e-07,5.883471422211986e-11,4.293975912595161e-25,0,7350.867768129125,0.3881401617250674,3,0.3252470799640611,3
362,3205,0.0,0.0,0.0,0.0,0.0,0.0,0.0,0.999821106489671,0.992187780661946,0.9615872309482986,0.9494489267414241,0.9179056211394706,0.913060621425155,0.9072919476299048,0.9054138168318141,0.8998896690565095,0.8980961481478863,0.8918223069868831,0.8898595698272865,0.8834457475724965,0.8809029801884425,0.8778122512265187,0.8743465320866676,0.8636518938363229,0.8204144213363417,0.8012645061040701,0.7406206100768011,0.7072098103362577,0.6379868458362219,0.623025634438333,0.6029060661866321,0.595303221889581,0.5717457522081573,0.5656515363496706,0.5393428435652753,0.5337920461969955,0.3839392563993253,0.2976504793763391,0.18924970240466138,0.1083951985989999,0.036519191336513435,0.0004058710954325134,0,51009.590201762454,0.6136567834681043,6,0.3261455525606469,3
363,7600,0.0,0.0,0.0,0.0,0.0,0.0,0.0,0.9992587884726319,0.9679004898583151,0.849521190326765,0.8057222106151619,0.6996306943454669,0.6842634854941972,0.6662275888418792,0.6604098735207554,0.6434544507705715,0.6380019281144815,0.6191021395362032,0.613245898380245,0.5943006380361179,0.586870370015733,0.5778778781248974,0.567372961461012,0.5359271003062318,0.42253571334038253,0.3787858237492516,0.26324043312320305,0.21281117697061983,0.13267203422861135,0.11895008843332222,0.10221658417287326,0.09637529670592586,0.07985746680330615,0.07596027165376912,0.06077899611570169,0.05790333126961008,0.012379627439510828,0.0037644658841431205,0.00045397174563422505,3.199888053074657e-05,1.7884973602320162e-07,8.055361272857448e-17,0,4157259.4725618786,0.8571428571428571,8,0.3270440251572327,3
364,8070,0.0,0.0,0.0,0.0,0.0,0.0,0.0,0.999828947189119,0.992553339748082,0.9635381184892615,0.9520972910487331,0.9225264362275111,0.9180096341399328,0.9126662720555224,0.9109379653067525,0.9058875221197777,0.9042582358333925,0.8985858637400002,0.8968196518333542,0.8910749671258715,0.8888079937414566,0.8860657386812689,0.8840603864514655,0.8779943702899297,0.8536947665078396,0.8429912045617912,0.8090703051056984,0.7903019537021224,0.7509944811685314,0.7423844660744391,0.7308458681726219,0.7265097615225117,0.7130948959875875,0.7096310552544701,0.6946733658780194,0.6915162115708808,0.5994950775085601,0.5378386049559166,0.4447975942625291,0.37641346863668684,0.2722412543901457,0.0717298538516471,0,24.714285714285715,0.004492362982929021,0,0.3279424977538185,3
365,4886,0.0,0.0,0.0,0.0,0.0,0.0,0.0,0.9999001363566903,0.9956156657310133,0.978276095594208,0.9713311963524011,0.9530939983908108,0.9502677756899071,0.9468932000866387,0.9457916522960305,0.9425400865270017,0.9414782707314384,0.9377182006820539,0.9365273447607644,0.9325877663523497,0.9310064048326755,0.9290618044558084,0.9267784781489198,0.9197877203491794,0.8914857567511647,0.8788925588904848,0.8385829555938101,0.8160912868567469,0.7686565192224483,0.7581863558998774,0.7440063913118812,0.7386216650305227,0.7218233243304734,0.7174494034015307,0.6984143679555566,0.6943654097449536,0.5774774684606406,0.5011941074940813,0.390518293168143,0.3184082299691517,0.2146379296295671,0.042647428806713704,0,688.9430249675,0.11769991015274034,1,0.3288409703504043,3
366,4918,0.0,0.0,0.0,0.0,0.0,0.0,0.0,0.9999411846482086,0.9974294469136475,0.9872749330613559,0.9832095449342715,0.9725348722402063,0.9708821648113898,0.9689170648958001,0.9682788474112156,0.9663991756773265,0.965785157255101,0.9636200816787215,0.9629372761605585,0.9606878401322637,0.959788581134953,0.9586877748419783,0.9575762925862218,0.9541646607359016,0.940212188157203,0.9339293569261197,0.9135182834712615,0.9019127094681904,0.8768882221228579,0.8712598081369632,0.8635772667164563,0.8606419479280613,0.8514186041397496,0.8489992815375454,0.838374924595488,0.8360945580819696,0.7669129431752857,0.7176453628587124,0.6380599591693467,0.5580354413948541,0.43103535812011085,0.15002297030999998,0,76.91269841269842,0.01886792452830189,0,0.3297394429469901,3
367,4198,0.0,0.0,0.0,0.0,0.0,0.0,0.0,0.9992275397666567,0.9665772322628845,0.8437596615811256,0.798506244491546,0.6895196171789202,0.6738369251095077,0.655507687624395,0.6496101264348314,0.6324502041885381,0.6269378618194307,0.6078593466314699,0.601956632535528,0.5828764919812018,0.5754004997172318,0.5663619159673882,0.5578370602471878,0.5323761638941293,0.43880717355483567,0.40178372726353917,0.3003198624551974,0.25369013489382436,0.17487246965726408,0.16057325919785306,0.14276383660640468,0.13644375611979767,0.11819667271761053,0.11379284025939834,0.09617886968949356,0.09274073241587913,0.029212099392745005,0.012010369762597345,0.0024869674671220386,0.00036362155177887943,8.466868034786208e-06,1.4285788163047989e-12,0,40744.523436112555,0.5876010781671159,5,0.3306379155435759,3
368,1145,0.0,0.0,0.0,0.0,0.0,0.0,0.0,0.9992379079994859,0.9670185354753992,0.8455855001743576,0.8007642941943751,0.6926396420447801,0.677048031594596,0.6588001174213793,0.6529294321301871,0.635860382575057,0.6303737929292058,0.6113594833284168,0.6054689376704836,0.586416801368383,0.5789502654758579,0.5699220824337203,0.5612028276168184,0.5351553478444543,0.4396738313070646,0.40198404639170915,0.2990100556148724,0.2518716947205057,0.17254169215449225,0.15820712309660254,0.14038376641215589,0.1340674572647192,0.11585956583580934,0.11147197961459658,0.09395256046679444,0.09053885489650891,0.027972666690299953,0.011331041403406943,0.002285296166081198,0.0003029428846780891,5.823758275461018e-06,4.4378432553672993e-13,0,1267008.230938539,0.8176100628930817,8,0.33153638814016173,3
369,6126,0.0,0.0,0.0,0.0,0.0,0.0,0.0,0.9997429627464711,0.9888031975723567,0.9453312817100287,0.928274736295913,0.8844364924522086,0.8777666837156515,0.8698531829533525,0.867284012947875,0.8597481660061481,0.8573079204970145,0.8487824141213126,0.8461187067323196,0.8374259585197565,0.8339719032710123,0.8297539515790998,0.8256926550969717,0.8133845813866932,0.7647411869387678,0.7436821311332692,0.6786167061363265,0.6437371873513218,0.5732594106053376,0.5582700153485941,0.5383205237406655,0.5308543083499373,0.5079483165763019,0.5020787428046211,0.4769670231677889,0.47171595404206734,0.33235315692801937,0.25408051306019025,0.15812936583479728,0.09602302863209974,0.036409501940004876,0.0006676370606299931,0,inf,0.9775381850853548,9,0.33243486073674755,3
370,10153,0.0,0.0,0.0,0.0,0.0,0.0,0.0,0.9992221664585695,0.9662240211133108,0.8417639953011545,0.7958255259739012,0.6850815286662622,0.6691280969720467,0.6504479300445395,0.6444348529549758,0.6269423667649185,0.6213243424251534,0.6018809613169332,0.5958623772082796,0.5763954070678164,0.5687582007162069,0.559514311960323,0.5467633018973109,0.5091383743394612,0.3787724526579602,0.33083105819858427,0.2113006774019885,0.16280150124328235,0.09144160508898252,0.08007867384652471,0.06665659217132251,0.06209397530786296,0.04955128174351953,0.04667034667203474,0.03576603245504918,0.03375810298410672,0.005365595697191839,0.0012977312781052523,0.00010416272605162042,4.114686921576142e-06,7.431028413822687e-09,3.1331654455598756e-20,0,854.7342304801896,0.13387241689128482,1,0.3333333333333333,3
371,1446,0.0,0.0,0.0,0.0,0.0,0.0,0.0,0.9997839562280397,0.9906155915635505,0.9542739808385623,0.9400402185739796,0.9035023521592997,0.8979547376195297,0.8914093987371707,0.8892971331586478,0.8831196456032799,0.8811226702998265,0.8741501094254869,0.8719686941286653,0.8648401272610442,0.8620140776549303,0.85857754341034,0.8551877494135439,0.844830839703453,0.8033519081890281,0.7850439280184979,0.7269022012171344,0.6948537688337688,0.6284070654321654,0.6138937123939905,0.5941697076660591,0.5866383220369272,0.5630618481771735,0.5568987483488835,0.530144181254146,0.5244927278711233,0.3724627493816368,0.2856233418535412,0.17778789479258636,0.09399708136610797,0.027217630283335213,0.00016214375531327884,0,168.46834507082187,0.03773584905660377,0,0.33423180592991913,3
372,1031,0.0,0.0,0.0,0.0,0.0,0.0,0.0,0.999285918609766,0.9690860403412733,0.8547419793347562,0.8123161682051702,0.7094053217772402,0.6945000543280475,0.6770478853107106,0.671433306810272,0.6551092548011932,0.6498693517670244,0.6317433928536558,0.6261356758373512,0.6080137098731706,0.6009168234688982,0.5923472453398558,0.580417283133469,0.544885619727891,0.4188295398570464,0.3711511310985827,0.24830327764765547,0.1963591198952265,0.11657746872139735,0.10334569477534897,0.08742340506122702,0.08192607671901135,0.06657294734341791,0.06299058601573845,0.049210105220618416,0.04662992071857396,0.008329389981328147,0.002191852458427232,0.00020407422894748122,1.0419525868440056e-05,3.110158697203863e-08,1.0603443340082755e-18,0,846.2440345592664,0.13117699910152741,1,0.33513027852650495,3
373,1206,0.0,0.0,0.0,0.0,0.0,0.0,0.0,0.9993826298650382,0.9732479307842524,0.8734489750572765,0.8360364307179811,0.7443074077422812,0.7309052577214811,0.71518763448825,0.710125564067921,0.6953841689856054,0.6906342419229056,0.6741012568382154,0.6689564479869128,0.6522398970979622,0.6456565223106339,0.6376708751825454,0.6294352036437376,0.6046404151395358,0.5118139342256801,0.47424842253463295,0.3684235040994368,0.31810672238210363,0.22987935721218525,0.21332924186952734,0.19239292311076636,0.1848649988382723,0.16282378098021674,0.15743021214622008,0.13557330063093784,0.13125207372251174,0.04689439347614062,0.021222976117495504,0.005200633885779432,0.0009726777309126602,3.7044622734757234e-05,5.0243859580979244e-11,0,4200533.040965222,0.8580413297394429,8,0.3360287511230907,3
374,8896,0.0,0.0,0.0,0.0,0.0,0.0,0.0,0.9992516850799948,0.9676061196624235,0.8482610552181863,0.804180161105128,0.6977683892802193,0.6824262253979929,0.6644669790115699,0.6586860175381842,0.6418624914629439,0.63644292613721,0.6176274748319531,0.6117856036743886,0.5928251885732959,0.5853589137162836,0.5762828420625242,0.5625477404738253,0.5219481534779185,0.38204334334481654,0.33102361440963207,0.20548446343627563,0.1555839672963993,0.08408144997862965,0.07298273722593197,0.060009386099181654,0.05563816122329691,0.04374104463458259,0.0410356208816745,0.030895875265197,0.029048332052050395,0.004075086887057369,0.0008942153189369232,6.02840380198755e-05,1.994206606011515e-06,2.551183061293858e-09,2.6054763254313386e-21,0,36499.759996616995,0.582210242587601,5,0.33692722371967654,3
375,6269,0.0,0.0,0.0,0.0,0.0,0.0,0.0,0.9992169519307301,0.9660986518945542,0.8415712496351654,0.7957442369684911,0.6855487400030409,0.6697105844329435,0.6511661597001788,0.6451908809825841,0.6277916482170501,0.622198247688673,0.6028261828513247,0.5968287769954237,0.5774441783090241,0.5698532073495411,0.5606792260365899,0.5520298821764864,0.5262455773285533,0.4318018716607723,0.3945570048736097,0.29292161451438453,0.24646812148268754,0.16842545302786438,0.15434582659951188,0.13685112865987764,0.13065466398709508,0.11280320550750791,0.10850413522213002,0.09134958375715274,0.08800928302122818,0.02698435752071656,0.010866691582749206,0.002168956866633968,0.00030044554263841493,6.294382177172914e-06,6.851955518475832e-13,0,37195895.541343726,0.9469901168014375,9,0.33782569631626236,3
376,623,0.0,0.0,0.0,0.0,0.0,0.0,0.0,0.9993050279936041,0.9698798895537537,0.8581868009525007,0.8166258900139914,0.7155445193398916,0.7008746974828903,0.6836874348943772,0.678155481186434,0.6620643193342466,0.6568968267266343,0.6390125041661764,0.633478987355425,0.6155816776100969,0.6085545700408647,0.6000102014988186,0.5888137805770296,0.555673106739507,0.43755148560290336,0.3924720897917288,0.274314658533202,0.222987577157024,0.14137335083670616,0.12737836989985274,0.11037083157544786,0.10445697446754378,0.08775755727207338,0.08381251560928604,0.0683445645463707,0.06538765851054361,0.016032488377280718,0.005427360351588382,0.0007941573932955443,8.049417158826399e-05,9.162917834558392e-07,7.961029571033609e-15,0,6484.874763248135,0.3755615453728661,3,0.3387241689128482,3
377,10295,0.0,0.0,0.0,0.0,0.0,0.0,0.0,0.9997501055059702,0.9890933446749642,0.9467592134010322,0.9301522533133685,0.8874739394830198,0.8809821335061937,0.8732860101846446,0.8707895846547317,0.8634734474013699,0.8611063948750896,0.8528434954645177,0.8502639659632419,0.8418527307796221,0.8385256924494491,0.8344880825619801,0.8317672384619699,0.8236103436533256,0.7914003433190837,0.7774308001612862,0.7339389836463532,0.7103485611278596,0.6619808667235425,0.6515853727313085,0.6378197037441777,0.632705216851499,0.6170906308355653,0.6131109943582841,0.5961513907519893,0.5926183619537841,0.492790543583047,0.42894020913391884,0.33728802452395057,0.2986740319438679,0.2366379449063274,0.09192244252990611,0,319.5714686210901,0.06199460916442048,0,0.33962264150943394,3
378,8661,0.0,0.0,0.0,0.0,0.0,0.0,0.0,0.999225687460859,0.9664705811304396,0.843192790067223,0.7977758389316129,0.6884432866900059,0.6727168284502297,0.6543384858853065,0.6484339750088285,0.6312612425815478,0.6257450405359074,0.606654145653509,0.6007442262299153,0.5816333145906307,0.5741455739564124,0.5650931912352191,0.5565355420624768,0.531126402414651,0.43786379126455316,0.40095615815428476,0.2997906726654598,0.25328689821363026,0.17466109889546855,0.16039319300663385,0.1426209220228131,0.1363134927438664,0.11810120229367636,0.1137053522500187,0.09612148759163723,0.09268885960046809,0.029230340378150765,0.012028821858388614,0.002494810789792142,0.0003625654229369169,8.34286545372701e-06,1.3401729845525192e-12,0,16731962.559919389,0.9236298292902066,9,0.34052111410601976,3
379,3326,0.0,0.0,0.0,0.0,0.0,0.0,0.0,0.9999379078597435,0.9972636273405678,0.9863639052057638,0.9819556943661538,0.9702529744529809,0.9684209375952243,0.9662174626355194,0.9654935290012316,0.9633449993886751,0.9626410724160973,0.9601516841878092,0.9593642999877593,0.9567627835836103,0.9557197666950515,0.9544391737824786,0.9530921507171743,0.9489656948634732,0.9321474490508348,0.9246025283514372,0.9002011212755618,0.8863976376046664,0.8568029361739753,0.8501801249501673,0.8411675637961621,0.8377333896534119,0.8269735915688309,0.8241604558120031,0.8118570529833005,0.8092270301936039,0.7302982172611431,0.6749998413592924,0.5872442922093485,0.5111355967459076,0.3910617957614724,0.13074897059031382,0,48.58265582655825,0.009883198562443846,0,0.3414195867026056,3
380,1587,0.0,0.0,0.0,0.0,0.0,0.0,0.0,0.9999241824298345,0.9966664244965256,0.9834353833057057,0.978115461660461,0.9640891657329707,0.9619078149264694,0.9593008202654388,0.9584496877822039,0.9559394470109758,0.9551221504057209,0.9522499315443478,0.951343833978894,0.9483476370197594,0.9471454254964783,0.9456680409530792,0.9440432026996445,0.9390418441307326,0.91860867616701,0.9094244474429815,0.8796988569539115,0.8628874694934907,0.8268670755838126,0.8187985186142352,0.8077757896235551,0.8035574201473707,0.7902886356462978,0.7868056775658254,0.771518339301065,0.7682401555803755,0.6709198101535128,0.6043516169591275,0.5019220660642539,0.38309419758468605,0.2262109789189056,0.025601802908389815,0,1142.2239410198222,0.1518418688230009,1,0.3423180592991914,3
381,6584,0.0,0.0,0.0,0.0,0.0,0.0,0.0,0.99968445365197,0.9863524016518624,0.9341944719798276,0.9140961153422951,0.863345119105923,0.8557507712087142,0.8468558057557916,0.8440037963468342,0.8357408573170096,0.8330978441001885,0.8239762468798337,0.8211625641316982,0.8121107741123703,0.8085783722311239,0.804347482409439,0.8021454487630184,0.795553841088765,0.7694857057753621,0.7581547386915174,0.7227451871149385,0.703439941814448,0.6636083607374026,0.6550046154927707,0.6436188773339505,0.6393986759664911,0.6265396260908745,0.6232690455386571,0.6093546086828298,0.6064608398535687,0.5234313811826371,0.4686577789724042,0.3871413297625946,0.3472245091628198,0.2817302746318938,0.12022856607900077,0,2905.2515463917525,0.2524707996406109,2,0.34321653189577717,3
382,2963,0.0,0.0,0.0,0.0,0.0,0.0,0.0,0.9990682401815874,0.9596749891170712,0.8135525182356677,0.7606610894302729,0.6356878722414779,0.6180004654100703,0.5973920269835493,0.5907784532592135,0.571532037134872,0.5653486959337733,0.5439585809622676,0.5373454305148074,0.5160049928553492,0.5076653323734551,0.4975885191259,0.48400226979161626,0.44427514321110595,0.3113423865882178,0.264560864366475,0.15418679126606108,0.11260220611278317,0.05614406188023043,0.047831457604904135,0.03831874173204069,0.03516927957943261,0.026765188591382924,0.024892726259990235,0.018029512879765265,0.016808670941748653,0.001799372493868354,0.00032016142440568997,1.4841026079043677e-05,3.184373215378163e-07,1.7454367813343363e-10,5.2789212871528725e-24,0,16021.855091073036,0.5013477088948787,5,0.344115004492363,3
383,2553,0.0,0.0,0.0,0.0,0.0,0.0,0.0,0.9992433750713764,0.9672367415423448,0.8465873397307955,0.8020539045977175,0.6946308705990385,0.6791523633432487,0.6610595602213788,0.6552464090811095,0.6383662301880518,0.6329545844209392,0.6142597245164447,0.60848632266637,0.5898694069202649,0.5825950726052854,0.5738256405105894,0.5643327876398001,0.53604019662336,0.4333154525098912,0.3932418862017891,0.28540475653318764,0.2369988315211056,0.15729951199597172,0.14318595821535973,0.12578366770954347,0.11965845251238338,0.1021374660397422,0.097947864162571,0.08136011181181538,0.07815634355106503,0.021833979901305676,0.008207989864528555,0.0014616984013281467,0.000260204765458018,8.953944965522295e-06,7.85007600506304e-12,0,20929.841153747806,0.527403414195867,5,0.3450134770889488,3
384,1003,0.0,0.0,0.0,0.0,0.0,0.0,0.0,0.9999324064800128,0.997040854724463,0.9853416935485756,0.9806548691870167,0.9683413795420182,0.9664352373809163,0.96416816982278,0.9634316157486849,0.9612698529785236,0.9605694329698999,0.9581198051870251,0.9573535488762189,0.9548497033812808,0.9538568795600555,0.9526519266432045,0.9515553410712512,0.9482032691175095,0.9345492534159134,0.9284251479812188,0.9086000299262251,0.8973537992682631,0.8731569946511619,0.867726935541494,0.86033362159795,0.8575159610754628,0.8486842027786763,0.8463743483098787,0.836266336762365,0.8341043970303824,0.7686159298750633,0.7219359944438679,0.646360909300132,0.5759490444408851,0.46102996731736223,0.18542201340754053,0,380.38552622462413,0.07367475292003593,0,0.34591194968553457,3
385,4783,0.0,0.0,0.0,0.0,0.0,0.0,0.0,0.9998018127064722,0.9913878820466094,0.9579724146254108,0.9448520658163923,0.9110794820986268,0.9059393867040104,0.8998683870081963,0.8979074107245746,0.8921837090781551,0.8903392670263292,0.8839252424515973,0.8819304323342855,0.8754498226545779,0.8728955424594339,0.8698087273563329,0.8672110056893756,0.8591653722262423,0.8262723969825166,0.8115092271654769,0.7639924812196005,0.737367793776441,0.6811429832315041,0.6686966994143252,0.6516833948463892,0.6451563781957336,0.6245927244930944,0.6191845993395084,0.5954354831959909,0.5903225693111901,0.4463945174450619,0.3583974925916119,0.2409111523752001,0.12962606658609377,0.03879252365196468,0.00026644211645030804,0,26990.92517281993,0.555256064690027,5,0.3468104222821204,3
386,7017,0.0,0.0,0.0,0.0,0.0,0.0,0.0,0.9993174253504862,0.9704826978154927,0.8609719478528955,0.8201395604464923,0.720614753150802,0.7061432455795277,0.6891756452639676,0.6837110226683997,0.6678099143593558,0.6627020577487539,0.6450173076396943,0.6395397492907267,0.6218022322914711,0.6148413382010653,0.6064211887372567,0.5958454926114763,0.5643141092377186,0.450435195248239,0.40633054941721486,0.28888747092031286,0.23686387280607477,0.152589771049506,0.1378939586374668,0.11985891736023323,0.11353249884963847,0.09552629601059619,0.09124304086373965,0.07439973883732845,0.0711835732012583,0.0175035715457821,0.005936855565606195,0.0008700210793381519,7.829855629630302e-05,7.076358022526955e-07,2.381786483908916e-15,0,2661.0507833739216,0.24618149146451035,2,0.3477088948787062,3
387,4197,0.0,0.0,0.0,0.0,0.0,0.0,0.0,0.999120135007253,0.9619065641250494,0.8231814845035439,0.7726652486311381,0.6525490865161859,0.6354537458080007,0.6155083668952651,0.6091044216327596,0.5905211340690631,0.5845675717320588,0.564023574672403,0.5576871229548053,0.5372838684644566,0.5293258348787836,0.5197357558349517,0.5063314063817813,0.4669462038846004,0.3334746292545503,0.2857801606684584,0.17120043858964556,0.12700234152305973,0.06551008190321501,0.056241165076123985,0.04555733557025208,0.04199935627207515,0.032436446160676584,0.03028952578047269,0.022350732384942732,0.02092465971149915,0.0025706555722206097,0.0005104403768505669,2.893349305602762e-05,8.136771083847483e-07,7.5714581840805e-10,2.058276591970412e-22,0,9750.422627738426,0.4348607367475292,4,0.34860736747529203,3
388,1994,0.0,0.0,0.0,0.0,0.0,0.0,0.0,0.9992824976631228,0.9687555879220598,0.8527019881753746,0.8094839462032127,0.7043660132885154,0.6891026878906994,0.6711612168035759,0.6653656624241857,0.6484483695684699,0.6429966330572897,0.6240677105867217,0.6181926113062021,0.599155344983605,0.5916809677528394,0.582628597946249,0.5706560997854553,0.5352760079980795,0.4108426631983599,0.3641784150331129,0.2446451252700241,0.19428842535670457,0.11692547566220174,0.10408293885245185,0.08867396737985482,0.08337086839206082,0.06857419275708748,0.06512296217132235,0.05181774279608294,0.04931841277810956,0.010283942019286918,0.0030806957722979813,0.00036449800175938554,3.234212179637681e-05,2.87633920287819e-07,9.501849752787973e-16,0,6090.618603835134,0.36388140161725063,3,0.3495058400718778,3
389,6783,0.0,0.0,0.0,0.0,0.0,0.0,0.0,0.9992655016543884,0.9680369698058047,0.8495676713288541,0.8055560602147507,0.698768364785677,0.6832959410082294,0.6651104765536449,0.6592348335834239,0.6420754882870701,0.6365340700404022,0.6172506832800879,0.6112387245379093,0.5916686198038892,0.5839507920181719,0.5745596927735532,0.5604889753361378,0.5191126612978694,0.37763768455377517,0.32647214982582384,0.20153723383346417,0.1522306245258586,0.08183016629998278,0.07094029308177656,0.05822866248775324,0.053950499855480644,0.042321767351523085,0.03968119000542333,0.02980222408564876,0.028005570612703513,0.003866982048495899,0.0008386345050771391,5.5406771882583686e-05,1.625099631048289e-06,1.6268195012990028e-09,5.764153289413541e-22,0,3431.5846742818158,0.27852650494159925,2,0.3504043126684636,3
390,5001,0.0,0.0,0.0,0.0,0.0,0.0,0.0,0.9999085398352794,0.9960208735410289,0.9804199368542303,0.9742228964900375,0.9580800208552207,0.9555988993393387,0.9526623396569752,0.9517110064673737,0.9489232160245912,0.9480213596846767,0.9448722563931474,0.9438887783265244,0.9406803001047762,0.9394101652461587,0.937870096300834,0.9367693515568771,0.9334342801291955,0.9199694856830823,0.9139850080890071,0.8947920321228581,0.8840160551198986,0.861061238861046,0.8559611310304384,0.8490879675619654,0.8464953846657763,0.8384246883139291,0.8363264257427504,0.8271977141330601,0.8252565549071007,0.7665952774556916,0.7247707745679173,0.6565145380189444,0.5891796701611514,0.47710502147508643,0.19937355865760298,0,8953.11722310848,0.4195867026055705,4,0.35130278526504943,3
391,6434,0.0,0.0,0.0,0.0,0.0,0.0,0.0,0.999928700860864,0.9968630704183786,0.9843987480759959,0.9793813114340097,0.9661369538315835,0.9640711715736772,0.9615781276484509,0.9607561221205271,0.9583076969519968,0.9575026122342256,0.9546452908268974,0.9537383043618058,0.9507309886865508,0.9495210292609417,0.9480300776835511,0.9459926746271635,0.9397064280722021,0.9140178986993033,0.9024766053507848,0.8651976919492447,0.8441857202257373,0.7994089761699572,0.7894291199431528,0.7758083473651947,0.7705974706792136,0.7541863860897079,0.7498687846614654,0.7308867901497255,0.7268088715705346,0.6076874829765415,0.528910697157896,0.41274766339211144,0.2800899708382695,0.13091575743141187,0.005530586843387646,0,81810.16358049435,0.6567834681042228,6,0.3522012578616352,3
392,9326,0.0,0.0,0.0,0.0,0.0,0.0,0.0,0.9999536123716327,0.9979721481180752,0.9899509677558611,0.9867096814413828,0.9781133823067721,0.9767694339453554,0.9751572627798397,0.9746290731816588,0.9730658551365498,0.9725551236621486,0.9707538934342591,0.970185719915581,0.9683136270339999,0.9675653981683894,0.9666497858080547,0.965746798579511,0.9629743910307912,0.9516068644031727,0.9464635445593462,0.9296524829797785,0.9200301613547481,0.8991337891704914,0.8944030571461434,0.887915217451108,0.8854253232309457,0.8775656506887497,0.8754955843354837,0.866372761107759,0.8644077625682435,0.804226364275012,0.7607302572116772,0.6892088258073177,0.6005058336652733,0.4580067949993879,0.14799968137526712,0,19.128352490421456,0.0026954177897574125,0,0.353099730458221,3
393,9772,0.0,0.0,0.0,0.0,0.0,0.0,0.0,0.9991233246488804,0.9620899729315473,0.82414012795867,0.7739354046787524,0.6545365977198921,0.6375338479000092,0.6176915441232262,0.6113195365775537,0.5928256637801871,0.5868997019568488,0.5664469528770238,0.560137369814089,0.5398164316591009,0.5318887284873938,0.5223340099613544,0.5092298435697452,0.47055542318430515,0.3385017279935094,0.2909197021840552,0.17593320111954636,0.13135862962236297,0.06887856115082762,0.059383247773907306,0.04838408931018283,0.04470602703646129,0.034775283516562644,0.03253538696004447,0.024211684775347065,0.02270849774432576,0.00295665448785199,0.0006134762708975301,3.7566437966711474e-05,1.1612565842544896e-06,1.3012771356009195e-09,7.675048916909893e-22,0,8852.147391747361,0.41778975741239893,4,0.35399820305480684,3
394,4499,0.0,0.0,0.0,0.0,0.0,0.0,0.0,0.9992887767986763,0.9691278179859145,0.8546343149320598,0.811959567400709,0.7080205767671776,0.6929104732155934,0.6751436448948358,0.6694033112698764,0.6526438052603932,0.6472351850230649,0.6283760980990745,0.622497949930045,0.6033726274369611,0.5958331600910942,0.5866655922644584,0.5738740217321205,0.5362001656129286,0.4050428990264036,0.35644987534551714,0.23383068664473583,0.18317258790238727,0.10686022838591329,0.09441663546991022,0.07958079032548317,0.07450024141759613,0.060414416807717385,0.05714944395092945,0.04465795331270569,0.04233107864156325,0.007716761551699964,0.002076663265429011,0.00020185101038552655,1.0900571123278848e-05,3.620800940101503e-08,1.9009863399196957e-18,0,59946.58772703067,0.6262353998203055,6,0.35489667565139266,3
395,8014,0.0,0.0,0.0,0.0,0.0,0.0,0.0,0.9998544821311461,0.9936698704098941,0.9689425198302929,0.9591638918994799,0.9338120569235937,0.929929831052172,0.9253344575664199,0.9238453876834904,0.9194786225541224,0.918065169411428,0.9131369284055821,0.9116001251859867,0.9065941167594916,0.9046156017986122,0.9022191303470761,0.9006629535005566,0.895980995007331,0.8772669668525855,0.8690344920495408,0.8428820523838411,0.8283554443983134,0.7977706220926517,0.7910453648422832,0.7820396675633281,0.7786621660510948,0.7682453129336348,0.7655642059221961,0.7540184118066683,0.7515881348292774,0.6796917896390958,0.6299968792791314,0.5520822192232587,0.4990261172683446,0.41005782179997174,0.18245470965470711,0,98209.63182444322,0.6756513926325247,6,0.3557951482479784,3
396,1559,0.0,0.0,0.0,0.0,0.0,0.0,0.0,0.9999141243756376,0.9962256950721866,0.9812647714784428,0.975257899263684,0.9594440837955913,0.9569879116960208,0.9540517301906583,0.9530926359377998,0.9502624160421048,0.9493404267360313,0.9460985795727013,0.9450784032138182,0.9417204652701933,0.9403793122775795,0.9387385932358211,0.9368576627257158,0.9310946714007382,0.9076840892032096,0.8972252795940859,0.8635997800490801,0.8446672923681652,0.8042467461932021,0.7952310585022244,0.7829396566579528,0.7782438058597223,0.7635015981210954,0.7596391238694234,0.7427212467894925,0.7390994779396886,0.6326306294836949,0.5610960399427152,0.4532853369026092,0.35361881391831596,0.21796255973946313,0.029494371816328156,0,331.96240708488426,0.0664869721473495,0,0.35669362084456424,3
397,1503,0.0,0.0,0.0,0.0,0.0,0.0,0.0,0.9999218548357,0.9965642529962039,0.9829233824831938,0.9774371418810501,0.9629686468000488,0.9607178434552284,0.9580244530984667,0.9571439342764141,0.9545435637004303,0.9536956958862707,0.9507096639613183,0.9497691033394128,0.9466743594513645,0.9454387600413815,0.9439250625362746,0.9420187506752367,0.9361445802084906,0.9121516318923006,0.9013750745835275,0.8665581458606737,0.8469207136019973,0.8050255174655903,0.7956695200544194,0.7828630364740408,0.7779504590935855,0.762467501743835,0.7583861451505443,0.7403593320766444,0.7364679237588632,0.621691968796221,0.5447732965379959,0.4297811565007299,0.30268972832765023,0.15287234614790154,0.009088524530738704,0,164941.8124932672,0.7151841868823001,7,0.35759209344115006,3
398,2889,0.0,0.0,0.0,0.0,0.0,0.0,0.0,0.9992623184010243,0.9679572208865272,0.8494248624640207,0.8054599111278072,0.6988758435084327,0.6834388922272892,0.6653174901108838,0.6594708146397876,0.6424241887111223,0.6369371328382413,0.6179077557584527,0.6120083634530594,0.5929143033599916,0.5854211112669426,0.5763442767397031,0.5632911671738916,0.5246120115770386,0.39007112910644415,0.3404264473328915,0.2164538832456834,0.1662718571082168,0.09280655828182667,0.0811636191612065,0.06744071211103976,0.06278531126550033,0.05001169930360712,0.047082647267878815,0.036008501091474576,0.033971677004098325,0.005321600058576207,0.0012725091352998525,0.00010014277255924609,3.946055930987913e-06,7.094310137526204e-09,2.948936811209889e-20,0,35123.589222950235,0.5795148247978437,5,0.3584905660377358,3
399,3806,0.0,0.0,0.0,0.0,0.0,0.0,0.0,0.9992714505075122,0.9684484077527703,0.851908615086317,0.8087360443669859,0.7042083177410305,0.689098179193894,0.6714186387475739,0.6657270682664475,0.649157111286768,0.6438312557289783,0.625385338218267,0.6196697917983688,0.6011643128491598,0.5939040365068713,0.5851193743766436,0.5723075757774856,0.5342211309943398,0.40079475204779486,0.3511985447454224,0.22627704392536355,0.1750455055510454,0.09917712150960033,0.08702205300326026,0.07262578279151793,0.06772188454787628,0.0542136596277566,0.051104562543446315,0.03930441969578217,0.037125305121602,0.006034530378582444,0.0014836739941188513,0.00012241984171671894,5.408958135234103e-06,1.2150214711800782e-08,1.2659970483089172e-19,0,2252.6745440071327,0.22012578616352202,2,0.35938903863432164,3
400,7957,0.0,0.0,0.0,0.0,0.0,0.0,0.0,0.9999318890169376,0.9969895964530623,0.984968433074221,0.9801057200143645,0.9672075436323199,0.9651898320617558,0.9627635695289377,0.9619665671940621,0.9596015491982968,0.95882681431165,0.9560874952152142,0.9552212140144317,0.9523595531814247,0.951212465963398,0.9498042779352107,0.948331909428554,0.9438178147767062,0.9254188937320467,0.9171595362876259,0.8904436011456521,0.8753349726051753,0.842965185586146,0.8357216601631664,0.8258385321687665,0.8220620389749087,0.8101985752347071,0.8070886558191789,0.7934432399544072,0.7905166619147418,0.7029560231122195,0.6421876327293412,0.5470434405407443,0.48037987400235727,0.3740261248860063,0.13458473933291162,0,25.885416666666664,0.006289308176100629,0,0.36028751123090746,3
401,7958,0.0,0.0,0.0,0.0,0.0,0.0,0.0,0.9999535557850617,0.9979696770408837,0.9899387719871198,0.9867188405857216,0.978229704342201,0.9769024258835057,0.9753102217275758,0.9747885667071444,0.9732446661874518,0.9727402363169062,0.9709607752170679,0.9703994979248162,0.9685503971576479,0.9678111537746323,0.9669062930179592,0.9660332321168538,0.9633630745483815,0.9524655018431406,0.947557832362339,0.9315823956994426,0.9224741500399222,0.9027670752200792,0.8983225451030667,0.8922530587069308,0.8899285987586749,0.8825990655677876,0.8806707345928302,0.8721812322023351,0.8703506957141076,0.8140918416234391,0.7732073367641833,0.7056064725996807,0.6203203268541521,0.48151900744967774,0.16744590624630173,0,1081.1012819363013,0.1473495058400719,1,0.3611859838274933,3
402,4553,0.0,0.0,0.0,0.0,0.0,0.0,0.0,0.999260257782718,0.9679549212882413,0.8497299063333934,0.8059974084468511,0.7002737944775859,0.6850085253713504,0.6671400585117624,0.6613918699314607,0.6446801987377168,0.6393161602744692,0.6207633873429589,0.6150265536434419,0.5965026640183948,0.5892556727891655,0.5805115748636864,0.57125693124637,0.5434950294232486,0.4417425190112503,0.40164917320562266,0.2927572814965438,0.24342853540310588,0.1616295686461857,0.14705394251638848,0.1289871115331644,0.12261149175874596,0.1043797740309447,0.1000218166336847,0.08278075379306331,0.07944364066552999,0.021371144198417645,0.007739112057859745,0.0012671817363246894,0.00011663711184280531,1.0989383812146574e-06,4.32521815890735e-15,0,492173.62345305574,0.7681940700808625,7,0.36208445642407905,3
403,1923,0.0,0.0,0.0,0.0,0.0,0.0,0.0,0.9992404325418525,0.9670953549130313,0.8459101008166644,0.8011776297385962,0.6933603765354033,0.6778491485241218,0.6597400649789009,0.6539254235931066,0.6370492954398566,0.631641611281009,0.612969429685504,0.6072057869314763,0.5886253745629993,0.5813648140099289,0.5726127228784905,0.5633673632402003,0.5356376334410375,0.4342010588379779,0.39433413030829,0.28637421127459034,0.23763938648324928,0.15711787313073988,0.14281752278223223,0.1251217690924845,0.1188713206827913,0.10094496616839752,0.09665115003603722,0.0796952468745145,0.0764297889614434,0.02020672889965515,0.00724584447798548,0.0011732675385902917,0.00012712786463701112,1.6586562312334413e-06,2.6043416334367646e-14,0,409834.56482570677,0.7592093441150045,7,0.36298292902066487,3
404,7128,0.0,0.0,0.0,0.0,0.0,0.0,0.0,0.9991963050011139,0.965069270471418,0.8365461939434385,0.7892075663153321,0.6753664256311508,0.658999574964826,0.6397444652085128,0.63348681752022,0.6151132522993606,0.6091623274265261,0.5884107512035722,0.5819432357148695,0.5609026875774576,0.5525959014284592,0.5424668871002173,0.5304375111774271,0.4950888888035988,0.37243111793851946,0.32702341975796845,0.21273512802765315,0.1657375726546782,0.0954994959042258,0.08414402315151408,0.07065551216232845,0.06605062202067266,0.053325697599698,0.050387335680345834,0.039192780043919934,0.03711644834179425,0.006587173152695162,0.0017397548974000974,0.00016412608120038833,8.7972039889542e-06,2.890922534597114e-08,1.4753419442575622e-18,0,16402.224552998116,0.5058400718778077,5,0.3638814016172507,3
405,6107,0.0,0.0,0.0,0.0,0.0,0.0,0.0,0.9992015462737435,0.9653875822105572,0.8382759304494654,0.7915223302838762,0.679100911833715,0.6629423533329576,0.643998690163147,0.6378937495335619,0.6201252193572743,0.6144157566957184,0.5946523444773727,0.588535063541856,0.5687547601453875,0.561006195257544,0.5516359423722154,0.5378574350811074,0.4972271710701028,0.3584736314365063,0.30844621639675956,0.1874282867938206,0.14028371663317055,0.07390117205358805,0.06377050873338912,0.05201054745573161,0.0480708610759458,0.03741642257832449,0.03500956955639455,0.0260542971307735,0.024435993704913454,0.003176063144381606,0.0006581206472265667,4.0179507020976855e-05,1.1243120824004784e-06,1.0364839708930542e-09,2.744185029128192e-22,0,55821.860245353695,0.6199460916442049,6,0.36477987421383645,3
406,1829,0.0,0.0,0.0,0.0,0.0,0.0,0.0,0.9992094157962188,0.9657779047582569,0.840174264635134,0.7939441783079944,0.6827839003338597,0.6668091485143928,0.6481002285145886,0.6420734627190273,0.624528610847336,0.6188897786837314,0.5993656744330169,0.5933228962073257,0.5737972768234929,0.5661534685899654,0.5569174608325262,0.5481407311052373,0.5219226160197374,0.42617274914887743,0.38854894275864693,0.2863520410957601,0.23991754526763828,0.1624183268574448,0.14852108315677265,0.13129686395033435,0.1252088683234487,0.10771089808252028,0.10350676332836306,0.08677359602231867,0.08352392826869569,0.024873969126311516,0.009794856268606258,0.001878922659341083,0.0002448529485622529,4.55233496456543e-06,3.0199915705445803e-13,0,149479.99176587444,0.7088948787061995,7,0.3656783468104223,3
407,5427,0.0,0.0,0.0,0.0,0.0,0.0,0.0,0.999853200591015,0.9934895725261903,0.9675792025088186,0.9571445973129384,0.92961567589272,0.9253253530014495,0.9201523767218917,0.9184472317483872,0.9133698749208005,0.911700867623896,0.9057802465657392,0.9039015254163566,0.8976749999390681,0.8951714505204075,0.892085601461702,0.8886948728223745,0.8783803038596641,0.8372065294747976,0.8191751867589812,0.7626494406797043,0.7318515791087914,0.6686010946212262,0.654961725720721,0.6367201244410424,0.6298704369175082,0.6087603539209565,0.6033286636036518,0.5799854481028368,0.575081216189453,0.4398489365051918,0.3582575494116507,0.24954412383703292,0.17942851067813861,0.09477177142919868,0.006901305332416887,0,7619.962913558216,0.394429469901168,3,0.3665768194070081,3
408,3906,0.0,0.0,0.0,0.0,0.0,0.0,0.0,0.999392040445777,0.9736352489680021,0.8749330312007667,0.8377813719288904,0.746352762422075,0.7329468973983757,0.7171814547565425,0.7120871635581018,0.6972122368454421,0.6924171057623628,0.675755545437035,0.6705789804139205,0.6537670535188423,0.6471417488931582,0.6390985371550758,0.6297520918712021,0.6016760814669043,0.4978640734097725,0.45649604684032463,0.3423621729444349,0.28956000926533865,0.19981447035423386,0.18344753943443434,0.16297572403028646,0.15568118927780156,0.13455037900707462,0.12943452991327858,0.10892590796621211,0.10491369466580885,0.03168329503199865,0.012548841575838054,0.0024106516139828023,0.0003022728477946071,5.23356055082576e-06,2.628425724792712e-13,0,5696.142585279234,0.35669362084456424,3,0.3674752920035939,3
409,9759,0.0,0.0,0.0,0.0,0.0,0.0,0.0,0.9996684722713267,0.9856108806582529,0.9304551293759811,0.9091011676488475,0.8549510541051109,0.8468122493790914,0.8372221202722817,0.8341280672110313,0.8251084417183674,0.8222055977361182,0.8121269244366539,0.8089975809187591,0.7988486982436993,0.7948564948460313,0.7900273651485422,0.78547060570318,0.7716627449375094,0.7173472779644742,0.6939742738206973,0.6223958554141922,0.5845087072492201,0.5092562971405687,0.49349003699359023,0.47265774665741794,0.4649075231479024,0.44127565597701357,0.43525752381810334,0.4096925368002798,0.4043811433325655,0.26771607127415253,0.19512958901973007,0.11158103718323985,0.06535051265985532,0.023138268702450344,0.00032280599694614284,0,13381.358691733907,0.47259658580413294,4,0.3683737646001797,3
410,6414,0.0,0.0,0.0,0.0,0.0,0.0,0.0,0.9998716080583527,0.994421479313826,0.9726487367862466,0.9640433184026004,0.941742205135917,0.9383297230997253,0.9342989686318143,0.932997730991183,0.9292026735105723,0.9279807726892904,0.923734568627455,0.9224148278070637,0.9181253530592498,0.9164336014201688,0.9143892624493161,0.9130983875689805,0.9091979856421061,0.8935145789550993,0.8865723216877963,0.8644081533162475,0.8520267637940989,0.825796125409842,0.8199966454146217,0.8122055072941115,0.8092750823011341,0.8002096893339335,0.7978677176453408,0.7877400891271589,0.7855994377440566,0.7215958241733968,0.6766047957603845,0.6045024499969316,0.5532742253585928,0.4660699441750964,0.23037079427853763,0,122.7888198757764,0.03054806828391734,0,0.3692722371967655,3
411,10645,0.0,0.0,0.0,0.0,0.0,0.0,0.0,0.9999156528585397,0.9963278587977833,0.981911676010692,0.9761790777991985,0.9612339468024976,0.9589353778295076,0.9562153855446189,0.9553360249359043,0.9527675959279166,0.9519393892465956,0.9490578984001834,0.948161312023017,0.9452470382757082,0.9440975797066151,0.942709029603787,0.941682420223049,0.9385366538707755,0.9256877331337855,0.9199084982535763,0.9011499964136154,0.890491035241368,0.8674856019378077,0.8622980260829919,0.8552039229523642,0.8524852218644853,0.8439042691608204,0.8416444326594938,0.8316872674536705,0.8295429780789529,0.7641579749521017,0.7172855068848442,0.641036824164558,0.5643487007268713,0.44030221899576377,0.15789239142683165,0,3231.1150444105833,0.27133872416891286,2,0.3701707097933513,3
412,10269,0.0,0.0,0.0,0.0,0.0,0.0,0.0,0.9991173602690757,0.9618106019310101,0.8228487201173456,0.7722865706131811,0.6521458156483929,0.6350583602907305,0.615113397475991,0.6087058058931814,0.5900964139034094,0.5841273483324203,0.5635061997666239,0.5571387546383667,0.5366135109783711,0.5286046738198182,0.5189497307005212,0.5071984996326001,0.4724435836783716,0.35171318456539,0.30720624885776393,0.19604891738069297,0.1508955524755347,0.08446039009267971,0.07388536728419591,0.061386229546301865,0.057135227834070816,0.04545234263696021,0.0427700089363308,0.032622126466550244,0.03075490355951933,0.004690339988920914,0.0010951473614944796,8.207999968766296e-05,3.130672964896988e-06,5.2845884319686846e-09,1.6904829806779854e-20,0,3518.2559222313603,0.2857142857142857,2,0.3710691823899371,3
413,1933,0.0,0.0,0.0,0.0,0.0,0.0,0.0,0.9992200205797906,0.9662292904824012,0.8421405159936441,0.7964573139740955,0.6865641687595816,0.6707650576386458,0.6522677535910396,0.6463136439929581,0.6289929927752865,0.6234302403845168,0.6041820562775271,0.5982283936955327,0.5790018240888674,0.5714790104769005,0.5623956397182943,0.5538478405005346,0.5283672031177997,0.434863672238448,0.39790635809393093,0.2967646025566476,0.2503656899320975,0.17209369339487307,0.15791930591395661,0.14027887904845102,0.13402268857863917,0.11597280723587301,0.11161962582639735,0.09422157458328918,0.09082828023422472,0.028359675224637976,0.011581424138048779,0.002369623782625134,0.0003483433638679197,8.197356373074572e-06,1.4451251557544727e-12,0,1199824.578838653,0.8140161725067385,8,0.3719676549865229,3
414,4951,0.0,0.0,0.0,0.0,0.0,0.0,0.0,0.999946390832001,0.9976481697687913,0.9883179366456258,0.9845666942935126,0.974675165300555,0.9731373749442619,0.9713019772037174,0.9707036466648542,0.9689416330467512,0.9683689358440208,0.9663608345214271,0.9657310655555927,0.963667888921156,0.9628476656523152,0.9618492225379456,0.9609145571138471,0.958052418537409,0.9463615849199276,0.9411021886814627,0.9240210197586898,0.9143063236582017,0.8933417813913046,0.8886250699932915,0.8821958235221775,0.8797433795775198,0.8720475386016652,0.8700291192579123,0.8611526195226904,0.8592446755633909,0.8007953601851268,0.7584968763258209,0.6888531481036779,0.6081327716064341,0.47738755045078013,0.17612406865767088,0,10792.487149646238,0.4438454627133872,4,0.3728661275831087,3
415,2830,0.0,0.0,0.0,0.0,0.0,0.0,0.0,0.9992611215905138,0.9680682544637449,0.8504827510737143,0.8070584260815271,0.7022187956084387,0.6870605736775477,0.6692763251838075,0.6635387519752545,0.6468102628238734,0.6414204922703131,0.6227021064422701,0.6168904877580161,0.5980528689558855,0.5906489809623618,0.5816713877700824,0.5690571270862775,0.5316230130289551,0.40046892928733424,0.35162423599020354,0.22817743036840055,0.17727891606892418,0.10123002244980743,0.08894449489591043,0.074321590849175,0.06931855343924091,0.05548598213165975,0.05229099688341211,0.04013055782687098,0.03787925975042324,0.005978058975608544,0.0014285355261841293,0.0001109202583637222,4.378494796999507e-06,7.889567119319284e-09,3.293882833480942e-20,0,785.0377655278018,0.1266846361185984,1,0.37376460017969454,3
416,8745,0.0,0.0,0.0,0.0,0.0,0.0,0.0,0.9995886445400477,0.9821804604880584,0.9145147223446342,0.8886024928192864,0.8236234726614687,0.8139497808216803,0.8025900886193881,0.7989351490545477,0.7883087700986239,0.7848978328766513,0.7730880531776886,0.769431576912539,0.7576067865289554,0.7529691494083015,0.7473805157899213,0.7437477373719931,0.7329094636434208,0.6906926342656885,0.6726687222428382,0.6176475320397248,0.5884954274069004,0.5302648734007323,0.5180274753293729,0.5019885933114809,0.49607865779842936,0.47819802956472085,0.4736804012707828,0.45460662369527155,0.45066976769831407,0.3440835316216889,0.2808602608966071,0.1977075322226909,0.16843622807204248,0.12427361885787956,0.03654751273429418,0,186.7051282051282,0.042228212039532795,0,0.3746630727762803,3
417,7885,0.0,0.0,0.0,0.0,0.0,0.0,0.0,0.9999246531718432,0.9966834146660443,0.9835040461070544,0.9781986970332354,0.9641946481431921,0.9620142539866176,0.9594034391793398,0.9585503278335668,0.9560321626912145,0.9552116055134473,0.9523255460550742,0.9514176650390874,0.9484343356666827,0.9472447611503549,0.9457920229588338,0.9440576756817587,0.9387329204406829,0.9170376163263543,0.9073139266216851,0.8759414764483993,0.8582616567440612,0.820545619834622,0.8121380405498458,0.8006980085484107,0.7963367299146892,0.7826713230406394,0.7790976129329827,0.7634568609840796,0.7601104311450281,0.6608603159635202,0.5931778633434772,0.4894896745454588,0.38670444996376135,0.2439820572182861,0.036173601504455165,0,61538.12791357436,0.6271338724168912,6,0.3755615453728661,3
418,10407,0.0,0.0,0.0,0.0,0.0,0.0,0.0,0.9992133992707923,0.9659180147137327,0.840677297616446,0.7945762554584012,0.6837106083690353,0.6677765677572225,0.6491488022111724,0.6431579246636734,0.6257388682501441,0.6201472403238795,0.6008088082022931,0.5948302428851671,0.5755328853106468,0.5679681549083355,0.5587629080947819,0.5476096102857847,0.5146321947648826,0.39813704702198915,0.35419040903679744,0.24078046738213624,0.19253950954899662,0.11764177799870625,0.10508443281323504,0.08995554045010858,0.08475299770837269,0.07023892511553319,0.06685309757569849,0.05377981702229431,0.051318776657514546,0.011700407623301932,0.003774753537951125,0.0005142483434223837,5.166976836252858e-05,5.76470363320922e-07,4.548026122282665e-15,0,7402.533935312021,0.38993710691823896,3,0.37646001796945194,3
419,10233,0.0,0.0,0.0,0.0,0.0,0.0,0.0,0.9993522266641413,0.9719118719220105,0.8673447823736802,0.8282493978802304,0.7326767615520069,0.7187416911015004,0.7023650249892646,0.697079458960968,0.6816683004453915,0.6767077443039989,0.6594984541992658,0.6541520799796708,0.6367955627462664,0.6299659165066352,0.6216792729594475,0.6111174407499393,0.5795632113927246,0.465098715099176,0.42054190625655724,0.30120407778472885,0.2480416532528744,0.16139260615537357,0.14619518098904513,0.12750505021495065,0.1209365855969894,0.10219810469883327,0.0977301798054545,0.08011333306740857,0.0767165944240262,0.019193966621262812,0.006561679347857509,0.000973479474578737,8.425473230106763e-05,7.040222299758438e-07,1.696852610624283e-15,0,852.996901904402,0.13297394429469903,1,0.37735849056603776,3
420,2788,0.0,0.0,0.0,0.0,0.0,0.0,0.0,0.9991285452721648,0.9623023610388404,0.8250181554056285,0.775013304133693,0.6560567656322713,0.6391199747905315,0.6193698729320165,0.6130326101544249,0.5946540129951937,0.5887695547965297,0.5684746970168117,0.5622182207546236,0.5420770742122631,0.5342164490822594,0.524723734705918,0.5111413612319886,0.4713412275379224,0.33678940921422235,0.288806574799168,0.1736693701220228,0.12924264075320596,0.0672783753899263,0.05790689560406577,0.047072535141547314,0.04345371879915592,0.03369670269599665,0.03149927214242756,0.02334785451562589,0.021878692784816176,0.0027663599741526773,0.0005611639395456785,3.299009524275967e-05,9.597924780677958e-07,9.553378331803653e-10,3.448040507501581e-22,0,24728.570439485207,0.5426774483378257,5,0.3782569631626235,3
421,1033,0.0,0.0,0.0,0.0,0.0,0.0,0.0,0.9998183033345733,0.992003949926468,0.9605333584333282,0.9480061461445062,0.9153339414565274,0.9102971446697723,0.9042779951582135,0.9023109724144442,0.8965038012704675,0.8946111441030691,0.8879550573763813,0.88586162643116,0.878973674314068,0.8762212711712174,0.8728468264460134,0.8674171583894968,0.850751048522424,0.7845877276666409,0.755891829002021,0.667528549963338,0.6206305228291203,0.5275818978612639,0.5080607419216462,0.48202317970958625,0.47221351274059703,0.44195187171864986,0.4342064377782188,0.4013017060420046,0.39447090556498804,0.22796928675785286,0.14910064992595065,0.06993369258746622,0.031377958596042914,0.00661908121322657,1.0903745610151202e-05,0,9663.72906323327,0.4330637915543576,4,0.37915543575920935,3
422,7384,0.0,0.0,0.0,0.0,0.0,0.0,0.0,0.9992543600804793,0.9677651327174809,0.8491230878924887,0.805337298664503,0.6996701999663141,0.6844129559710204,0.6665651571828699,0.6608251478075817,0.6441357271434093,0.6387783421646107,0.6202469213026267,0.614516555020422,0.5959988424119922,0.588743290418987,0.5799750758274691,0.5701472332828695,0.5406526838530662,0.4332512381969799,0.39130730031914895,0.2787981403524529,0.2286842680779109,0.14720598844429225,0.13295336256520948,0.11541179649192979,0.1092413619438466,0.0916437855435502,0.08745200485715034,0.07096540157350258,0.06780523981960257,0.015804375534612093,0.005111461192498513,0.000681654004764077,5.422406987255702e-05,3.8398289145002467e-07,4.648904835207323e-16,0,705941.4189996015,0.7834681042228212,7,0.38005390835579517,3
423,6044,0.0,0.0,0.0,0.0,0.0,0.0,0.0,0.9992645958637739,0.9681061554226766,0.8502697106252886,0.8065497954512427,0.7005718599707792,0.6852322631694583,0.6672437969728089,0.6614440295981043,0.6445084492345163,0.6390489112615453,0.6200865235465949,0.6141982894048347,0.5951100217731945,0.5876124739157498,0.5785348025882352,0.5672195027082134,0.5334912734580601,0.4133173625120806,0.36761321532905467,0.24899712276167102,0.19835369795054117,0.11973066253286241,0.10656036310090579,0.09065185092749221,0.08515382943306804,0.06978197855648982,0.06619022334932546,0.052334508109843456,0.04973123045126195,0.009792566258886285,0.0027924665490359226,0.0003001171557601493,1.7602941567731022e-05,6.85638442356203e-08,6.9013685928370056e-18,0,86388.44457810395,0.6621743036837376,6,0.38095238095238093,3
424,6703,0.0,0.0,0.0,0.0,0.0,0.0,0.0,0.9991015726369593,0.9612366262230799,0.8207420649057872,0.7698287844870454,0.6492876425806264,0.6321831136436018,0.6122593188362624,0.6058569578397363,0.5872632350558938,0.5813015656065768,0.560714101192829,0.5543595639476263,0.5338837954716412,0.5258921594781862,0.5162546028104715,0.5066299444946897,0.4780226319119315,0.3756821681558299,0.33642508346998035,0.2332713658912765,0.1884546283597105,0.11745599779494767,0.10532327298283624,0.09053303386668171,0.08537190443167593,0.0707806134110192,0.06733357785226704,0.05389098850836794,0.05133719694590828,0.010892222705386388,0.0032890494081168824,0.0003909637018674456,2.5229058302076442e-05,1.1871499157893791e-07,2.6423271005155863e-17,0,503371.9036051777,0.7690925426774483,7,0.38185085354896675,3
425,880,0.0,0.0,0.0,0.0,0.0,0.0,0.0,0.9997242050363502,0.9879509943615846,0.9412638053048119,0.9229890615819776,0.8761361213895869,0.8690225877693933,0.8605874604377745,0.8578500275728506,0.8498237132750323,0.8472256339218004,0.8381525945221782,0.8353190691295617,0.826076337028327,0.8224193311441986,0.817978650242962,0.8143923544991717,0.8035564580059554,0.7607017043016118,0.7421202264729471,0.6845149830531648,0.6535131103109415,0.5906611131804438,0.5772649515148552,0.5594867536371781,0.5528563656278896,0.5325610679156583,0.527373895448404,0.5052312876918177,0.5006108346713919,0.37519098424140873,0.3012795486598949,0.20514047355553833,0.16106634914829338,0.10162006150931736,0.015817821473473617,0,inf,0.9910152740341419,9,0.38274932614555257,3
426,8341,0.0,0.0,0.0,0.0,0.0,0.0,0.0,0.9998683645518986,0.9942507238607897,0.971698017445799,0.9627412749291108,0.9394211226867915,0.9358265965365038,0.9315428830657255,0.9301475585685525,0.926041669622465,0.924707869847608,0.9200282045103247,0.9185535284921756,0.9136994871788146,0.9117620847832126,0.9093929204097689,0.90676864684455,0.8986752515821335,0.8657618436212977,0.8510623455585967,0.8039814502772554,0.7777254664754669,0.7224822298829223,0.7103022743020534,0.6937489163094108,0.6874365106980456,0.6676755108453427,0.6625118752426068,0.6399769376321218,0.635170192557928,0.4991376765138005,0.41409381383166105,0.2967033110970739,0.19061646238148677,0.08102244397263078,0.00244887262442975,0,inf,0.9982030548068284,9,0.3836477987421384,3
427,7537,0.0,0.0,0.0,0.0,0.0,0.0,0.0,0.9991736491900925,0.9642873459780515,0.8338195027264107,0.7860991236943454,0.6719877586853019,0.6556487876781247,0.6365670192811871,0.6304377736514319,0.6126443173965253,0.6069416169537425,0.587248547712408,0.5811663289703471,0.5615540136481966,0.5538924018590581,0.5446520502628779,0.5337265953592913,0.5011807050419297,0.3856965760740328,0.3421441111939775,0.23005746427479748,0.18263912589423564,0.10961305114039224,0.09746799154409545,0.08286887575014182,0.07783592131832988,0.06378013134224235,0.06049937343085124,0.047853900394245245,0.04547982482749389,0.009010330794469274,0.00258484613731042,0.0002813210522567651,1.7167428026161796e-05,7.241047952416133e-08,1.0232257213271763e-17,0,58865.74289481324,0.6244384546271339,6,0.38454627133872415,3
428,6439,0.0,0.0,0.0,0.0,0.0,0.0,0.0,0.9999128237828862,0.9961953434503065,0.981224614389105,0.9752566667681617,0.9596555551097425,0.9572494034426241,0.9543933723145599,0.953467169194412,0.9507537257950471,0.9498765571058532,0.9468163982481316,0.9458615512036037,0.9427492452932964,0.9415182690428517,0.9400270382474194,0.938780204008676,0.9349558873327132,0.9193406288289978,0.9123218634745952,0.8895732066369113,0.8766743928660276,0.8489498875267466,0.8427313339423962,0.8342548945684773,0.8310199833315561,0.8208683100868714,0.8182099789538596,0.8065648830766521,0.8040702173719986,0.7288663235514758,0.6758866330680536,0.5913901789566672,0.5116770397162214,0.3864266574015162,0.12178551195533714,0,3466.6530816961154,0.28122192273135665,2,0.38544474393531,3
429,1520,0.0,0.0,0.0,0.0,0.0,0.0,0.0,0.999918210605204,0.9964022957967855,0.9821240237256478,0.9763840571483352,0.9612537516763856,0.9588994531922647,0.9560796687123552,0.9551569399918592,0.9524166951510922,0.9515183383072748,0.9483399802409961,0.9473344940878022,0.9440118316103151,0.9426795261996036,0.9410432242411761,0.9388730304812258,0.9321693926442045,0.9047182646153344,0.8923274056922391,0.8521378758551502,0.8294071967028316,0.7808305003850828,0.7699587530620151,0.7549814507758134,0.7491957753401959,0.7308444741431123,0.7259866305291451,0.7045078244483427,0.6998666194690083,0.5654463271569821,0.47855719174215866,0.35445335425588165,0.2302132132477258,0.09916648613056674,0.0030370281104686184,0,11306.826586709643,0.4528301886792453,4,0.3863432165318958,3
430,6588,0.0,0.0,0.0,0.0,0.0,0.0,0.0,0.9996332095586267,0.9841533036794533,0.9239039067606831,0.9007829741490995,0.84265628799959,0.8339882228970342,0.8238307210208023,0.8205708381268705,0.8111170177168653,0.8080901251124633,0.7976347987866595,0.7944051768456432,0.783984281148142,0.7799059235927202,0.7750044911250608,0.77249450596743,0.7650117954335265,0.735619005632154,0.7229362320497617,0.6836332898763938,0.6624501183515898,0.6192773658118428,0.61005521654402,0.5979295043206224,0.5934567518245509,0.5798956964999071,0.576463298612409,0.5619322141040908,0.5589249471338112,0.4737414135477377,0.4186899645546919,0.33853199871103995,0.3038921375031537,0.24709626367456436,0.10656109120986845,0,942.5020371785077,0.14016172506738545,1,0.38724168912848156,3
431,498,0.0,0.0,0.0,0.0,0.0,0.0,0.0,0.9998420762070708,0.9931229786721605,0.9662892082510315,0.9556915780903275,0.9282544890848526,0.9240577157432839,0.9190908988838697,0.9174839083879156,0.9127866303503396,0.9112708477580348,0.9059920013427392,0.904347800930654,0.8989982418022515,0.8968864655494143,0.8943313921457561,0.8925255121661011,0.8870603558941511,0.8651271870149537,0.8554450096235743,0.824673259318678,0.8075882312499777,0.7716465470936834,0.7637307622097637,0.7530853757438882,0.7490741420494412,0.736648640578634,0.7334363615204619,0.7195462953844058,0.7166105657665498,0.6303838675372123,0.5717653424040668,0.48184841694084046,0.41403428927685587,0.30837725706497654,0.09158428989403947,0,104.91608391608392,0.026954177897574122,0,0.3881401617250674,3
432,5889,0.0,0.0,0.0,0.0,0.0,0.0,0.0,0.9992569581785969,0.9677241245257076,0.8483856939594135,0.804158513186346,0.6970846918272402,0.6816026050731041,0.6634486787355574,0.6575978311867019,0.6405569722247199,0.6350774911457957,0.6160937099499265,0.6102175580544443,0.5912224080364865,0.5837757668767417,0.5747695637293597,0.561736172042945,0.5231176735156396,0.3888172413042922,0.3392749146423087,0.215861327382921,0.16594348508182175,0.09274595672455323,0.0811284721068287,0.06742415940679573,0.06277162412388483,0.05000197932108116,0.04707352921992839,0.036000741655409826,0.03396431775291449,0.005325548537499555,0.0012749662053212218,0.00010049615516637655,3.981942420418937e-06,7.253798235950247e-09,3.19032884615651e-20,0,2549.1503133707147,0.2407906558849955,2,0.3890386343216532,3
433,32,0.0,0.0,0.0,0.0,0.0,0.0,0.0,0.9991931193961215,0.9651465025323194,0.8376557145419847,0.7909448264478462,0.6790955625115046,0.6630549156070874,0.6443240127656428,0.6383094909780218,0.6208533874312948,0.6152565283565745,0.5959212746805483,0.5899498323290528,0.5706947869850144,0.5631722445463502,0.5541015844608306,0.5435650194166838,0.5121272063540624,0.39964451946323093,0.3566402849897043,0.24427343110915234,0.19586790945245436,0.11996872475422836,0.10713449483864318,0.09157322933674455,0.08617124019747585,0.07098238234091733,0.06741482370257797,0.05358503002806694,0.05097366565953815,0.01035445286063765,0.003018076239380078,0.0003358586666179274,2.101316118652787e-05,9.314352515686927e-08,1.6231506380019195e-17,0,44718.64946550252,0.6028751123090745,6,0.389937106918239,3
434,10561,0.0,0.0,0.0,0.0,0.0,0.0,0.0,0.9998587644701823,0.9938544227330176,0.9698589713111947,0.9603735182766489,0.9357903527796244,0.9320274722254531,0.9275768450141171,0.9261379513064115,0.921935239167331,0.9205800898819387,0.9158640733391064,0.9143962226514097,0.9096237722164635,0.9077410658449235,0.905465069757553,0.9040284793714779,0.8996917642222692,0.8822869093157922,0.8745988857884224,0.8501167535623466,0.8364811442214061,0.8076886947291817,0.8013410717401775,0.7928217242208678,0.7896156914488345,0.779681967523298,0.7771111753733485,0.7659799054724111,0.7636241201824292,0.6934363987519954,0.6443355221965331,0.5664310198185178,0.5069917306925978,0.4091267099929282,0.16969696158696607,0,7.391304347826086,0.0,0,0.3908355795148248,3
435,8876,0.0,0.0,0.0,0.0,0.0,0.0,0.0,0.9993291763626752,0.9708867577200926,0.8626259162885611,0.8221992720008671,0.7234476762570161,0.7090595730880092,0.6921645895674852,0.6867156103119731,0.6708342557092835,0.6657240595757307,0.6480030546241833,0.6425092275070461,0.6247254859095939,0.6177461191317539,0.6092463086650688,0.5984390460334094,0.5661974139856273,0.4499160791688357,0.4049768693086185,0.2857245212011268,0.23323704600614306,0.14882989113345313,0.13421010254043672,0.11632365131584695,0.11006566484222165,0.09230324537057949,0.08808608733882006,0.0715281083370496,0.0683613588730769,0.016160294431882657,0.005306351392641107,0.0007325121420632219,5.562721547919604e-05,3.6074264552092897e-07,3.0672793229920077e-16,0,2630.1287895691667,0.24348607367475295,2,0.3917340521114106,3
436,8867,0.0,0.0,0.0,0.0,0.0,0.0,0.0,0.9992811910946618,0.9688265116617576,0.8534211258792146,0.8105377117396498,0.7063504220714191,0.6912251974254677,0.6734602374678851,0.6677240857021767,0.650984378131057,0.6455910537934816,0.6268512478083285,0.6210297426169138,0.6021635620295799,0.5947566877384827,0.5857874121752262,0.5732702624224257,0.5362262501631911,0.4064335407069757,0.3580328437025683,0.23523024865165493,0.18424272043781414,0.107317380439021,0.09477119142792333,0.07980421093495672,0.07467565659003891,0.06045305217364063,0.0571557868274064,0.044543153226131185,0.04219455858141192,0.0075152756909736395,0.0019829367281689377,0.00018550633056571534,9.085979623691635e-06,2.489594906359158e-08,5.844953019201517e-19,0,5329.853867323205,0.34501347708894875,3,0.3926325247079964,3
437,4426,0.0,0.0,0.0,0.0,0.0,0.0,0.0,0.9992796741665517,0.9687639966816173,0.8532165698387963,0.8103487701035362,0.7063757935674466,0.6913126021928293,0.6736487702089344,0.6679513245428169,0.6513503747955941,0.6460104581876085,0.6275019802063581,0.6217671408536205,0.6032082889932207,0.5959150606994825,0.587075294398427,0.5747846028328495,0.5382345417354247,0.40936691626801064,0.3610028038159205,0.2376197018976899,0.18612952833138235,0.10819757100289666,0.09545551746133757,0.0802156987462502,0.07499771313896414,0.060551855399350867,0.0572098515425862,0.04445388868154622,0.04208396728587225,0.007354715152614391,0.0019134216126159352,0.00017474791596220558,8.31664606275536e-06,2.16072666766454e-08,4.1189110826025368e-19,0,2867.376311936482,0.24977538185085355,2,0.3935309973045822,3
438,7521,0.0,0.0,0.0,0.0,0.0,0.0,0.0,0.9991261010496304,0.9622148797529486,0.8247012426372408,0.7746934782675154,0.6559804243710223,0.6391135636495493,0.6194878503336267,0.6131896859002157,0.59492024679194,0.5890693898323222,0.5688855663109424,0.562661803696644,0.5426256495556547,0.5348119398471081,0.5253996304940145,0.5146131177891383,0.4825075352873615,0.3689425478209421,0.3261494228844149,0.21642405118709038,0.17032833379808662,0.1000524201973243,0.08848235314561914,0.07460408932248028,0.06982529064386112,0.05651746532885093,0.05342134638494385,0.04155071419068106,0.03933620025420235,0.006835035765597521,0.0017617543762533246,0.00015689225320125386,6.945756712787968e-06,1.574846894818682e-08,1.7446782536590198e-19,0,529182.1041909971,0.7726864330637916,7,0.394429469901168,3
439,7924,0.0,0.0,0.0,0.0,0.0,0.0,0.0,0.9999317552867364,0.9970215645696384,0.9852826464690018,0.980594099101851,0.9683128322814272,0.9664156092048803,0.9641632297154451,0.9634283708685878,0.9612569547977463,0.9605486388656316,0.9580546529426793,0.9572692530961256,0.9546855716174855,0.9536516219578252,0.9523824955657657,0.951024430960851,0.9468554765215853,0.9298306924511226,0.9221642018200963,0.8972773292299738,0.8831487420798483,0.8527551367260735,0.8459166076896152,0.8365376598179198,0.8329357870728956,0.8215637141369321,0.8185676569722248,0.805366160030099,0.8025231085541392,0.716939565843331,0.6570830446718251,0.5626215622542577,0.4819168194910429,0.3572452474452263,0.10468266588499846,0,3144.589658893788,0.2641509433962264,2,0.3953279424977538,3
440,4651,0.0,0.0,0.0,0.0,0.0,0.0,0.0,0.9992951326289133,0.9694261923000896,0.8561301371161701,0.8139591218577311,0.7112839491626158,0.6963600059056001,0.6787942758651853,0.6731128798677508,0.656508238310812,0.6511506527481743,0.6325249648555582,0.6267365582071687,0.6079562241097348,0.6005730098983368,0.5916213278690763,0.5818531100703225,0.552752481220106,0.4470416916973585,0.40576254571753934,0.29458294155747894,0.24463428007867266,0.1623438413675385,0.1477636532007926,0.12977692206745145,0.1234428741980238,0.10531671082130448,0.1009806717280107,0.08380901468552583,0.08049184304726774,0.02231566043419263,0.008308761096114014,0.0014402736874468045,0.00020029809464179474,4.2335250003368864e-06,4.802644289965109e-13,0,55336.23832032597,0.6190476190476191,6,0.39622641509433965,3
441,3898,0.0,0.0,0.0,0.0,0.0,0.0,0.0,0.9992272938177817,0.9665667700040709,0.8437140183982422,0.798456045200471,0.689460165489469,0.6737763598031904,0.6554458938734858,0.649552194930924,0.632418265726759,0.6269189659676526,0.607874232770949,0.6019748751649329,0.5828963152940349,0.575420607127972,0.5663822762838571,0.5576984414415385,0.531715853563966,0.4365160661962051,0.39895864165156203,0.2964201373610685,0.24952443926454035,0.1706838052662327,0.15645108946469122,0.13876139736477602,0.13249448764674815,0.11443559685969229,0.11008549540267819,0.09272263723206825,0.08934082853836237,0.027477408131534327,0.011091586577776784,0.0022231916155756484,0.00031108271112316167,6.64715859241912e-06,7.853378311767071e-13,0,41943.00037718152,0.5947888589398023,5,0.3971248876909254,3
442,2390,0.0,0.0,0.0,0.0,0.0,0.0,0.0,0.999225507410766,0.9664629135017792,0.8431593267870835,0.7977339082892533,0.6883835036206547,0.6726547937522784,0.6542739296682321,0.6483600516223809,0.6311503676798329,0.6256162972404644,0.606443535487344,0.6005058543341573,0.5813077439567556,0.5737870192555359,0.5646957735753787,0.5561120215819559,0.5306293726751161,0.4372871255759405,0.40035842166464386,0.29917179481721984,0.2526798348688932,0.1741145360777682,0.15986435009675531,0.14211768752321557,0.13582037246436968,0.11764061924892394,0.11325342205287146,0.09570766318912075,0.09228318106018144,0.029036111434007156,0.011927943489517551,0.0024662091978555293,0.0003526010736222383,7.858460802231725e-06,1.1056909849437105e-12,0,14052993.737687554,0.9182389937106918,9,0.39802336028751123,3
443,9726,0.0,0.0,0.0,0.0,0.0,0.0,0.0,0.9992673654547888,0.9681790353034422,0.8503999565248818,0.8066964876325157,0.7007529343365149,0.685417618324314,0.6674339376650983,0.6616370032863235,0.644750031015196,0.6393190216055392,0.6204990747987594,0.6146691613705559,0.5958126601654427,0.5884162062072252,0.5794667604969441,0.5670389104486299,0.5301054099321675,0.40069224170390827,0.35245759278740074,0.23028269908337237,0.17971162361048756,0.10374394977117435,0.09140774829623557,0.07670856750454116,0.07167997917889508,0.05777379304694218,0.054560228244120844,0.042309218820618257,0.04003601040403272,0.006899449754988829,0.0017759199704523373,0.0001591843530611293,7.587981849211085e-06,1.987785957880939e-08,3.9970172192446604e-19,0,15596.127115936424,0.49505840071877805,4,0.39892183288409705,3
444,10569,0.0,0.0,0.0,0.0,0.0,0.0,0.0,0.9999476419928602,0.997714727719924,0.9886946428896606,0.9850859598828444,0.9756166259314542,0.9741516839761745,0.972412091826302,0.9718444499485314,0.9701658175582999,0.9696143867055985,0.9676586060448887,0.9670381917023472,0.9649823342104886,0.964155646802472,0.9631378091008947,0.9618816483497783,0.9579982183481413,0.942013787285641,0.9347715043508312,0.9111149756637649,0.8975985156875692,0.8683328049975892,0.8617201601903679,0.8526376676105024,0.8491448557027583,0.838101414313619,0.8351878480292944,0.8223312325067063,0.8195584557434956,0.7357974243527451,0.6769005197818236,0.583387120312308,0.48138998670060107,0.3312747489043247,0.07090967659872366,0,89905.17657673074,0.6675651392632524,6,0.3998203054806828,3
445,6358,0.0,0.0,0.0,0.0,0.0,0.0,0.0,0.9999518312684579,0.9978896422349242,0.9895242804346606,0.9861619846017947,0.9772451716495981,0.9758476539094821,0.9741668416015138,0.9736147155668566,0.9719763645730043,0.9714396810024774,0.9695419776787131,0.9689418110978361,0.9669590592595959,0.9661641733514276,0.9651887398352288,0.9641834393863256,0.9610969853022704,0.9484626570227888,0.9427671785321294,0.924237194551986,0.9136824638767574,0.8908765702405415,0.885738098643454,0.8787188526032425,0.8760352897552013,0.8675969393554177,0.8653829702036524,0.855663586516523,0.8535781424756362,0.7900883379361878,0.7445581361706439,0.6703734975180612,0.5949708735016814,0.47127065047204825,0.1792152424087631,0,1307.9736523354381,0.16172506738544476,1,0.40071877807726863,3
446,9676,0.0,0.0,0.0,0.0,0.0,0.0,0.0,0.9996707100275101,0.9857916873104211,0.931665438959747,0.9108400868810966,0.8583346275011527,0.850488048536781,0.8413011619469029,0.8383578292708774,0.8298514529950433,0.8271372923309588,0.8177932380861135,0.8149163347763753,0.8056633910188757,0.8020534138313128,0.7977303309969407,0.7956108717631563,0.7893006335367987,0.7644631785400053,0.7537160015921235,0.7202649190815792,0.7020923262167671,0.664671594966633,0.6566023832709076,0.6459403709396646,0.6419909273601616,0.6299631072927792,0.6269056310433303,0.6139036605297601,0.611198936884509,0.5331904760672159,0.4813096459998369,0.4033418021595378,0.36678863248798504,0.3057273964145182,0.1458256644039204,0,inf,0.9829290206648698,9,0.40161725067385445,4
447,7750,0.0,0.0,0.0,0.0,0.0,0.0,0.0,0.9995003051052693,0.978293883892374,0.8962470924427306,0.8650045450606074,0.7870421953658899,0.775471776773715,0.7618246302755942,0.7574104368334866,0.7445090488504678,0.7403461505074561,0.7258629482829327,0.7213575392232692,0.706721309547664,0.7009567187090108,0.6939720241110807,0.6881546913731277,0.6707165712499776,0.6038731376130027,0.5759322340328616,0.4929467291593806,0.4506487606987853,0.3701596370060925,0.35391751121813986,0.3328064204589467,0.3250566338719279,0.30177928591563263,0.29593354548024314,0.27138205574510693,0.2663434748736291,0.14697035866220332,0.093031316064198,0.04138877626431912,0.014244892259587999,0.0017632805909787142,2.998127947071299e-07,0,inf,0.9946091644204852,9,0.4025157232704403,4
448,9142,0.0,0.0,0.0,0.0,0.0,0.0,0.0,0.9992263689764763,0.9664996012581817,0.8433194086930074,0.7979345380938017,0.6886696131752832,0.672936267038324,0.6545294189865597,0.6486016679786746,0.6313367052326435,0.6257851455824708,0.6065528925290607,0.6005971396050684,0.5813417641143696,0.5737991025358977,0.5646817447433403,0.5560718924419087,0.5304848510102302,0.43632938239594804,0.3991318992907106,0.29739408843995213,0.2507576923936629,0.17215256976582474,0.1579290625786062,0.14023336843748418,0.13395927739234692,0.11586327307478166,0.11150029165875794,0.09406885240310119,0.09067021285837029,0.028203074806089586,0.01148388612293155,0.0023375413499447445,0.0003272684798042636,7.000757902623632e-06,8.309192084432997e-13,0,22770203.486440066,0.9344115004492363,9,0.40341419586702604,4
449,6083,0.0,0.0,0.0,0.0,0.0,0.0,0.0,0.9991763750619405,0.96441539202972,0.834417555806111,0.7868659300305324,0.6732057408429214,0.656959739331422,0.6380249870274833,0.6319554937267866,0.6143707759968485,0.6087459302444705,0.5893605598896091,0.5833875118879666,0.5641687143985792,0.5566764372606448,0.5476606266137083,0.5393434200954688,0.5146764921874102,0.4246028141113052,0.38891502086670443,0.2907128059952834,0.2454199364716276,0.16869219875519928,0.15474598118210103,0.13733306712857568,0.1311381807018789,0.11322046705061621,0.10888903631159463,0.09155093813171761,0.08816487275895638,0.026537695277505435,0.010498454543508501,0.0020159333682928486,0.0002299555993142123,3.2847424419587458e-06,7.254069356976624e-14,0,14833.168010097846,0.48427672955974843,4,0.40431266846361186,4
450,3238,0.0,0.0,0.0,0.0,0.0,0.0,0.0,0.9999165195687247,0.9963161352236511,0.9816497392274232,0.9757358518141169,0.9601008612440713,0.9576622684372329,0.9547351293439954,0.9537751756670055,0.9509312721073653,0.9500011827290824,0.946713782665736,0.9456740445253572,0.9422390089860175,0.9408619793037715,0.9391711046287657,0.937276231051613,0.9314651944945352,0.9078369332821012,0.8972710513144627,0.8632771344036669,0.8441691657607117,0.8033940609511518,0.7942979586390765,0.7818931800173975,0.7771524715155707,0.7622649856608275,0.758363273712821,0.7412688703521826,0.7376083210998728,0.6300627082712495,0.5579065086031242,0.44945335516011903,0.3385570300082007,0.19442552488541612,0.019449231131856287,0,308.63917748917754,0.06019766397124888,0,0.4052111410601977,4
451,3661,0.0,0.0,0.0,0.0,0.0,0.0,0.0,0.9992676561707184,0.9682133620438117,0.8506546861110935,0.8070640598029147,0.7014552044450754,0.6861773871808103,0.6682753824010119,0.6625104191087121,0.6457330081726429,0.6403388366352445,0.6216468139798622,0.6158565721394679,0.5971295929716516,0.5897905522155882,0.5809081605178457,0.5682844836105908,0.5308776914813299,0.39999591014419056,0.3513098737587471,0.22833225760839607,0.17762600450121188,0.10179745234837896,0.08953750455431518,0.07495311468384032,0.069966357990289,0.0561794372473707,0.0529988615117276,0.040902345595330264,0.03866357246558958,0.006435867453982614,0.001611845970635585,0.0001374661516924092,5.762207043700018e-06,1.160057734377919e-08,7.466671883170211e-20,0,357.38315602836883,0.07187780772686433,0,0.40610961365678344,4
452,7060,0.0,0.0,0.0,0.0,0.0,0.0,0.0,0.9992716674521311,0.9684411327120785,0.8518647612507467,0.8086799864956473,0.7041260734951841,0.6890125710685568,0.6713282839733079,0.6656408040363752,0.6491097886562892,0.6438026558727755,0.625436952835566,0.6197552698709574,0.6013999324436764,0.5941934846276248,0.5854674556670084,0.5724344038136715,0.5337679742338904,0.39893374135188214,0.3491581840996104,0.2244901545335919,0.173613571836244,0.09830363702181169,0.08624306901504357,0.07196118168198244,0.0670969368391515,0.053700066291099746,0.05061709571274423,0.03891813517124428,0.03675810294236784,0.005962773486032508,0.0014637442057945788,0.00012044050805151441,5.211087155038419e-06,1.1261814807435107e-08,1.0102484402167613e-19,0,1445.3924705740983,0.17430368373764601,1,0.40700808625336926,4
453,4922,0.0,0.0,0.0,0.0,0.0,0.0,0.0,0.9999491665469398,0.9977604510047658,0.988833599285153,0.9852278233135718,0.9756758621394467,0.9741840639786129,0.9723956808811878,0.9718101067374021,0.9700780747385982,0.9695125214720842,0.9675191456521639,0.9668907424245982,0.9648213512764757,0.9639943891319713,0.9629796368372204,0.9618668733226081,0.9584424565023962,0.944401626671422,0.9380552009458696,0.9173394655157934,0.9055055981583923,0.8798739163217751,0.8740828849505886,0.8661414288697524,0.863089864026097,0.8534322133775478,0.8508818944769908,0.8396158306356181,0.8371834262464406,0.7631524274921953,0.7103989639686803,0.625286863937977,0.5305757222888693,0.38630721296173454,0.10524584160550711,0,14892.523180770944,0.4851752021563342,4,0.4079065588499551,4
454,4610,0.0,0.0,0.0,0.0,0.0,0.0,0.0,0.9991315955435319,0.9623541731048921,0.8249607919232158,0.7748159957371582,0.6553300310386644,0.6382904093508149,0.6183826088684992,0.6119823773413783,0.5933863399537946,0.5874207114444074,0.5668073050468866,0.5604409497773564,0.5399103605362235,0.5318832161121336,0.522186848779001,0.5089141804198208,0.4698312206334715,0.3368621642401483,0.28912991781136976,0.17399090526255248,0.12937790859955778,0.0670463648784524,0.057611328037595715,0.046684135206914654,0.043029723539784646,0.03320302863717173,0.03099622965776531,0.022836010252542924,0.02137035215421409,0.0025870118332311735,0.0005071402905564367,2.8025785417881456e-05,7.376793076577975e-07,6.028761817647982e-10,9.55182746381573e-23,0,3271.8357006516244,0.27313566936208444,2,0.4088050314465409,4
455,7948,0.0,0.0,0.0,0.0,0.0,0.0,0.0,0.9999571244615356,0.9981107270690014,0.990573455601556,0.9875259512397294,0.9794444293497081,0.9781811642823673,0.9766663498410357,0.9761702561742269,0.9747026191689707,0.974223308773629,0.9725335594967816,0.9720007601247762,0.9702458173153787,0.9695443493076329,0.9686859108033037,0.9677948762043566,0.9650496728864124,0.9537653619437846,0.9486564933599644,0.9319581242527036,0.9224001247237064,0.9016545916465318,0.8969626437698783,0.8905292392661719,0.8880567011137799,0.880240663363483,0.8781791599553488,0.869081213304687,0.8671187663873836,0.8069241841934338,0.7633505963257775,0.691654007524227,0.600774059871355,0.4564252153029202,0.14642036273444903,0,81990.6593411309,0.6576819407008087,6,0.40970350404312667,4
456,10288,0.0,0.0,0.0,0.0,0.0,0.0,0.0,0.9993172720880639,0.9704553505741974,0.8610082856701743,0.8202905642039433,0.7212193322120561,0.7068252488071,0.689960632020898,0.6845229731785362,0.6686789562332301,0.6635821607968665,0.6459123388604339,0.6404245700929848,0.6226222063992597,0.6156235196233916,0.6071427676961229,0.5951968302958344,0.5595197288325271,0.43231298840285964,0.3839546246801843,0.2590810807809035,0.2060771055564887,0.12417458593814064,0.1105108095890133,0.09405426889471893,0.08837052206995394,0.07247014174457135,0.0687527352200469,0.05440381331104761,0.051706218833418575,0.01023371612446148,0.0029293192948119757,0.00031674621123127246,1.940269453928988e-05,8.274413320348481e-08,1.2421792015880083e-17,0,1639.564046096877,0.18598382749326148,1,0.4106019766397125,4
457,7990,0.0,0.0,0.0,0.0,0.0,0.0,0.0,0.9999088956708834,0.9960349186565618,0.9804827690434503,0.9743026510056761,0.9581975266491168,0.9557212506088264,0.9527904471382425,0.9518431272534313,0.9490779711395282,0.9481869907419248,0.9450881765055943,0.9441242296303322,0.9409918564478523,0.9397567233552685,0.9382650042160303,0.9372483146008901,0.9341580370419812,0.9216262698760702,0.9160208102279527,0.8979196099887542,0.8876854439224131,0.865732145063064,0.8608083756288243,0.8540763103796636,0.8514988642783909,0.8433826338387926,0.8412501557636245,0.8318752903160583,0.8298609325512882,0.7683947126995802,0.7241843773482095,0.6518816984601311,0.5814815077259253,0.46557822041582775,0.18607805120966917,0,561043.1298704408,0.7780772686433064,7,0.4115004492362983,4
458,2350,0.0,0.0,0.0,0.0,0.0,0.0,0.0,0.9992225780003109,0.966338171799515,0.8426152362417184,0.7970520814375448,0.6874115644802843,0.6716463193376954,0.6532245284888237,0.6473001756723277,0.6300467318775541,0.6244990106845402,0.6052805780045426,0.599329272503257,0.5800886651334096,0.5725517043604493,0.5634410397426215,0.5548485253164607,0.5292713926459923,0.43543616204863234,0.39835858599835877,0.2969255867215182,0.25041531676260176,0.1719972468723337,0.15780334936575846,0.1401422722112236,0.13387981152651757,0.11581526000047422,0.11145936085271424,0.09405402946344389,0.09066003858682553,0.028240531162607385,0.011511882291559066,0.0023478429479743324,0.0003325631852183181,7.277981039328217e-06,9.494455012301648e-13,0,52852071.704969004,0.958670260557053,9,0.4123989218328841,4
459,6328,0.0,0.0,0.0,0.0,0.0,0.0,0.0,0.999778716918859,0.9903582639638513,0.9529206326389208,0.938221610888411,0.9004029921185299,0.8946470602266383,0.8878337468519146,0.8856238046141632,0.879141184017662,0.8770366776464149,0.8696638718201231,0.8673537353175254,0.8597932419036858,0.8567915756192017,0.8531364291392506,0.847986395558037,0.8320959297011035,0.7686741320711973,0.7410415282191813,0.6557202395526487,0.6103195042675785,0.5200448044797393,0.501094561833741,0.47582801344530734,0.46633354236585045,0.4371274070606498,0.4296129707636647,0.39743688363430485,0.3907056120108205,0.22512100733730603,0.14657027510006684,0.06800423732429178,0.02799068761915664,0.004962102115671789,3.8897434691161174e-06,0,381.42426517281166,0.07457322551662174,0,0.4132973944294699,4
460,3882,0.0,0.0,0.0,0.0,0.0,0.0,0.0,0.9992812585914826,0.9688666400340855,0.853797860858578,0.8111387430516966,0.707766602901298,0.6928132916344238,0.675320186184468,0.6696960727589918,0.6533311717670853,0.648070560217071,0.6298442997821526,0.6241990801196096,0.6059427386747334,0.5987882486928171,0.5901425110991592,0.577148740011424,0.5385311639397321,0.4033747969365493,0.3531475226408933,0.2267357011466761,0.17496404038314625,0.09846904485313723,0.08625288709360382,0.07179650478322079,0.06687504900048694,0.05333320155939076,0.05022211715240227,0.03844559182552728,0.03627697819571248,0.005706413655602472,0.0013684697636562005,0.00010834161168787749,4.718038329351723e-06,1.0328994524105045e-08,9.778575235994997e-20,0,966.8191104280336,0.14106019766397127,1,0.4141958670260557,4
461,4771,0.0,0.0,0.0,0.0,0.0,0.0,0.0,0.9998286306115337,0.992514716833171,0.9632328880891741,0.9516269677373289,0.9214306672613741,0.9167877107875608,0.9112573047356768,0.9094561324348518,0.9041565654013066,0.9024351735018409,0.8964016804411263,0.8945105564944185,0.8883190784900472,0.8858591425790886,0.8828509294633019,0.8790549328868453,0.8673124871036779,0.8198309069101842,0.7987945213607683,0.7323260836267713,0.6960281324427888,0.6215145228098801,0.6053679541330709,0.5834680329907921,0.575117157914404,0.5490260187743747,0.5422204184303797,0.5126073217600723,0.50629206764903,0.3389554451447093,0.2473984485086814,0.14005099682354877,0.05992379385397312,0.011485065560910012,1.255639404958901e-05,0,3559.345043775245,0.2875112309074573,2,0.41509433962264153,4
462,7815,0.0,0.0,0.0,0.0,0.0,0.0,0.0,0.9998719089621868,0.9943759404380138,0.9721881290652937,0.9633270223369331,0.9401295613975847,0.9365436669079265,0.9322633260845876,0.9308668540006065,0.9267509965300974,0.9254118167617208,0.9207092868205129,0.9192285113959271,0.9143527928273838,0.9124049334574516,0.9100203098384803,0.9066809947467913,0.8963489153789016,0.8543707226181181,0.8356650953834699,0.7760729488700694,0.7431076466508494,0.6745037031230131,0.65951174592262,0.6391572583354895,0.6313940723581102,0.6071140833925146,0.6007747724554328,0.5731565034065687,0.5672735792596457,0.40717290962278957,0.31445606604502413,0.19780083991110967,0.10498331556238742,0.030591384497681836,0.0001883373996660691,0,8575.179124574894,0.4150943396226415,4,0.4159928122192273,4
463,4175,0.0,0.0,0.0,0.0,0.0,0.0,0.0,0.9993051786817994,0.9697647482381074,0.8573049506843143,0.8153464271484318,0.7130718392132177,0.6981952569596511,0.6807140113977248,0.6750652156324386,0.6585704306762441,0.6532525413109627,0.634786746526982,0.6290549842910323,0.6104800340723417,0.6031857584701713,0.5943526626178084,0.5841119052157115,0.5536683300535378,0.4438130666651784,0.40126741161166457,0.28776019717095497,0.23734813191760407,0.15527407377802127,0.14088959955230218,0.12323773450218535,0.11704966090181687,0.09942365690150831,0.09522652238903065,0.07867956954146876,0.07549754816845639,0.0203894374761803,0.007453172643568175,0.0012549315944543273,0.0001623706180493275,3.008509529842849e-06,1.9913274904751127e-13,0,21316.557554990486,0.5309973045822102,5,0.4168912848158131,4
464,4218,0.0,0.0,0.0,0.0,0.0,0.0,0.0,0.9992813238246949,0.9688918630101161,0.8539916261298838,0.8114174971848845,0.7083213036521473,0.6934180932805335,0.675998281597334,0.6704035996770307,0.6541642609801822,0.6489600876975948,0.630986235267047,0.6254365416653449,0.6075431501949825,0.6005515190919325,0.5921284483325695,0.5827870002947126,0.5547648048141615,0.4520080989047234,0.41149315566546274,0.30128779312363174,0.2512323046435994,0.16801836651687785,0.15315671283099014,0.1347370572234381,0.12822337961124491,0.10951233839761317,0.10502030249297027,0.08717647494052051,0.08371931268977334,0.023065488422773065,0.008522079802174194,0.0014503373656635503,0.00016848753279293804,2.5416405689240563e-06,7.571181505755069e-14,0,291959.9477739026,0.74303683737646,7,0.41778975741239893,4
465,1065,0.0,0.0,0.0,0.0,0.0,0.0,0.0,0.9993566269354641,0.9720339464609478,0.8676417870053598,0.8285120031002831,0.7326386267741402,0.7186336581053698,0.7021445209487298,0.6968040206483576,0.6811747611772172,0.6761251264864224,0.6585433153897402,0.6530706823609936,0.6352857665295584,0.6282813527406529,0.6197798080598065,0.6083957391869209,0.5744753848901246,0.4527384307224713,0.4061534134779301,0.2837937755076825,0.23055064310928589,0.14582589679612656,0.13128996455815684,0.11360549864469359,0.10744923190264727,0.09005380930013772,0.08594478976090208,0.06988852041768694,0.0668295581978656,0.01615251741499867,0.005417886243677076,0.0007824924706021333,8.80311706228101e-05,1.249835296320892e-06,2.916141191894129e-14,0,13652.307305960314,0.47349505840071876,4,0.41868823000898475,4
466,2204,0.0,0.0,0.0,0.0,0.0,0.0,0.0,0.9993235655388595,0.9707014472260714,0.8620155720758795,0.8215421554017633,0.722998756360439,0.7086864278987408,0.6919318129620071,0.68653747640505,0.6708098343526333,0.6657440845546664,0.6481665121544222,0.6427043113938404,0.6249798453612294,0.6180097250585512,0.609561600500184,0.5988891229698401,0.5671852001278141,0.45304603471670607,0.40896433963980616,0.2917622621281404,0.2399352319100283,0.15595432009209062,0.14129969010503812,0.12335033848125504,0.11707003935088611,0.09923797908596205,0.09500485049431498,0.07836359619192611,0.07517246160893727,0.020159101745869254,0.0073406110082351725,0.0012309593367952193,0.00014454364075243458,2.2016149187316827e-06,6.504209256867031e-14,0,154218.77530701977,0.710691823899371,7,0.4195867026055705,4
467,6340,0.0,0.0,0.0,0.0,0.0,0.0,0.0,0.9998107336081319,0.9917336365327449,0.9594685275450175,0.9467258192792612,0.9137405966180049,0.9086928017385826,0.9027006169894521,0.900755384577009,0.895050366424984,0.8932032225119054,0.886749527317573,0.8847325034990673,0.8781449039134491,0.8755322635030172,0.8723482143653344,0.8686438991765543,0.8572444026276405,0.8113386216295512,0.7910533519136899,0.727067344887471,0.6920729156512984,0.6201524681125733,0.6046108887799583,0.5836496610012496,0.5757024102496752,0.5510081542666444,0.544610709591157,0.5169664778391035,0.5111286516474869,0.3552832599225506,0.267747999843483,0.16132882569332738,0.08598037025802015,0.025313521751291583,0.00016363435386743968,0,19462.508114569464,0.5184186882300089,5,0.42048517520215634,4
468,6754,0.0,0.0,0.0,0.0,0.0,0.0,0.0,0.9992926522436433,0.9693991070285676,0.8563166114702812,0.8143867767651937,0.7127388449809113,0.6980318379324569,0.6808441132185743,0.6753255161723175,0.6593019408214039,0.6541644349727912,0.6364117222312604,0.6309274411606434,0.6132356470288578,0.6063189513841118,0.5979828138389677,0.5874009230354077,0.5556827172108803,0.44084211946686885,0.39631351764482997,0.277988676001061,0.22593258281519968,0.14254394562299486,0.12816246515196342,0.11057597716025756,0.10442325988847931,0.08697764406911024,0.08284413111173966,0.06667223409905967,0.0635895068115845,0.014007693505560284,0.004337302229392628,0.0005347453423331934,3.547513671731103e-05,1.7665078190551569e-07,5.0247717354654203e-17,0,582.5202341150413,0.10242587601078167,1,0.42138364779874216,4
469,1543,0.0,0.0,0.0,0.0,0.0,0.0,0.0,0.9996684585042562,0.9856952190648552,0.9312145776784705,0.9102585682217091,0.857438409051538,0.8495466674194075,0.8403075345735262,0.8373461329058137,0.8287689062593927,0.826026199725062,0.8165833230994057,0.8136762544912052,0.8043271265607881,0.8006799716707421,0.7963126272281456,0.7941325742164219,0.7876270648692407,0.7619768122320051,0.7508603832725168,0.7162171629601548,0.6973791353144491,0.6586039742139247,0.6502407574959516,0.6391704498701068,0.6350619033883695,0.6225269206146173,0.6193347080728485,0.6057364416649909,0.6029081237426609,0.5218141329433936,0.46828879953832653,0.388499855255165,0.35042244432984426,0.2875595520236612,0.12872914130211416,0,1548.975163963964,0.18238993710691825,1,0.4222821203953279,4
470,8311,0.0,0.0,0.0,0.0,0.0,0.0,0.0,0.9992370109792739,0.9669803459035486,0.8455197399185456,0.8007388587467621,0.6928391697661839,0.6772820898552925,0.659067333955727,0.653201682724133,0.6361147538665342,0.6306187118715456,0.6115721385177411,0.6056717566056234,0.5865876274969818,0.5791087364291979,0.5700657903200665,0.5613004390680331,0.5351713274152669,0.43960113258980876,0.40193042035528254,0.2990016986473755,0.25188006244314165,0.17257070055215198,0.15823861344484336,0.14041769368506338,0.13410205662077118,0.1158954948767115,0.11150808187048247,0.09398871497668294,0.09057489008722733,0.027995530144866276,0.01134395709977103,0.002289207296362635,0.0003286334517065338,7.3830003219130025e-06,1.073766413645237e-12,0,1610567.0192521675,0.8247978436657681,8,0.42318059299191374,4
471,9230,0.0,0.0,0.0,0.0,0.0,0.0,0.0,0.999851106608035,0.9934443327196301,0.9675549319637327,0.9572093555433376,0.9301158792818917,0.9259244052378901,0.9209084476257782,0.9192674685187833,0.9144176550177918,0.9128353256347277,0.907264153457598,0.905509580069966,0.89973742827224,0.8974335988003681,0.8946150517750929,0.8909633764668298,0.8797215578940933,0.8344104940582877,0.8143901794045904,0.7512035870483551,0.7166054001457178,0.6455485191911816,0.6302917370427451,0.6098772243746212,0.6021999633053534,0.578516257351675,0.572407764311307,0.5460801502507499,0.540536640893702,0.39088044058501803,0.30451610769211174,0.19550698079629153,0.11633271445381832,0.04241706260209921,0.000662958299227678,0,403.9371516129549,0.07906558849955077,0,0.42407906558849956,4
472,1029,0.0,0.0,0.0,0.0,0.0,0.0,0.0,0.9999078362014551,0.9959865167831431,0.9802366859167332,0.9739751027298253,0.9576547373588163,0.9551452676773924,0.9521746472930702,0.9512138495574071,0.9484081370701618,0.9475036736029949,0.9443565355096881,0.9433771127881153,0.9401930133666918,0.9389369216526957,0.9374191878499503,0.936409862128494,0.9333520551818333,0.9210026174119789,0.9155098264978765,0.8978733916496643,0.887957544068429,0.8668011487239091,0.8620942653872102,0.8557473269152547,0.8533521248683827,0.8459164167752415,0.8439903321326476,0.8356405847876831,0.8338713950295903,0.7804273687433522,0.7422264407315181,0.6799470806012152,0.6182802669212359,0.5137739736707474,0.23934620229918205,0,inf,0.9667565139263252,9,0.4249775381850854,4
473,7498,0.0,0.0,0.0,0.0,0.0,0.0,0.0,0.9991904910108691,0.9649217006424451,0.8361293189551063,0.788714815185387,0.6747437782968699,0.6583652231697066,0.639174726889355,0.6329906936975519,0.6149829059651185,0.6091930038689555,0.5891404019136801,0.5829326336459348,0.562870602704023,0.5550162875128046,0.5455216926771462,0.5318818522594289,0.49167845801526106,0.3544488667071472,0.3050672867611011,0.18562061296391558,0.13905476314903378,0.07341839389786078,0.06339058931092362,0.051746856327197985,0.0478456833927183,0.037293940108028,0.034910791302617504,0.026040453647087024,0.024435325277484307,0.0032273319955549292,0.000677070447917047,4.225647105015048e-05,1.336943495936312e-06,1.5765901910698523e-09,1.1760066974253474e-21,0,806.0957909370618,0.13027852650494162,1,0.42587601078167114,4
474,10594,0.0,0.0,0.0,0.0,0.0,0.0,0.0,0.9999533444742897,0.9979443317679446,0.9897466490215587,0.9864336819671302,0.9776525670565143,0.9762805209245818,0.9746354702546145,0.9740967736747347,0.9725032415145414,0.9719824862353118,0.970141622241981,0.9695595940430237,0.9676372978046097,0.9668668594646653,0.9659214278736575,0.964886704359362,0.961710858806931,0.9487166808975652,0.94285896932549,0.9237925942954577,0.9129284138602,0.8893812197760966,0.8840449453319748,0.8767114343926119,0.8738886802409309,0.8649494838456669,0.8625816832663056,0.852086354066454,0.8498126767683735,0.7801732347355972,0.7301035391980212,0.6485198851431045,0.5466295815561142,0.39143826436463314,0.09810086234000318,0,1860.9053760863785,0.20215633423180593,2,0.42677448337825696,4
475,3355,0.0,0.0,0.0,0.0,0.0,0.0,0.0,0.9999566484789673,0.9980844961984806,0.9904210577722423,0.9873140673749047,0.979052504371262,0.9777575851542025,0.9762004796233731,0.9756891084702537,0.9741720457645631,0.9736752094700383,0.9719187964916071,0.9713634362648871,0.9695248860295439,0.9687856399404894,0.9678755882616367,0.9668097415685383,0.9635137437969483,0.9499302590918378,0.9437656955292677,0.9235808491320373,0.9120134212387544,0.8868781649321232,0.8811816175818065,0.8733476691308901,0.8703320917157538,0.860786477373487,0.8582652674106901,0.8471254620119776,0.8447198160848085,0.7714316991286603,0.7191201541408767,0.6345530020201077,0.5393979392361715,0.3926926945448636,0.10538731058290372,0,3555.3952032505513,0.2866127583108715,2,0.4276729559748428,4
476,31,0.0,0.0,0.0,0.0,0.0,0.0,0.0,0.999188556210979,0.9648679873748222,0.8361413075088769,0.7889133021129439,0.6757175452642087,0.659496481730436,0.6405523593952133,0.6344678669917713,0.6168058611462117,0.6111447796551176,0.5915951455804345,0.5855602876803249,0.5661098745101862,0.5585136989544096,0.5493511140423756,0.5375062182616676,0.50236156088726,0.37916384018957877,0.33327040526841095,0.21714877570102661,0.16916545538205977,0.09724530180709395,0.08559216276353485,0.07171645897423828,0.06696822965007733,0.05382968027975051,0.050792236667231934,0.03921578770658049,0.03706930050758114,0.006152312829614774,0.0015336304414399998,0.00012915060405633652,5.85727479604295e-06,1.3864463611910095e-08,1.8102511620028898e-19,0,19705.969280752073,0.5202156334231806,5,0.42857142857142855,4
477,6166,0.0,0.0,0.0,0.0,0.0,0.0,0.0,0.999206902237902,0.9656391972620615,0.8394558823155419,0.7930435676434472,0.681518753153897,0.6654963008849734,0.646755410592811,0.6407277851891998,0.6232071012994028,0.6175826167573317,0.5981110568537684,0.5920852387701356,0.5726165847502945,0.5649958993978165,0.5557874798495761,0.5432415047860926,0.506195280734587,0.377608464167956,0.3302192612600062,0.21175661632829582,0.16352792100486113,0.09231058106072916,0.08093143126435058,0.06747057008749667,0.0628905283924637,0.05029679251328763,0.04740314127472019,0.036436942950433024,0.03441474070228671,0.005594543714986204,0.0013777557701125326,0.00011432847132116545,4.911462177251922e-06,1.0425098436405417e-08,8.528126843197178e-20,0,21055.751284658483,0.5292003593890386,5,0.42946990116801437,4
478,665,0.0,0.0,0.0,0.0,0.0,0.0,0.0,0.9992353690079055,0.9668972749697662,0.8451085910844256,0.8002153598165346,0.6919186572104974,0.6762700902229778,0.6579162348864583,0.6519987350193981,0.6347574622457877,0.6292049118820789,0.6099334650587752,0.6039542280862759,0.5845935605094359,0.5770017068607673,0.5678110908409209,0.5574925974905695,0.5267655719392071,0.41640396438882216,0.37395663734471696,0.2619380381916444,0.21296493626934387,0.13475353927623146,0.12129330447753915,0.10487600554867639,0.09914710990863215,0.08292984897242901,0.07909277207178367,0.06408503960363686,0.061223845097127055,0.014289675865618308,0.004639434749538519,0.0006261012475557895,4.797541076193765e-05,3.164338851448916e-07,2.878703190500398e-16,0,13402559.8385374,0.9155435759209344,9,0.4303683737646002,4
479,3752,0.0,0.0,0.0,0.0,0.0,0.0,0.0,0.9999055636430603,0.9958778302415051,0.9796536080223585,0.9731734372058269,0.9562019755680419,0.9535792535080019,0.9504581063195308,0.9494431981742242,0.9464622444165784,0.9454959089138946,0.9421147665245342,0.9410566716259479,0.9375977746920451,0.9362257552911841,0.9345586925797439,0.9333710604761254,0.9297685215775164,0.9152151890686341,0.9087421266498702,0.8879705743865117,0.8763049701745309,0.8514547554071212,0.8459320113779739,0.8384809679654981,0.8356668982631537,0.8269171271277053,0.8246298933088232,0.8146175956445706,0.8124754272415192,0.7476043478634246,0.7014299703790615,0.6268110137638776,0.5493010374801646,0.4246559000265614,0.14683894245541568,0,185.9921150278293,0.04043126684636118,0,0.431266846361186,4
480,7873,0.0,0.0,0.0,0.0,0.0,0.0,0.0,0.9998746357094496,0.9944788397748916,0.972620246074137,0.9638604396165267,0.9408478675125155,0.9372791791949397,0.9330071151713516,0.9316093460460266,0.9274725995409241,0.9261188748023859,0.9213426488751496,0.9198355269176507,0.9148680839114137,0.912881605152908,0.9104477563199799,0.9081212180246401,0.9010632922670782,0.8727586300867309,0.8602825662984076,0.8207585853501042,0.7989174594727185,0.7532721823626612,0.7432522950751674,0.7297455829728864,0.724640695178134,0.7087877056141166,0.7046786353535878,0.6868736348936184,0.6831026302075811,0.5742223995357119,0.5028323212107927,0.3980200383769724,0.3171931634662336,0.2046667959610634,0.03404849973616478,0,138475.81405635978,0.7026055705300989,7,0.43216531895777177,4
481,6928,0.0,0.0,0.0,0.0,0.0,0.0,0.0,0.9996939543628219,0.9867881360044762,0.9363327841095476,0.9168652703849626,0.8676418231454835,0.8602677502911945,0.8516279710524773,0.8488571358057888,0.840827591434739,0.8382602878592889,0.8294175177008327,0.826693602109129,0.8179283590421006,0.8145068414834864,0.8104080979272251,0.808164302432611,0.8014482504653716,0.7748947761559972,0.763356255006463,0.7273115542469735,0.7076687762563888,0.6671609988019057,0.6584149151434231,0.6468273502278047,0.6425225475703287,0.6293766891048763,0.6260211346232657,0.6116943884336924,0.6087112919055213,0.5233224803944359,0.4672690424775796,0.38427472275767044,0.34295718633661465,0.27555628458930126,0.11276633774670561,0,inf,0.9964061096136567,9,0.4330637915543576,4
482,7613,0.0,0.0,0.0,0.0,0.0,0.0,0.0,0.9992991711844649,0.969702494221949,0.8577416211410452,0.81621128637171,0.7154777994982535,0.7008961905095562,0.6838478486572059,0.6783687875055368,0.6624533121000908,0.6573398067225491,0.6396337079322506,0.6341526475057347,0.6164360127852523,0.6094958992623712,0.6011154377662273,0.5905041233704571,0.5588479788370101,0.4446337881681674,0.4004743370249371,0.2832461145993488,0.23149664626311542,0.14800163913711833,0.13350296542392212,0.11574841230610466,0.10953148196278355,0.09187245234191388,0.08768597501110759,0.07131618880789256,0.06818892382198144,0.016373390854879526,0.005448148029710593,0.0007716946399717173,6.67970593978107e-05,5.587138473100372e-07,1.3568651009202747e-15,0,3970.8348606835802,0.2991913746630728,2,0.4339622641509434,4
483,7642,0.0,0.0,0.0,0.0,0.0,0.0,0.0,0.9992404172116457,0.9670210449300737,0.8453147990939419,0.8003036161241299,0.6915566912562434,0.6758614471471137,0.6574691130098813,0.6515442563677313,0.6342958598189291,0.6287522133333555,0.6095594968158684,0.603608657736512,0.5843365814303436,0.576774673130273,0.567625400900698,0.5555566853495344,0.5198319048866425,0.39455694075833986,0.34779229127806643,0.22898535209399914,0.1795719394607823,0.10488251931563218,0.09268039707122873,0.0781143116825568,0.07312047153435162,0.05926274080984623,0.056049136378746714,0.04374878875014813,0.04145674148087609,0.00747120131746673,0.001990043117735786,0.00018945661869788279,9.664999875371656e-06,2.8636232478800597e-08,9.203689974211606e-19,0,50329.073897333095,0.6118598382749326,6,0.4348607367475292,4
484,1514,0.0,0.0,0.0,0.0,0.0,0.0,0.0,0.9999331656386931,0.9970499802394293,0.985284933614442,0.9805316030372634,0.9679385048418292,0.9659709083861822,0.9636080800908665,0.9628329678128587,0.9605360183246667,0.9597845989094458,0.9571312851938889,0.9562933266155152,0.9535289166953407,0.9524222828369021,0.9510655915332045,0.9495921591976961,0.9450664670801204,0.926587936783998,0.9182857398103458,0.8914142409806752,0.8762027156734874,0.8434989503386954,0.8361298872638009,0.8260194913630647,0.822134620471575,0.8098640875287612,0.8066244532294268,0.7923149043095188,0.7892265926725538,0.696549494821928,0.6322241762318697,0.5317252240652487,0.4074711998633905,0.24139110825874227,0.027017802714590495,0,5317.180859145765,0.344115004492363,3,0.435759209344115,4
485,3403,0.0,0.0,0.0,0.0,0.0,0.0,0.0,0.9998605570153292,0.993926674012383,0.9701866784945735,0.9607917422186734,0.9364164140597073,0.9326813654935618,0.9282614390690914,0.9268320501863591,0.9226558800901264,0.9213088966333621,0.9166199283142212,0.9151625090192745,0.9104332046512074,0.9085711434911147,0.9063244965569347,0.9049516718436406,0.9008196055208875,0.8842770764182102,0.8769871188069549,0.853820064861365,0.840940005988661,0.8137839498775985,0.8078073991279983,0.7998105567892897,0.7968145392914678,0.7875824571921665,0.7852085064485991,0.7749935507700655,0.77284512593787,0.7089577049845953,0.6643301023909295,0.5934559387027012,0.5469654380105567,0.46677144343726645,0.24248109207502305,0,3452.494204510648,0.2803234501347709,2,0.4366576819407008,4
486,8305,0.0,0.0,0.0,0.0,0.0,0.0,0.0,0.9990508093944565,0.9589879486737011,0.8108212089929207,0.7573596498932551,0.6314102807260522,0.6136284036802626,0.5929384855228271,0.5863092739808067,0.5671005520247837,0.5609556563716,0.5397825901408143,0.5332609126974565,0.512254305112107,0.5040583912552105,0.49417177719842276,0.48117008586448773,0.4429782294977626,0.3140081163568961,0.2681437274909411,0.1587158085725501,0.1169291824165217,0.059407985178957325,0.05084332096720227,0.04101088086908645,0.03774742046325133,0.029007433482254895,0.027052361859992307,0.019849751619172556,0.018561002454589123,0.002196800362858303,0.0004241058598843956,2.2884130118651703e-05,6.021602445284959e-07,4.918273158380691e-10,7.773206733869481e-23,0,7759.556361778489,0.3971248876909254,3,0.43755615453728663,4
487,3519,0.0,0.0,0.0,0.0,0.0,0.0,0.0,0.9991421825264493,0.9630189610759107,0.8285920456818504,0.7796866655249172,0.6634065055063417,0.6468647197104057,0.6276313626262761,0.6214792884099299,0.6036921494556177,0.5980142203795932,0.5784861376177937,0.5724809208227245,0.5531735237453155,0.5456469444307208,0.5365664275450028,0.5272444965306124,0.4993547974592019,0.39825199997325633,0.35896652632865195,0.2541701126379235,0.20779228310821318,0.13286759682127983,0.11983758887537763,0.10385039722098038,0.0982420057822234,0.08228899424617678,0.07849689492129312,0.0636064688649111,0.06075692026917319,0.014050097133569667,0.004520175335828349,0.0005980511354921801,4.286537991828321e-05,2.4903889362952687e-07,1.3593646340607567e-16,0,253065.33490067683,0.7349505840071877,7,0.4384546271338724,4
488,3863,0.0,0.0,0.0,0.0,0.0,0.0,0.0,0.9999552175435383,0.9980422506530311,0.9902970090668893,0.9871909920082583,0.979025004801412,0.9777544216057564,0.9762308456674601,0.975731885731815,0.9742557784024354,0.9737737048048564,0.9720742251150601,0.9715383617308266,0.969773339192534,0.969067847876688,0.9682044896646472,0.9673911152503686,0.9648997135953333,0.9547126419496804,0.9501241689948197,0.9351978086657599,0.9266919344507694,0.9082939909872054,0.9041466831662641,0.898487079635994,0.8963249957852933,0.8895303061064357,0.8877464186736714,0.8799086096528046,0.8782255041135085,0.8265805856156103,0.7890169414630709,0.7267615177103341,0.6511663349432094,0.5246912331536048,0.2131980827415291,0,6270.556901422445,0.3710691823899371,3,0.4393530997304582,4
489,7616,0.0,0.0,0.0,0.0,0.0,0.0,0.0,0.9992058378536766,0.9655938657220047,0.8392391878975408,0.7927624648131553,0.6810350800995973,0.6649717080703266,0.6461741926849537,0.6401255694507908,0.6225359775424212,0.616888780929705,0.597356138841863,0.5913169921824107,0.5718227754152068,0.5641986229843816,0.5549894915757847,0.542142869257828,0.5042640124668142,0.3733902009059955,0.3254356806047217,0.20640255944334016,0.1583851644953307,0.0881736333584585,0.07706018317499536,0.06396554843879847,0.059524273659398164,0.047347078091468625,0.04455740446448552,0.03402074434100591,0.03208549452985676,0.004978258856348558,0.0011827479833864001,9.209321595022904e-05,3.6717543936780755e-06,6.735266892677098e-09,3.007360806597239e-20,0,122829.76828941733,0.697214734950584,6,0.44025157232704404,4
490,4843,0.0,0.0,0.0,0.0,0.0,0.0,0.0,0.9999236838959173,0.9966321228046336,0.9832145816170825,0.9777999868885425,0.9634728969958914,0.9612367349033627,0.9585522231094831,0.957671779640529,0.9550632613531421,0.9542101002128246,0.9511982608616028,0.9502473116695624,0.9471109596323897,0.9458557813544012,0.9443172492269298,0.9426339647928027,0.9374672050220985,0.9164141372748228,0.9069769003699408,0.8765182788327459,0.8593424581235052,0.8226561091618276,0.8144538753000219,0.8032656461916606,0.7989901460287289,0.7855633417042479,0.7820446218450234,0.7666253236611978,0.7633159614055329,0.6649263956483004,0.5975885579318522,0.49404122403971285,0.3739697146409988,0.21604319984873602,0.021806026821000683,0,43783.39985489821,0.6001796945193172,6,0.4411500449236298,4
491,852,0.0,0.0,0.0,0.0,0.0,0.0,0.0,0.9991745471822294,0.9642042552930924,0.8329404966116262,0.7847434124169759,0.6691242223147964,0.6525377505585129,0.633111277490555,0.6268526872598441,0.6086311094742786,0.6027742539247537,0.5824969932425063,0.576222090609355,0.5559512804684147,0.5480187814670568,0.538432045556235,0.5285926704757639,0.49936892222514706,0.39465855554844376,0.35434266006280596,0.24788840484746924,0.20134162233554134,0.1270439588383729,0.11426497946007455,0.09867439896268497,0.09323204647100024,0.07782557915774989,0.07418052311192444,0.05992989721281561,0.057214596686495804,0.013056682155047024,0.004184204762118698,0.0005562027299189166,4.470134447916242e-05,3.236851425240682e-07,4.338154264021217e-16,0,1988153.8172246057,0.8292902066486972,8,0.4420485175202156,4
492,5939,0.0,0.0,0.0,0.0,0.0,0.0,0.0,0.9997561194715157,0.9893891346537186,0.9483112536218288,0.932222804640628,0.8909237316614773,0.884648521045467,0.877202667654238,0.874785514892238,0.8676961822608049,0.865400731182582,0.8573814375268107,0.854875967391453,0.8466974656975362,0.8434531585743849,0.8395049827992962,0.8349113300005068,0.8208265898876436,0.7646779020869975,0.740190679761343,0.6643329842884075,0.6238221663521225,0.5427273348306123,0.5256084414921783,0.5028146374615218,0.4942694291243164,0.46802816571592476,0.46129859590305056,0.43253284337833975,0.4265238641773757,0.2736001818375497,0.19466072364339257,0.10672652088184532,0.053439009785154305,0.013870406010250016,5.2429559683600825e-05,0,92.65151515151514,0.023360287511230905,0,0.44294699011680144,4
493,10188,0.0,0.0,0.0,0.0,0.0,0.0,0.0,0.9991429992172651,0.9628646155582727,0.8272480839137683,0.7777065518198067,0.6595439186958918,0.6426951468690733,0.6230346050570233,0.6167224291370589,0.5984063075706008,0.5925385840720777,0.5722899998861256,0.5660442445709578,0.545930058915985,0.5380763929006614,0.5285905179538042,0.5166861896476221,0.48154376148528333,0.3595277902801867,0.314531310013519,0.20195944385243025,0.15608031399807618,0.08825426909193067,0.07740498910099892,0.0645650817347982,0.06019419998183936,0.04816188412289824,0.04539421195741145,0.03489596141182807,0.03295838587297954,0.005345140099911225,0.001312416816674354,0.00010810854341317138,4.595464695537106e-06,9.522846001340948e-09,6.953557203827569e-20,0,113118.34810024638,0.688230008984726,6,0.44384546271338726,4
494,10366,0.0,0.0,0.0,0.0,0.0,0.0,0.0,0.9991979882157845,0.9652231486609022,0.8375143723568936,0.7905541996290151,0.6777673735044528,0.6615736922570523,0.6426333274123394,0.6365412565149154,0.6188324332756577,0.6131491591197183,0.5934781254024423,0.5873920943316618,0.5677340716375173,0.560041549712338,0.5507490725834896,0.5419747778849944,0.5157630563757604,0.4200351879230862,0.3825661840542389,0.2811792159071019,0.23529872497307894,0.15899398318422608,0.1453539713051049,0.12848574482946848,0.12253576906463338,0.10547377104329704,0.1013822677981706,0.08510861471903496,0.08195008461851648,0.02472264366279408,0.009845919850735465,0.0019315650773508227,0.0002685573666444257,5.667328012578605e-06,6.358018222029454e-13,0,2230586.7186992075,0.8328840970350404,8,0.444743935309973,4
495,179,0.0,0.0,0.0,0.0,0.0,0.0,0.0,0.999223606135207,0.9664098640080055,0.8430297553245824,0.7976175406687663,0.6883214876867725,0.6726000779659409,0.6542275685220499,0.6483249158334214,0.6311858466656975,0.6256886122476253,0.6066621063192488,0.6007753941313592,0.5817425004882545,0.5742848498901293,0.5652682940742099,0.5567162920063091,0.5312237832120883,0.43765748541434174,0.4006476365941412,0.29926489671820006,0.25269825263417717,0.17403577215912758,0.1597727849530983,0.1420127113680288,0.13571137004972714,0.11752238064793076,0.11313352678018533,0.0955836465448473,0.09215886413460503,0.0289497282946745,0.01187754149127728,0.002450334201951638,0.00035676623733085604,8.239414551092186e-06,1.3437200488307676e-12,0,877773.318901454,0.7960467205750225,7,0.44564240790655885,4
496,2252,0.0,0.0,0.0,0.0,0.0,0.0,0.0,0.9992402263042911,0.9670726733242363,0.8457599894751455,0.8009662585042677,0.6928941920202938,0.6773181296695274,0.659098316752761,0.6532398809653635,0.6362155247877197,0.6307536298495257,0.6118599892954624,0.6060156716145969,0.5870800079701743,0.5796441961560665,0.5706359284771235,0.5601778361189154,0.5288845971247979,0.4164334286254234,0.37322481921546463,0.25947960002585485,0.20996008518524145,0.13132814504039747,0.11787057091628922,0.10148091652663609,0.09576742758328571,0.07962205570195288,0.07580915966244182,0.06093606517706294,0.05811309399304738,0.012831869356494947,0.00399823646388109,0.0005030260012790238,3.6415340449755216e-05,2.1446483995749044e-07,1.2088782999221695e-16,0,96615.42143751295,0.6738544474393531,6,0.44654088050314467,4
497,5236,0.0,0.0,0.0,0.0,0.0,0.0,0.0,0.9992471989991571,0.9673787286755694,0.8471320831319122,0.8027027539874982,0.695432286585588,0.6799624114108263,0.6618670074141402,0.6560490439619728,0.6391436374389886,0.6337203256292198,0.6149586823736659,0.6091492057797917,0.5903676107461091,0.5830103045389866,0.574119495786088,0.5654261035199454,0.5393991257626978,0.44369533780650594,0.4057998146685091,0.3019825241101165,0.2543176873059615,0.1739784816288947,0.15947438127562538,0.14144694386793963,0.13506024939472205,0.11665576805461177,0.1122223186240454,0.09452634737150838,0.09107956932098368,0.02802014111967265,0.011313141702571966,0.002255865415707905,0.00026783652075822075,4.150649736170439e-06,1.29383846223041e-13,0,6618.0097608314445,0.3773584905660377,3,0.4474393530997305,4
498,2987,0.0,0.0,0.0,0.0,0.0,0.0,0.0,0.9992623176293527,0.9680718438785006,0.8496741370576539,0.8053952982930395,0.6971757214514545,0.6813837761811562,0.6626922196307042,0.6566111359257101,0.6387368361228117,0.6329370334373644,0.6126690465568493,0.606338418207232,0.5857016854021511,0.5775528727849478,0.5676199686377806,0.5541231648836206,0.5144259272729673,0.3779278474145428,0.3281502303700659,0.20542282623234404,0.15638852297228967,0.08548596303754598,0.07438543511195872,0.061359032384680344,0.05695528926187579,0.04492951300365428,0.0421860803831232,0.031883324935277874,0.0300026774909993,0.004331688557940934,0.0009727430034145583,6.842835519414295e-05,3.376822397044269e-06,9.62579766111886e-09,2.950703012134349e-19,0,2327.0238107818614,0.22551662174303685,2,0.44833782569631625,4
499,6874,0.0,0.0,0.0,0.0,0.0,0.0,0.0,0.9991979768472214,0.9655126954738361,0.8398226156586788,0.7939147298738775,0.6842489386821449,0.6685897970639261,0.650410898744125,0.644604477622403,0.6278180941154385,0.62245482817047,0.6039652989710508,0.598266845900078,0.5799107329915661,0.5727426355107844,0.5640903570795753,0.5540372432652877,0.5239215202182739,0.4150187134729111,0.37285301632606455,0.26099069158456745,0.2118750828732461,0.13331545188812388,0.11978617809048892,0.10324948230285384,0.09746605035602623,0.08107566728148186,0.07719420162510751,0.0620186086706103,0.059127880465055536,0.012866711529079956,0.003952527229633972,0.00048233817082332013,3.191535154550167e-05,1.5821284021271543e-07,4.4282678078952685e-17,0,2821497.841210778,0.8427672955974843,8,0.44923629829290207,4
500,2731,0.0,0.0,0.0,0.0,0.0,0.0,0.0,0.9991368858575115,0.9626160503078732,0.8262196014146457,0.7764436202461159,0.6578256117623346,0.6409106496258689,0.6211636702663124,0.6148197756834993,0.5963997163009789,0.5904949255594565,0.5701063943012674,0.5638138615143933,0.5435389979983737,0.5356256998219399,0.5260848897196656,0.5135169518489077,0.4765255771150945,0.34950672892544205,0.30331325909211837,0.18968954984968567,0.14439286566137777,0.07898477240245662,0.06875479710203743,0.05675922938463094,0.052706991546451296,0.04164693935021684,0.03912486224489486,0.02964492350940632,0.027912067500480503,0.004104685523962615,0.0009352528134512853,6.755053749587648e-05,2.4965841500014843e-06,3.961197320758041e-09,9.820190053079752e-21,0,5364.424065026783,0.34591194968553457,3,0.4501347708894879,4
501,2079,0.0,0.0,0.0,0.0,0.0,0.0,0.0,0.9993032666051412,0.9697918920621023,0.8578275552517078,0.8161883816448616,0.714890947448513,0.7001831364547224,0.6829411663984368,0.6773882296358399,0.6612264376773934,0.6560332064923571,0.63804973196124,0.6324824709159956,0.614486447561182,0.6074327050718871,0.5988943160711603,0.5886335091575897,0.5579807775717045,0.44689267109864733,0.4037042529299169,0.288231638451346,0.23696031933043396,0.1537919914828391,0.13931558453733095,0.12161521779968378,0.11542944371612764,0.09786105068659115,0.09368942775217086,0.07728610461850266,0.07413987109229028,0.01989012057438895,0.007245527485833179,0.0012160542293088274,0.00014355069086416925,2.202297344829342e-06,6.616859380245293e-14,0,8862.284583377841,0.4186882300089847,4,0.45103324348607365,4
502,3362,0.0,0.0,0.0,0.0,0.0,0.0,0.0,0.9999542132956664,0.9979825751997586,0.9899366299761052,0.9866846324730519,0.9780447788325402,0.9766908734193753,0.9750629494922657,0.9745283474158442,0.9729424427825085,0.972423085815752,0.9705871569878353,0.9700066867639932,0.968089529139533,0.9673211471678375,0.9663782362344742,0.9653377623317714,0.9621283211274069,0.9489324374680587,0.9429580113335816,0.9234086942955377,0.9121995233366018,0.8878274786898936,0.882300947952684,0.8746989962200452,0.8717721621780228,0.8625053797936819,0.8600572849444662,0.8492378590231605,0.8469008226185537,0.775601097370871,0.7245813490717415,0.6418548188824189,0.5430403265700584,0.3917220182101761,0.10236238019640863,0,799.2545190038338,0.1275831087151842,1,0.4519317160826595,4
503,7681,0.0,0.0,0.0,0.0,0.0,0.0,0.0,0.999190328457081,0.9649815360407515,0.8366647246806351,0.7895243019162752,0.6764037347347995,0.6601751240168222,0.6412032295604351,0.6351038058601504,0.6173814841937926,0.6116964532252916,0.5920497342496821,0.5859816773013306,0.566415368036634,0.5587712230499833,0.5495519531573559,0.535089841593649,0.49256214317265895,0.34885352085917165,0.2977273592718679,0.1757446049727226,0.12932755373743043,0.06560343927059223,0.0561167370079806,0.04521341367820483,0.04159067035435293,0.03188376248628804,0.029711748812206052,0.021712885341789157,0.02028265101482448,0.0023148507413140356,0.0004331355158356647,2.1991190047947696e-05,5.424952269642107e-07,3.942246126327644e-10,3.9887661469331145e-23,0,651.3184062006646,0.11230907457322552,1,0.4528301886792453,4
504,1649,0.0,0.0,0.0,0.0,0.0,0.0,0.0,0.9998763872821065,0.9945942726980802,0.9733468259467085,0.964890976556992,0.942829000103273,0.939430476290255,0.9353898630858595,0.9340769007243913,0.930222676887278,0.9289736287967776,0.9246047293465144,0.923237998778229,0.918771797239964,0.9170009569371543,0.9148532180544315,0.913485354558557,0.9093675897498588,0.8928780025745595,0.8856093115670087,0.8625021452052922,0.849650557948958,0.8225434714560044,0.8165755420752779,0.808588487857352,0.8055955496379343,0.7963710602056892,0.7939985856369345,0.7837878610817013,0.7816398835950422,0.7177266573510674,0.6730376403358732,0.6018191425099906,0.5558745420739242,0.476193036547879,0.2512619586426664,0,200094.06394665304,0.7277628032345014,7,0.4537286612758311,4
505,5517,0.0,0.0,0.0,0.0,0.0,0.0,0.0,0.9992404572348036,0.9671185426217137,0.8460252985220383,0.8013278116463773,0.6935157524860248,0.6779814468365778,0.6598185947163469,0.6539811988492273,0.6370256969304977,0.6315883408884312,0.6127806792521946,0.6069645353439485,0.5881525379194255,0.5807778490747479,0.5718591517903541,0.5634512754403397,0.5384874618821276,0.44710755179996814,0.4109561832917984,0.3110891237703723,0.2647228185351794,0.18545416003241316,0.1709226510712575,0.1527443093419615,0.1462701551877532,0.1275025570834883,0.12295487779540926,0.10468558358350492,0.1011032890859818,0.033487079698959414,0.014310627673512618,0.003173330657916653,0.0004872081562371551,1.2481988367883194e-05,3.1302413877266545e-12,0,11008324.825754406,0.9047619047619048,9,0.4546271338724169,4
506,3829,0.0,0.0,0.0,0.0,0.0,0.0,0.0,0.9990717429992878,0.9597252634592723,0.8134154379872123,0.7603337646629426,0.6346778562004893,0.6168592411929253,0.5960673785503886,0.5893870901289737,0.5699875597137699,0.5637680579155433,0.5422828338702469,0.5355942648760417,0.513851817116283,0.5052940286903728,0.4948786297649897,0.47996723178194173,0.4366755383800785,0.2951285521176521,0.2467408569496002,0.13641100913979376,0.09667418979630711,0.04518618485848602,0.037943735199965786,0.029813292572351248,0.02716448114472358,0.020214310934487893,0.018691965724992776,0.013206560870985767,0.012248325081472214,0.001116996510478553,0.0001761857163077282,6.623600388158121e-06,9.878278373693756e-08,2.6387405832412343e-11,3.925055546088352e-26,0,4131.856121134739,0.30368373764600176,3,0.4555256064690027,4
507,7293,0.0,0.0,0.0,0.0,0.0,0.0,0.0,0.9992187152761971,0.9661330635636132,0.8413476344491843,0.7952930943768025,0.6842832850795633,0.6682930326635691,0.6495586727284451,0.6435236116639662,0.6259543251279828,0.6203075478369999,0.6007555838316437,0.5947040702853631,0.5751498547654498,0.5674946935916689,0.5582448484154048,0.5493312647300387,0.5227739090953,0.4260933337404776,0.38822847041856084,0.28569130135210147,0.23924436963884133,0.16191287942761434,0.1480753863473713,0.13095570955612787,0.12491059192094828,0.10752814147287679,0.10334991482799132,0.08671184360707267,0.08347902681919485,0.024998389519754617,0.009885802025762697,0.0019107103546751982,0.0002493945033015694,4.651313513666828e-06,3.1259960707676473e-13,0,14510782.68083421,0.9191374663072777,9,0.4564240790655885,4
508,6837,0.0,0.0,0.0,0.0,0.0,0.0,0.0,0.9991485412307748,0.9632226772089046,0.829231325146255,0.7803770542452404,0.6639956856175322,0.6473869907301849,0.6280133356157097,0.6217963883980997,0.6037563754688691,0.5979763770494326,0.5780267653920641,0.5718719389606757,0.5520468099309679,0.5443116091263988,0.5349919522637764,0.5257200434715544,0.49801439063573044,0.39771134808326114,0.3587744680070588,0.2549103559235502,0.2089026026710865,0.13441979267626175,0.12143594123567361,0.10549841167610043,0.09990639132521335,0.083988950330092,0.08019564851109963,0.06525628827511105,0.06238941443147452,0.014859885859892332,0.004893285282511352,0.0006774297290290833,5.5689177462386245e-05,4.206981213566191e-07,6.670033854886986e-16,0,295310.36598658835,0.7448337825696316,7,0.4573225516621743,4
509,9894,0.0,0.0,0.0,0.0,0.0,0.0,0.0,0.9992766532815086,0.9686715808820111,0.8527567076520789,0.8097446535699343,0.7054478124236817,0.6903483057639802,0.6726584273494449,0.6669633407588471,0.6503920690997879,0.6450686313369319,0.6266325218963992,0.6209169365125825,0.6024164955049195,0.5951601702301598,0.5863827912993635,0.5760439584506026,0.5452516804570952,0.4342674895027035,0.39136621032832325,0.27738149381097926,0.22698380005473542,0.14554152342407825,0.13137252287482037,0.11399556204801255,0.10791957431517643,0.0906978105625261,0.08661746118875316,0.07062652217018038,0.06757102804588315,0.016578623191436638,0.0056168997734094605,0.0008231075382217502,7.383691914395134e-05,6.62277090956048e-07,2.1491056815672638e-15,0,24422.589184537926,0.5408805031446541,5,0.4582210242587601,4
510,1584,0.0,0.0,0.0,0.0,0.0,0.0,0.0,0.9999052528196073,0.9958129925060997,0.9791356476024441,0.9724091948529979,0.9546235835770026,0.9518485344055786,0.9485131962422568,0.9474178303304346,0.9441681839688318,0.943103898400634,0.9393419200496074,0.9381526184424295,0.9342252786033992,0.9326516679184027,0.9307200850073549,0.9285310691514554,0.921805728053473,0.8944693201148415,0.8822332440506058,0.8428656691299365,0.8207244782342503,0.7736677387298805,0.7631932125989657,0.7488542115141041,0.7433508591114558,0.7260033344312894,0.721439566836286,0.7013792916440501,0.6970698001163991,0.5721475666773671,0.4907238718941129,0.3729385548264523,0.27269708365913486,0.14832779481015865,0.012027356818445622,0,1267.0773955634172,0.15992812219227315,1,0.4591194968553459,4
511,4539,0.0,0.0,0.0,0.0,0.0,0.0,0.0,0.9991305561869506,0.9623553737189551,0.8251292569007506,0.7750992577541214,0.6558900405951198,0.6388896614734466,0.6190320700316927,0.6126527271980444,0.5941409232082501,0.5882102793723313,0.5677419814771709,0.5614276011773425,0.5410906110771491,0.5331563865867802,0.5235936316435338,0.5098549445547744,0.46962974555964,0.3340245844253154,0.2858368747579637,0.17065095115320733,0.1264458784615325,0.06517021085889914,0.055964169446191064,0.04535014306097442,0.04181468738963172,0.032309946136747154,0.03017552680982633,0.02228058821528898,0.020861922114270084,0.002574783559049886,0.0005131345750663344,2.928139778873333e-05,7.9194540694965e-07,6.789883128317767e-10,1.344080912504397e-22,0,456.8893225798271,0.0853548966756514,0,0.46001796945193174,4
512,9735,0.0,0.0,0.0,0.0,0.0,0.0,0.0,0.9993200682177718,0.970486035962696,0.8607951178766737,0.8198306421885463,0.7197674617804344,0.7051864266844948,0.6880490963171615,0.682516294388548,0.6663735573582311,0.6611764055690549,0.6431083196793137,0.6374843111186492,0.6192241598529528,0.6120417310032156,0.6033319548822009,0.5918120122292605,0.5576109175729868,0.43591083461876806,0.38960018232888866,0.2688004264460127,0.21663017042822794,0.13443344596391457,0.12046572623875494,0.1035195896556353,0.0976318986776882,0.08104649837080302,0.07714156790211057,0.06194961517807877,0.05906945770510588,0.012982920660630254,0.0040336864014009965,0.0005055184799095183,3.4959288007402495e-05,1.8725608074580657e-07,6.963895991158538e-17,0,65503.119953681184,0.6325247079964061,6,0.4609164420485175,4
513,4623,0.0,0.0,0.0,0.0,0.0,0.0,0.0,0.9992706299562015,0.9683071297610678,0.8509444867467025,0.807372636877125,0.701693827320966,0.6863897389696509,0.6684382063546308,0.6626512545242507,0.6457927120579922,0.6403706353135094,0.6215807891759114,0.6157606195307752,0.5969410610393167,0.5895674442676749,0.5806558207735331,0.5718177006118869,0.5453728273683828,0.4482597203722533,0.4098584354491752,0.3047703326299089,0.2565989165125742,0.17544211443566698,0.16075817232364653,0.1424691021820288,0.13597022361277444,0.11717875255033296,0.11263999564800875,0.09450216124832904,0.09097567043771909,0.027190193892482215,0.010698599719257922,0.0020385702867483212,0.00024744185527315855,3.99817414194344e-06,1.4734250838791427e-13,0,5632871.992133586,0.8697214734950584,8,0.4618149146451033,4
514,649,0.0,0.0,0.0,0.0,0.0,0.0,0.0,0.9992427196775927,0.9672234045164982,0.8465823963162676,0.802040524755388,0.6945590927620736,0.6790668116542783,0.6609463025069444,0.6551042526055403,0.6380815155742017,0.6326053202167661,0.6136242320018731,0.6077430925199948,0.5887184876927022,0.5812618119735689,0.5722448750188963,0.5635460628807335,0.5376047221963416,0.4425922245055091,0.40510356400407366,0.302621207978218,0.25563377677724797,0.17634492198202129,0.1619812657011244,0.1441021297316727,0.13775464116951688,0.11941973251201465,0.11499261838817064,0.09727641060701121,0.09381647143137367,0.02972572747724796,0.012277123398903116,0.002562721580647472,0.0003787990034900094,9.010059867239321e-06,1.6605665231165524e-12,0,2646284.313218119,0.8382749326145552,8,0.46271338724168914,4
515,9006,0.0,0.0,0.0,0.0,0.0,0.0,0.0,0.9992064784080028,0.9655646300087685,0.8388240726215954,0.7921046828051134,0.6796407298935643,0.663451118567935,0.6444508576070277,0.6383189897751756,0.6204363003255337,0.6146818215039695,0.5947457446281788,0.5885728682211527,0.5686297883717735,0.5608189456969263,0.5513744923307345,0.5368808519154776,0.49433145650266574,0.3510178591049862,0.3001495739574884,0.17873603647386263,0.13223553243888858,0.06792176265475988,0.05827565652777297,0.04715911552898181,0.043457455245711096,0.03350883854262038,0.03127518259972681,0.023018424223640265,0.021536014931890883,0.0025863580087861146,0.000503698301895006,2.7513605677283026e-05,7.297333267829664e-07,6.060233136910367e-10,1.0311249292906045e-22,0,6858.467416778141,0.38274932614555257,3,0.4636118598382749,4
516,6186,0.0,0.0,0.0,0.0,0.0,0.0,0.0,0.9992975353874369,0.9696114399536941,0.8572688196638655,0.8155927915534209,0.7145067557981567,0.699874552254149,0.6827737204337766,0.6772825543290103,0.6613362810667641,0.6562236634644065,0.6385570164549659,0.6330993115209728,0.6154930934736674,0.6086096993437428,0.6003140043135642,0.5925346086095735,0.569128766079483,0.4815733635277933,0.4461703427298965,0.34652711032935307,0.29916777686609597,0.21608257753674556,0.20048708577907484,0.18074409478616218,0.17363694592367693,0.15275429614491148,0.1476269707073557,0.1267669072363721,0.12262375044781379,0.04236456914351578,0.01858199479387732,0.004268919418432763,0.0005754785922469437,1.145576736643255e-05,1.0174940444240719e-12,0,993.3735122184038,0.14285714285714288,1,0.46451033243486073,4
517,1591,0.0,0.0,0.0,0.0,0.0,0.0,0.0,0.9999203506991543,0.996458652910507,0.9822449849497439,0.9764680200506867,0.9610749716632481,0.9586553881257428,0.9557287951193234,0.9547616743509812,0.9518746755533869,0.9509232946551559,0.9475372008703365,0.9464587506474478,0.9428709807534621,0.941422721684705,0.9396319693405747,0.9370083776639649,0.928914554982098,0.8959139724879887,0.8811357008784986,0.8336649527221482,0.8071091420184057,0.7510569715724936,0.7386619595623557,0.7217769910552416,0.7153237430003242,0.6950767383266994,0.6897744287491789,0.666583804570793,0.6616266386828694,0.5210447068478832,0.4329062657689243,0.310895737301416,0.1938451503349608,0.07759051089816205,0.0018020238144581203,0,378301.5452227968,0.7556154537286612,7,0.46540880503144655,4
518,7837,0.0,0.0,0.0,0.0,0.0,0.0,0.0,0.9999294605250872,0.9968899525510152,0.9845052259463547,0.9795091144701275,0.9662930378531419,0.9642311091701384,0.961757932529063,0.9609475567874125,0.9585488677952236,0.9577649312182999,0.9549995004444554,0.9541269875317583,0.9512392363621188,0.9500793087323037,0.9486524186132875,0.9468578903146003,0.9413415346688059,0.918846056251164,0.9087566873450549,0.8761892291773578,0.8578253881306273,0.8186250576254714,0.8098795884753154,0.797963025125041,0.7934133603647032,0.7791376012321163,0.7753958889166113,0.758972770572974,0.7554496128176502,0.6513534693298704,0.5808646525064115,0.47379250217513175,0.3463366802210205,0.1879936514881769,0.015022667041986895,0,128181.01461345195,0.6999101527403414,6,0.46630727762803237,4
519,7144,0.0,0.0,0.0,0.0,0.0,0.0,0.0,0.999298669682437,0.9695658756236015,0.8566354084516276,0.8145634817209686,0.7121505189400138,0.6972728444724061,0.6798097542432665,0.6741780413699042,0.6577654566399167,0.6524847807782379,0.6341762117334937,0.6284999418421715,0.6101140549921711,0.602894355032528,0.594148203836225,0.584130177581997,0.5543637798100913,0.44673373980998393,0.40493091338531717,0.2929290272233716,0.24288613799821984,0.16082561456857894,0.14634650199387125,0.128537182681384,0.12228288130773621,0.10442734872111734,0.10016560481818428,0.08331618506691943,0.08006609958277743,0.022704285850258927,0.008635149387530778,0.001567118336302069,0.0002831232164509149,1.0141610864207137e-05,1.0952026252434727e-11,0,285849.19462292304,0.7412398921832883,7,0.46720575022461813,4
520,4572,0.0,0.0,0.0,0.0,0.0,0.0,0.0,0.9992826512288867,0.9688962931901552,0.8538066924856579,0.8110944587821286,0.7074988663223948,0.6924996917200467,0.6749352004816569,0.6692834137155361,0.6528481218917674,0.6475715424602251,0.6293158614375353,0.6236694824203646,0.6054149991855722,0.5982592562240591,0.5896095976624781,0.5784104513509103,0.5451035477479289,0.42620790557334615,0.38083073014907026,0.2622811140050869,0.21111738098431548,0.1305581196997909,0.11687906763981101,0.10031536245550882,0.0945792675848464,0.07846791854560577,0.07468513595203052,0.06000202296603164,0.05722432753887156,0.012708309269582503,0.003991479504942678,0.0005125750092896468,3.944347183795295e-05,2.6190682121040426e-07,2.43349425148006e-16,0,84362.97825262592,0.6612758310871518,6,0.46810422282120395,4
521,9543,0.0,0.0,0.0,0.0,0.0,0.0,0.0,0.9992178346833668,0.9661643417644058,0.8419438413369039,0.7962175675681004,0.6862341898546481,0.6704258661984119,0.6519558601935991,0.6460228348314688,0.6287982498608131,0.6232768979608674,0.6041700253385178,0.5982593268996491,0.5791685768520441,0.5716976667119228,0.562672300284325,0.5540019726634148,0.5281495470204315,0.4335448997681234,0.39622503978496876,0.29434476690494055,0.247755766326925,0.16944134284670895,0.15530537531433905,0.1377368462186725,0.13151312637791476,0.11357955208612971,0.10925984531521755,0.09201919970961031,0.08866137726223491,0.027252143799134182,0.010995596931796626,0.0022030161777190052,0.000308007321941436,6.570914957094124e-06,7.711924700829346e-13,0,8240.839250283545,0.40880503144654085,4,0.46900269541778977,4
522,5866,0.0,0.0,0.0,0.0,0.0,0.0,0.0,0.9992445399139951,0.9673409787980223,0.8472434324560497,0.8029676310940635,0.696224046721143,0.680841378612611,0.6628406886437522,0.6570511105618609,0.640222345822806,0.6348217591122858,0.6161466498078825,0.6103736753978064,0.591740319053457,0.5844512096690594,0.5756538097377983,0.566650096331745,0.5397382817306471,0.4412121923260196,0.40234281567604296,0.296485376519141,0.24831129709965052,0.1678365053223478,0.15339505034803094,0.1354766376332218,0.1291361667353787,0.11089857182581289,0.10651371126020712,0.08905648019512094,0.08566573222176156,0.024935598909069878,0.009631253368353578,0.0017798637725824301,0.00022662330552784986,4.0311282166158346e-06,2.2367639819897177e-13,0,14132.023368361139,0.4779874213836478,4,0.46990116801437554,4
523,3575,0.0,0.0,0.0,0.0,0.0,0.0,0.0,0.9992176354466459,0.9660594047874558,0.8411505683440076,0.7951043949229732,0.6842272068627145,0.6682717544024808,0.6495852179219062,0.64356501625526,0.6260374346892136,0.6204035655673319,0.6008945062191954,0.5948557113950191,0.5753407821788027,0.5677002635140753,0.558467409065228,0.549352362214911,0.5221290482236998,0.4229871339695488,0.3841871890405511,0.2794492612217816,0.23244260141430173,0.1550850142010808,0.14138936975490216,0.12453142834391498,0.11860884609677838,0.10168543507684666,0.09764227969155947,0.08163362517482586,0.078540617418695,0.02315303224393005,0.00907590989303885,0.0017371418091762284,0.00026791638431059066,6.9248590191861415e-06,1.7991311665349637e-12,0,232381.1898867811,0.7313566936208445,7,0.47079964061096136,4
524,6354,0.0,0.0,0.0,0.0,0.0,0.0,0.0,0.9998155938171873,0.9918850404470684,0.9599554943993706,0.9472499172757298,0.9141244144607505,0.9090189946682627,0.9029151373818641,0.9009195011198317,0.8950251177964215,0.8931031445633794,0.8863409088506585,0.8842131397496887,0.8772201943643062,0.8744320944755712,0.8710315412021865,0.86620135007954,0.8513161252188493,0.7917948198638621,0.7657479696000755,0.6847082301686491,0.6411697638334666,0.5536471185961556,0.5350896165379916,0.5102160517453556,0.5008224759618771,0.4717610478673963,0.46425861365691407,0.4320167158992031,0.4252467882492048,0.25583300027537687,0.17211887259615558,0.08446419901460352,0.03842316752504637,0.008324912206974998,1.5310045698071067e-05,0,38808.20347561645,0.5849056603773585,5,0.4716981132075472,4
525,8315,0.0,0.0,0.0,0.0,0.0,0.0,0.0,0.9992394629324555,0.9670560221280008,0.8457453355836454,0.8009600403977857,0.692750331702844,0.677132299250112,0.6588367112584457,0.6529452842595529,0.6358006175957703,0.6302923461703276,0.6112248493439295,0.6053245726612845,0.586262127054541,0.5788000233012831,0.5697872706743173,0.5613730649083603,0.5364059037424418,0.4448859615951132,0.4085545614368288,0.3086974839283027,0.2625641162138931,0.18391097960820496,0.16952196973592248,0.1515537416326576,0.14516533528881037,0.1266721958628207,0.12219694782742078,0.10423560028752306,0.10071662567402676,0.033941734005850085,0.014724485383452491,0.0033632714081358343,0.0006672076227760865,2.839995415081599e-05,6.009650437361354e-11,0,75266.92860116818,0.6469002695417789,6,0.472596585804133,4
526,9293,0.0,0.0,0.0,0.0,0.0,0.0,0.0,0.9999261959626837,0.9967548166225871,0.9838717531425837,0.9786916926324221,0.965041744777314,0.9629201874907942,0.9603866015239492,0.9595604725997305,0.9571270258365744,0.9563305083036582,0.9535117203390218,0.9526195351920492,0.9496697635496028,0.9484863454412863,0.9470322780775712,0.9453572256302193,0.9401970243498012,0.9190941905078321,0.909600488505764,0.8788526826450874,0.8614547877364974,0.8241679890979424,0.8158178294669212,0.8044070225361659,0.8000384808284785,0.7862931188761475,0.7826839173232326,0.7668386110214563,0.7634385874739413,0.6626749947551089,0.5940556876332322,0.4891077375125859,0.362051621357519,0.2013660274726763,0.017759102823910522,0,1238.1698214095034,0.15902964959568736,1,0.47349505840071876,4
527,6758,0.0,0.0,0.0,0.0,0.0,0.0,0.0,0.9992279356204947,0.9666147311326972,0.8439427500720195,0.7987394133303027,0.6898674074500174,0.6741951182050236,0.6558726748657879,0.6499816943680519,0.6328560471012372,0.6273595253846993,0.6083517690108904,0.6024758257107802,0.5835102991112332,0.5760932079435996,0.5671432493571762,0.5584206430137636,0.532274465468555,0.43621733951459357,0.39823815586063566,0.2943027256895185,0.2466816735043713,0.1667132009258848,0.15229672585725712,0.13433714923258583,0.12795741117846196,0.1095634343841344,0.10513177650934584,0.08746736448073505,0.08403330030462956,0.023397384260284607,0.008697943563758206,0.001491183160663081,0.00015756760734136335,1.944748780818311e-06,2.3616848673221284e-14,0,973719.1014096073,0.8041329739442947,8,0.4743935309973046,4
528,1664,0.0,0.0,0.0,0.0,0.0,0.0,0.0,0.9999135117901214,0.9962348181591021,0.9814567877524918,0.9755814228651501,0.9602682364041224,0.9579135950977383,0.9551274359833042,0.9542267269197966,0.9515962312528152,0.9507481432765491,0.9477967536184664,0.9468781158007489,0.9438908675740696,0.9427121188939316,0.9412875434806255,0.9402637505310626,0.9371296600371346,0.9243405845463311,0.9185921775409038,0.8999327611626676,0.8893294344556352,0.8664736539594902,0.8613358207410432,0.8543316978798805,0.851659235618465,0.8432725215981559,0.8410764579930472,0.8314547346976511,0.829394314565485,0.7668189974236013,0.7220706829939175,0.6493648936866655,0.5749411837782455,0.4534680502316598,0.16993330536045584,0,26097.054361350038,0.5498652291105122,5,0.4752920035938904,4
529,4889,0.0,0.0,0.0,0.0,0.0,0.0,0.0,0.9999230245038894,0.9966232840429299,0.9832335078343625,0.9778473597394268,0.9636403207538942,0.961429866769787,0.9587859783993569,0.9579188663645328,0.9553381466631455,0.9544902375575026,0.9514833566829048,0.9505294971941182,0.9473687594592604,0.9460978847657132,0.9445328030052799,0.9424242490710738,0.9359000472608705,0.9091791184790026,0.8971490452168496,0.8582280974896798,0.8362631650297644,0.7894254751065715,0.7789782725506056,0.7646939905294652,0.7592185953592865,0.7419795229831394,0.7374496369244498,0.7175597141664747,0.7132913695091093,0.589350596725324,0.5082547411175776,0.39015735930202383,0.26226403549794897,0.12095002039400848,0.00493640418907169,0,282034.1316924089,0.7403414195867026,7,0.47619047619047616,4
530,1419,0.0,0.0,0.0,0.0,0.0,0.0,0.0,0.9992062568477665,0.9655969616639984,0.8392183617704457,0.7927219738218158,0.6809736298887358,0.6649205177051539,0.646149782664856,0.6401145053703585,0.6225770795771075,0.6169404132010852,0.5974190729412447,0.5913751639821472,0.5718397637242896,0.5641898140582545,0.554943346766681,0.5450624229583607,0.5156569842864389,0.40985047266099284,0.3690040718540838,0.260487743636288,0.21267126045074314,0.13570948120810852,0.12236940033097143,0.10603839727666159,0.1003132999971968,0.08402808802592776,0.08015696489246925,0.06498477325573092,0.062089569163740053,0.01454609131807738,0.004744324465959661,0.0006474161203600335,5.2284861170776335e-05,3.814971256633963e-07,5.237046900538097e-16,0,546890.1122233738,0.7762803234501348,7,0.477088948787062,4
531,10658,0.0,0.0,0.0,0.0,0.0,0.0,0.0,0.9998663033401579,0.9941872591677324,0.9714957896723713,0.9625263222202136,0.9392803399397922,0.9357226727905135,0.9315155248942375,0.9301537524171266,0.9261716715660909,0.9248861761363516,0.920407324463285,0.9190116555934874,0.914459141051267,0.912654752471362,0.9104679915824035,0.9090533752146063,0.9047837869254706,0.887637996371646,0.8800689185135406,0.8559799361309832,0.8425699818192237,0.8142651275601408,0.8080279784773869,0.7996682721929221,0.7965307717092923,0.7868462395019757,0.7843516752632346,0.7736000046113246,0.7713349664597353,0.7040122759653548,0.6570990732736863,0.5828472992031651,0.5307058805169402,0.4421645817941466,0.20803334091379755,0,1862.6703577719734,0.20395327942497754,2,0.4779874213836478,4
532,6398,0.0,0.0,0.0,0.0,0.0,0.0,0.0,0.9999141603268177,0.9962244634137555,0.9812471035852476,0.9752291291744701,0.9593285388820172,0.9568456750569125,0.953861642804101,0.9528817855479931,0.949975231719031,0.9490234472656636,0.9456595016309576,0.9445958070843942,0.9410700339128267,0.939651976475011,0.937903027620094,0.9352276219466734,0.9268950129268407,0.8926796881974272,0.8772528456593198,0.827402502143249,0.7993631799856981,0.7398701091360982,0.7266399390297087,0.708480969666964,0.7014867438448592,0.6793836029286544,0.6735534596699679,0.6478871346754005,0.6423653274342112,0.4872072497848243,0.3923653016823458,0.2655491023252748,0.15899853572562359,0.05856362775271791,0.0009464738076648459,0,1350.9601301832056,0.16621743036837378,1,0.4788858939802336,4
533,1277,0.0,0.0,0.0,0.0,0.0,0.0,0.0,0.9992390958824544,0.9670333139643882,0.845613879502435,0.8007593871664895,0.6924984947341557,0.6768890624072054,0.6586209104947649,0.6527438593779863,0.6356567132898412,0.6301706536721988,0.6111582593782927,0.6052683349657013,0.5862182956660138,0.5787528901716098,0.5697264800594717,0.5610489691917188,0.5351675985403362,0.44039908842207215,0.4029711732554577,0.30054161843311683,0.2535519673638533,0.1742835304882768,0.1599287149537638,0.14206374525282214,0.13572792400756087,0.11744830274018181,0.11303971645163388,0.09542024469150182,0.0919837651897423,0.02872030075021361,0.011728645062113727,0.0023997275094003816,0.00033470734285608234,7.107155859896778e-06,8.180805215619795e-13,0,12791090.277515538,0.9119496855345912,9,0.4797843665768194,4
534,269,0.0,0.0,0.0,0.0,0.0,0.0,0.0,0.9998683428290375,0.9942632773377641,0.9718128678675843,0.9629170458968791,0.939805608261816,0.9362599657700501,0.9320595973365389,0.9307017590419376,0.9267390842681562,0.9254637625678218,0.9210357408687941,0.9196606797951101,0.915200075088324,0.9134443513063158,0.9113268334533622,0.910010577884003,0.9060482184729668,0.8901765935084723,0.883177919814885,0.8609184660143261,0.848530899479371,0.8223841105161167,0.8166242765231944,0.8089143054756459,0.8060248430883961,0.797117921435791,0.7948245977419275,0.7849325170790188,0.7828469485407609,0.7205910814855614,0.6768841675572789,0.6069399563831035,0.5535179261746299,0.46251754986382104,0.2199566335221237,0,932.4366574486899,0.13926325247079965,1,0.4806828391734052,4
535,7659,0.0,0.0,0.0,0.0,0.0,0.0,0.0,0.9990992853613588,0.9610604198006663,0.8196387721649808,0.7682605618957992,0.6463895586168551,0.6290810189392839,0.6088976487312696,0.602413304487897,0.5835805066257705,0.5775391754857998,0.5566621403041855,0.5502139431672229,0.5293782847262528,0.5212134460010358,0.511315951353218,0.4976335441636176,0.45758685912137925,0.3230478274900802,0.2754671403461851,0.16253547406268076,0.11960763116768473,0.06071174578223263,0.05194770456191894,0.04187995222450425,0.03853641053261808,0.029579264411776305,0.027575203435537057,0.02019311121168758,0.018872636382654396,0.0021937521257011823,0.00041698769931990636,2.184370207001805e-05,5.278059039753574e-07,3.636780084267953e-10,2.8001260917939144e-23,0,9026.435796077474,0.42318059299191374,4,0.481581311769991,4
536,373,0.0,0.0,0.0,0.0,0.0,0.0,0.0,0.9992184499356657,0.9661905105773437,0.8420601981276455,0.7963635082577603,0.6864423315661222,0.6706418314822931,0.6521805840841947,0.6462389423705512,0.6289546710592223,0.6234036367395839,0.6041960151104631,0.598254893999444,0.5790687581608798,0.5715558207649752,0.5624743913224999,0.5538387098063187,0.5280962829078764,0.43374945316064717,0.39651550515880746,0.2948146273184398,0.24827532106981776,0.16998389092963018,0.1558420348300028,0.138260937607747,0.13203124319189494,0.11407551928909686,0.10974929278388973,0.09247747179132153,0.0891125348355981,0.027484713166493722,0.011118668160454042,0.0022372153567606612,0.00031251867867746196,6.655905044691991e-06,7.757090509687126e-13,0,7028213.9965439085,0.8769092542677448,8,0.48247978436657685,4
537,5034,0.0,0.0,0.0,0.0,0.0,0.0,0.0,0.9998467157541789,0.9933252041163275,0.9672708106051104,0.9569764500643236,0.9303120890944829,0.9262302142332803,0.9213948623675874,0.9198290106252514,0.9152479352177294,0.9137683466349104,0.9086109803330555,0.907000036539615,0.9017425916301846,0.8996607852186076,0.8971342509929799,0.8954240779180247,0.8902701857928854,0.8696572718478383,0.8605872943778858,0.8318395669891097,0.8159264263655389,0.7826057647300652,0.7753154264453365,0.7655874576584096,0.7619507548429246,0.7507699840532521,0.7479012325353237,0.7355864270139609,0.7330024303367603,0.6570741425874659,0.6051126210750828,0.5245144696971309,0.4758100591037518,0.39372678361138724,0.1804150593400272,0,59631.606613675474,0.6253369272237197,6,0.4833782569631626,4
538,1210,0.0,0.0,0.0,0.0,0.0,0.0,0.0,0.9995701472085167,0.9814536095899947,0.9114141026879803,0.884741355738704,0.818210005340257,0.8083547795787178,0.7968285339257573,0.7931345380089496,0.7824360640383197,0.7790151802350567,0.7672159389261897,0.7635765431120276,0.7518508351168856,0.7472690947861567,0.7417681392878519,0.7388133997745716,0.7300179405051901,0.6956616297714914,0.6809338126042075,0.6356744281636036,0.6114760152261924,0.56260394022083,0.5522411476382467,0.5386396345408695,0.5336270221314461,0.5184491923912083,0.5146120611229068,0.4983922004889704,0.4950404460812204,0.4020705342530626,0.34420168073595053,0.26345728832399784,0.2328592056447682,0.18409900996075879,0.07131049813599591,0,inf,0.9712488769092542,9,0.48427672955974843,4
539,9114,0.0,0.0,0.0,0.0,0.0,0.0,0.0,0.9992884885460158,0.9690294233541968,0.8539754159532684,0.811116431694857,0.7068285382050956,0.6916810746554007,0.6738809933361524,0.6681331813603465,0.6513611289916562,0.6459557484347335,0.627188593733571,0.6213678007885762,0.602519070897294,0.595123378095219,0.5861729069731819,0.577249139237358,0.5506405132364334,0.4532037363955426,0.41476758760247,0.3097243187176763,0.26157905504122553,0.18036551036700998,0.16565798740100643,0.14737045690954848,0.14089093992098858,0.12217879322074986,0.11766151495523208,0.09958658993011714,0.09605690762348387,0.03057566255601941,0.012677576502036816,0.002666450076825528,0.0004649185256357602,1.5413238504513207e-05,1.1209014830519558e-11,0,18716980.415246308,0.926325247079964,9,0.48517520215633425,4
540,408,0.0,0.0,0.0,0.0,0.0,0.0,0.0,0.9992577083939965,0.9677921089843923,0.8488165025283595,0.8047669316059489,0.698215935195608,0.6827955498937109,0.6647027458291548,0.6588682242944272,0.641865344799605,0.6363950193773472,0.6174324923311448,0.6115565220875676,0.5925466592271149,0.5850948941309371,0.5760833615372162,0.5672301179770156,0.5408386338094701,0.44430267585651245,0.4062732254486898,0.3025223905834667,0.25507620658860897,0.17524274287955127,0.16081842325695503,0.1429000590452119,0.13655648818884902,0.11828097389832788,0.11387939152952029,0.09630506054246778,0.09288033167917001,0.02950454737803262,0.012231703052220166,0.002578474456402449,0.0003753286245781305,8.663824545107505e-06,1.4100451662042768e-12,0,24516682.60061334,0.9362084456424079,9,0.48607367475292,4
541,2152,0.0,0.0,0.0,0.0,0.0,0.0,0.0,0.9992288820693321,0.9666066301161259,0.843786563663048,0.798520087502381,0.6895048644819874,0.6738184177119504,0.6554699493610053,0.6495573718992415,0.6323353626483044,0.626797214797865,0.6076098924533858,0.6016675622776112,0.5824539549675057,0.5749269641334054,0.5658280187293571,0.5572468843525675,0.5317380395630612,0.43816600505665837,0.40114856488085715,0.2997264180183222,0.2531307291862019,0.1743986017268252,0.16011956062405847,0.14233769768799473,0.13602810480722133,0.11781360114540441,0.11341818488751632,0.09584028563396571,0.09240967679768818,0.02906212449215324,0.01193427439015613,0.0024659242019488023,0.00035422978009074673,7.968027964586727e-06,1.1649010466308901e-12,0,13983826.725844411,0.917340521114106,9,0.48697214734950584,4
542,1636,0.0,0.0,0.0,0.0,0.0,0.0,0.0,0.9999566754097148,0.9981068207904805,0.9906195244506724,0.9876084140810844,0.9796228616692159,0.9783745270258247,0.9768775905267277,0.9763873458058333,0.9749369942084178,0.9744633231806337,0.972793432725249,0.972266888064583,0.9705324497472568,0.969838354028712,0.9689879340903461,0.9681067141756181,0.9654025786470078,0.9542983624252229,0.9492703231393854,0.932848644042583,0.9234562632618787,0.9030727355943635,0.8984614466251125,0.892143361426304,0.8897209760101967,0.8820718040676846,0.8800511788439122,0.8711082541298992,0.8691736649977454,0.8096393420706693,0.7663897765809102,0.6949787387234025,0.6081182890692778,0.4687669496444847,0.15981800843684404,0,69100.55589476322,0.6388140161725068,6,0.48787061994609165,4
543,5664,0.0,0.0,0.0,0.0,0.0,0.0,0.0,0.9992302995322149,0.9666767207514925,0.8440934048490807,0.7989048166245202,0.6900539968469541,0.6743882963842859,0.6560780503261926,0.6501914770299724,0.6330548065309342,0.6275435092740713,0.6084469342516821,0.6025319794458962,0.5834044640446494,0.5759101736496531,0.5668499710809489,0.5582949657938181,0.5328485728828067,0.4393657926170702,0.4023659046441125,0.3009295566128138,0.2542906765444068,0.17541647146855593,0.16110016987839829,0.1432658735354602,0.13693592694458032,0.11865697361979147,0.11424463823587395,0.0965931103318634,0.0931469240537639,0.0294076860509478,0.012112226345141471,0.002515943836597067,0.00035999314614959375,8.035488790446866e-06,1.137791488638049e-12,0,11922654.617671583,0.9110512129380054,9,0.4887690925426775,4
544,6811,0.0,0.0,0.0,0.0,0.0,0.0,0.0,0.9992632841227924,0.9680302211488149,0.8496347714574939,0.805658608941677,0.6989724371295921,0.6835170430180986,0.6653690272482133,0.6595121373060163,0.6424402861310863,0.6369457822731684,0.6178922033524369,0.6119857821670895,0.5928704845282964,0.5853747772746409,0.5763066464794216,0.5669913332693355,0.5392689179981867,0.43849598811052115,0.39909922755562327,0.29265487942089974,0.2445770679310261,0.16478415371337288,0.15054786723754104,0.13295664908720067,0.12675582755015455,0.10897808811683544,0.10472195418291881,0.08781255224199318,0.08453435433488524,0.025331625845310242,0.010040620787843199,0.0019546705903770874,0.00030613011384770963,8.143647821654754e-06,2.3749920800811804e-12,0,1014637.198405738,0.8068283917340521,8,0.48966756513926324,4
545,7621,0.0,0.0,0.0,0.0,0.0,0.0,0.0,0.9999116172618012,0.9961431223763574,0.9809702647972445,0.9749231599117368,0.9591186884583617,0.9566819850192618,0.953791654015183,0.9528549538357282,0.9501125828997599,0.9492262403304641,0.9461341499295102,0.9451693619377606,0.9420247301504864,0.9407810001528153,0.9392743430535414,0.9381501168095121,0.9347166423183801,0.9207412007420868,0.9144684902232727,0.8941422437409,0.8825980505262051,0.8577241352368822,0.8521330913266534,0.8445046529457659,0.8415911150844396,0.8324398030480746,0.8300413681996556,0.8195245853168452,0.8172706942016966,0.7490176992474015,0.7005136495523842,0.6223245773052982,0.5450210667979433,0.42106552481777015,0.1451963965866593,0,402.63305680119583,0.07816711590296496,0,0.49056603773584906,4
546,8104,0.0,0.0,0.0,0.0,0.0,0.0,0.0,0.999293317084863,0.9694299479276123,0.8564585578160827,0.8144905354577949,0.7125815444914603,0.6978181518488885,0.6805238671609948,0.6749568195772093,0.6587617231206871,0.6535602658297357,0.6355568576480407,0.6299860697951036,0.6119870271758996,0.6049395090848634,0.5964318132209144,0.5857547752616933,0.5540026570934398,0.4398834942216477,0.39592728377017805,0.27957940561822975,0.22846953563162706,0.14633016658047676,0.1321082641131335,0.11473211979742019,0.10866135326314398,0.09144337806598214,0.08736126391392242,0.0713615690464036,0.06831615092588944,0.017211740641418023,0.005963050270909412,0.0009111435705141517,8.82436289341269e-05,9.186561653650404e-07,5.510290856169641e-15,0,672.2371041936212,0.11410601976639713,1,0.4914645103324349,4
547,7762,0.0,0.0,0.0,0.0,0.0,0.0,0.0,0.9991390714739743,0.9629311186289349,0.8283721516142682,0.7794832541687934,0.6632806886142594,0.6467546696220171,0.627525955701967,0.6213648286653168,0.6035213969898849,0.5978153366386522,0.5781568349754249,0.5721026879223842,0.5526352214220002,0.545046655158263,0.5359037093987122,0.5266140727321094,0.4988556480164373,0.3983644045409525,0.35935584082600325,0.2553051582862157,0.20921742309533978,0.13460994055459943,0.12160827069448502,0.10565552409476374,0.10006035722254102,0.08413887560011057,0.08035238357324707,0.06545179176602181,0.06259094459637772,0.015011522440192208,0.004967763693597582,0.0006914455027151841,5.175036452469895e-05,3.271688196136144e-07,2.534405432985144e-16,0,31439.445530032084,0.5705300988319856,5,0.49236298292902064,4
548,10370,0.0,0.0,0.0,0.0,0.0,0.0,0.0,0.9992203517672825,0.9662433885427237,0.8422019761491351,0.7965343134875067,0.6866738419872795,0.6708809230124022,0.65242814276061,0.6464914052671619,0.6292184426977303,0.6236646870004786,0.6044262772692613,0.5984690822223996,0.5792105836165136,0.5716671019940491,0.5625488732813385,0.5539194304971582,0.5282374128291727,0.4340833407374642,0.3969116263699653,0.29533241600972676,0.24882043968263917,0.17052189545655444,0.1563699389246343,0.13877167028192938,0.1325345561485634,0.11455310823823034,0.11021964308006413,0.09291439425101043,0.08954202830562014,0.027700198563563625,0.011231750206635875,0.00226923452105342,0.00031543527014145237,6.653678000402845e-06,7.451104525469129e-13,0,28457340.66377867,0.9424977538185085,9,0.49326145552560646,4
549,9190,0.0,0.0,0.0,0.0,0.0,0.0,0.0,0.9998305705757401,0.9925750484947253,0.9634450513308943,0.951882485072967,0.9217939116594959,0.9171661008365718,0.9116523368517725,0.909855886517071,0.9045671245393289,0.9028482401388724,0.8968174096333659,0.894923733813549,0.8887128709599933,0.8862415165873111,0.8832267939153353,0.879073189889221,0.8662404357152632,0.8144295047763729,0.7915257948724976,0.7194088286770353,0.6801121936006139,0.5998201580185353,0.5825486219204932,0.5591914813055876,0.5503030413314084,0.5226037966225335,0.5153969088930768,0.4841593007198181,0.4775436416698852,0.3062757343808747,0.21628801663596406,0.11549339092553901,0.05132840693926864,0.010593874891085538,1.5734652240772865e-05,0,43652.34856166171,0.5983827493261455,5,0.4941599281221923,4
550,1038,0.0,0.0,0.0,0.0,0.0,0.0,0.0,0.99915490121011,0.9634154040964287,0.8298030158325077,0.7809737281441194,0.6644180152200059,0.6477744637813386,0.6283433989270277,0.6221011359879496,0.6039549719272325,0.5981302576601569,0.577990853939544,0.5717666838569738,0.5516667361384355,0.5438099785726549,0.5343253654000133,0.5207273489115313,0.4806890922794407,0.34451269355866476,0.29565617315785137,0.17781730025013978,0.132240898081794,0.06870905079127992,0.05910698910053512,0.048007047501540626,0.04430256856889649,0.03432090696342107,0.032074336384360205,0.023746361022895866,0.022246485447957095,0.002790274537864241,0.0005625053612785622,3.270560446620944e-05,9.016340620240373e-07,8.120991829773243e-10,1.9987445694837134e-22,0,27636.721370047333,0.5570530098831985,5,0.4950584007187781,4
551,10217,0.0,0.0,0.0,0.0,0.0,0.0,0.0,0.9993068469544375,0.9700288311350926,0.8591879522256267,0.8180170545851756,0.7180230790904021,0.7035320046743022,0.686578618289081,0.6811302568813754,0.6653023266273342,0.6602195320468748,0.6426034524937398,0.6371437325596093,0.6194754029052962,0.6125460971330814,0.6041694539965478,0.5963244272209923,0.5728187283162332,0.4846453263922442,0.4488995523676576,0.34810311656414034,0.3001612033089846,0.21608839569204838,0.20031481033965773,0.1803320850552752,0.17311519331103423,0.1519102968881185,0.14670416894226349,0.1255269901619849,0.12132244020412294,0.0407271236229527,0.01744429560887237,0.0038282903889461104,0.000507241493970204,9.770883229852707e-06,7.588675247359402e-13,0,917393.4024675641,0.7978436657681941,7,0.49595687331536387,4
552,5321,0.0,0.0,0.0,0.0,0.0,0.0,0.0,0.9991168029973998,0.9617234525097935,0.8222473766951766,0.7714361713826051,0.6505923258514903,0.6333885503500989,0.6132998198564483,0.6068440290716305,0.5880925110772967,0.5820793058775081,0.5613111747323277,0.5549000980464637,0.5342371787067718,0.5261641661452661,0.5164178611667553,0.5020777557608341,0.4602217301788534,0.3207869044674774,0.27198118065328086,0.1575272334685745,0.11470159962351555,0.05690061462518713,0.0484355879692498,0.038776034653237805,0.035585917135924135,0.027090303882650525,0.025200899449394347,0.018283058853316145,0.01705304363125016,0.001859395369954357,0.00033646307540303956,1.614713973283766e-05,3.478250608693697e-07,1.9151164764796192e-10,5.824026030961817e-24,0,20701.455401448104,0.5256064690026954,5,0.4968553459119497,4
553,6702,0.0,0.0,0.0,0.0,0.0,0.0,0.0,0.9990380469803176,0.9585389916041409,0.8092243318931026,0.75551821673248,0.6293509888480815,0.6115877416793927,0.5909654801074964,0.5843767310425049,0.5653497612318078,0.5592837429835535,0.5384558613299477,0.5320638617871822,0.5115777411163219,0.5036103134881705,0.49403144065539967,0.4838086554444311,0.4534324672202712,0.3462292708810634,0.305928349621327,0.20280894273466912,0.15957623540499394,0.09376670558183983,0.08294565739898678,0.06998042100248973,0.06552077944112807,0.053110329830226746,0.05022467520558416,0.039159320395125805,0.03709407950179314,0.006579922763789968,0.001725417294022654,0.00015879189233153395,7.297838582742351e-06,1.7759075011174103e-08,2.6209305808061054e-19,0,11453.300852654676,0.45642407906558846,4,0.4977538185085355,4
554,5393,0.0,0.0,0.0,0.0,0.0,0.0,0.0,0.9992214443575512,0.9663011758403717,0.8424548089432108,0.7968511448500796,0.6871253488582412,0.6713493717062596,0.6529155630846596,0.6469937926936846,0.6297973750085256,0.6242739255856516,0.6051593358858924,0.5992413790646506,0.5801063081705513,0.5726097555923148,0.5635472204148432,0.5549372203733394,0.5292546448263127,0.43507775308367674,0.3978869913309879,0.29622065402583314,0.24964817923375676,0.1712091865003791,0.15702543903101746,0.1393842826226707,0.1331309971166185,0.1150997730699022,0.11075355604891277,0.09339407973581913,0.09001047945299126,0.027905824206832016,0.011334101018506411,0.002296721042717611,0.0003240605866192663,7.0382242088245226e-06,8.896860450460075e-13,0,250780.36132148452,0.734052111410602,7,0.49865229110512127,4
555,8497,0.0,0.0,0.0,0.0,0.0,0.0,0.0,0.9991667571517433,0.963925138299436,0.8320000886688825,0.7837125829713808,0.6682674143670619,0.6517595229925,0.6324860267512107,0.6262909489520954,0.6082731820961813,0.6024878358831045,0.5824775961303815,0.576291133937852,0.5563221049484245,0.548513559056972,0.5390848343354133,0.529586974299987,0.5013895565517973,0.40003140025501505,0.3609805038320023,0.2573736633090679,0.21164933834503252,0.1376583383586375,0.12476178534501528,0.1089843126576553,0.10346836336936224,0.08779671708846097,0.0840741062019264,0.06942975770331408,0.06661953745586231,0.017951627533523497,0.006536679586185201,0.001090325654256501,0.00011669901238875437,1.4770315175192222e-06,1.9882768809983082e-14,0,25129.627777534173,0.5444743935309972,5,0.4995507637017071,4
556,1576,0.0,0.0,0.0,0.0,0.0,0.0,0.0,0.9998108026334382,0.9917074867450646,0.9592251875315471,0.9463563208104107,0.9129481444516225,0.907820824644336,0.9017180054566472,0.8997335636568488,0.8939538167759074,0.8920979531507987,0.8856670690550505,0.8836740845776784,0.8772209470574338,0.8746750322739161,0.8715955831273733,0.8689693953451954,0.8609964036083533,0.8290835155918846,0.8150505363062316,0.7707481233020443,0.7464233424202632,0.6960914198922609,0.6851773693885298,0.6706025418591416,0.6651419407125037,0.6483344544152388,0.644015989202957,0.6254681243705766,0.6215741218130718,0.5111083839861594,0.44051630116403406,0.33966528402062474,0.2798513964241896,0.19274054041353117,0.04205226538108403,0,17.81666666666667,0.0008984725965858042,0,0.5004492362982929,4
557,2743,0.0,0.0,0.0,0.0,0.0,0.0,0.0,0.9992258656590401,0.9665060041589124,0.8434103369448027,0.7980533286151136,0.6888473951347057,0.673136932258616,0.6547765290079778,0.6488776047692756,0.6317228744291933,0.6262077155387555,0.6070988232411503,0.6011803950043189,0.5820427816176794,0.5745450137711718,0.5654809753442129,0.5569191080657209,0.5315005836349198,0.4385383374908684,0.40172680788516274,0.3007448572283248,0.25427838053428237,0.17562689609846618,0.16133954795559655,0.14353530045069118,0.13721427393575136,0.11895539657584936,0.11454654293773894,0.09690297763010236,0.09345713880971032,0.0296201013348697,0.012236114507165783,0.0025551292796317663,0.000369260222256813,8.404480553402966e-06,1.2901861609847554e-12,0,40338463.754444525,0.9514824797843665,9,0.5013477088948787,5
558,5259,0.0,0.0,0.0,0.0,0.0,0.0,0.0,0.9992019632598088,0.9656747368605477,0.8405004934842357,0.7947514969492415,0.6854003515699691,0.6697762312062446,0.6515957167033899,0.645779640815053,0.6289620370590986,0.6235929472269108,0.6051110326310344,0.5994148233077203,0.5810825279016122,0.573933174635811,0.5653320567919858,0.5563370061233444,0.5292792685037778,0.42992524573034574,0.3907245059898361,0.2841886968447409,0.23592776261263465,0.1559752187353093,0.14174283349569536,0.12409499450533772,0.11784878460967331,0.09991088419856992,0.09560624682801441,0.07853484898712526,0.07523432800146752,0.019040959800053874,0.006557112104983703,0.0009762405586155458,7.464032494259126e-05,4.92203774079475e-07,4.550262746251237e-16,0,90295.18487451572,0.6693620844564241,6,0.5022461814914645,5
559,2847,0.0,0.0,0.0,0.0,0.0,0.0,0.0,0.999224929707401,0.9664479164626105,0.8430946900314864,0.7976529549023251,0.6882681679563025,0.6725351275525181,0.654149413367837,0.6482426080698189,0.6310786835053835,0.625565288748666,0.606484027678253,0.6005807496923746,0.5814954177716282,0.5740176393669162,0.564977157097697,0.5564182019594216,0.5310046723309907,0.43816115818351253,0.4013946570774466,0.3005292258207897,0.2541122574271418,0.17553681284115502,0.16126199064719138,0.14347267305998687,0.137156750701335,0.11891197465615697,0.11450637253424091,0.0968751472830338,0.0934315827990601,0.02962492287176753,0.01224221458210364,0.002557924016359733,0.0003744585645938094,8.740302558327661e-06,1.4895739327874353e-12,0,22160053.608422186,0.9335130278526504,9,0.5031446540880503,5
560,4911,0.0,0.0,0.0,0.0,0.0,0.0,0.0,0.9999394193456773,0.9973359814446104,0.9867466972253178,0.9824828351594237,0.9712280126651566,0.9694762152632622,0.9673817232677665,0.9666976705006584,0.9646794781858223,0.9640221529089563,0.9617112132796064,0.9609845575823852,0.9585992903061394,0.957649786401916,0.9564923695990802,0.9552993535029851,0.9516326685886267,0.9366252481782099,0.9298629367235117,0.9078868576315388,0.8953906722243675,0.8684519136970517,0.8623928373179459,0.8541155420972774,0.8509499388249323,0.8409918895000392,0.838377624089715,0.8268962834317686,0.8244255631951878,0.7494510560880749,0.6962364751788126,0.6107022532834578,0.49430905025486616,0.3255275608476964,0.05771133576475071,0,20271.18675296758,0.5247079964061095,5,0.5040431266846361,5
561,3118,0.0,0.0,0.0,0.0,0.0,0.0,0.0,0.9992546393719731,0.967669129173365,0.8483062309651037,0.8041321811561055,0.6973162969658891,0.6818760801387211,0.6637611653756291,0.6579197873037328,0.6408976974424573,0.6354214407426939,0.6164393073260916,0.6105575684133788,0.5915300605638837,0.5840718098652045,0.5750527641426098,0.5664314834406455,0.54061207341152,0.4455949030779594,0.4080588899734641,0.3053425546352865,0.25818570402355046,0.17849281412199194,0.16403631574948718,0.14604777201082622,0.13967053330994184,0.12126941178257093,0.1168307225166593,0.09907838892105578,0.09561293979254509,0.030960940772907293,0.013025963741558736,0.002818366435862257,0.00043621904256753707,1.1353610195131129e-05,3.0400492850544556e-12,0,21915466.815516636,0.9317160826594789,9,0.504941599281222,5
562,7734,0.0,0.0,0.0,0.0,0.0,0.0,0.0,0.9992243648650749,0.9664154765305163,0.8429218068063083,0.7974221350948955,0.6878875137444402,0.6721312343380537,0.6537074509079667,0.6477714554547125,0.630482581564239,0.6249233658511095,0.6056648395568625,0.5997010401659869,0.5804199968079803,0.5728674566228066,0.5637381591167545,0.5549197558170887,0.5285947387967718,0.43235547774318184,0.39449166239917577,0.2914771696543355,0.244574403477681,0.16611378415397146,0.15201439227712632,0.13452411937872355,0.12833759964011293,0.11055573973041073,0.10628442015235473,0.08928321837999457,0.08598107235713096,0.02603707681910684,0.010396528048075983,0.0020479616135849195,0.00025570051528960665,4.372329870462388e-06,2.049876276375763e-13,0,13771768.685632678,0.9164420485175202,9,0.5058400718778078,5
563,8420,0.0,0.0,0.0,0.0,0.0,0.0,0.0,0.9992177620980244,0.966159863533446,0.841935378154644,0.7962141912456182,0.6861740541358408,0.6703399999741775,0.6518193417394985,0.645863415128209,0.6285348187578135,0.6229633650889945,0.6036645002440642,0.5976888675013992,0.5783717491111258,0.5708060048002355,0.5616614573019557,0.552669551235421,0.5258468932740813,0.4280697234355595,0.38973607950791084,0.28591100427937677,0.23891119021056023,0.16079046146977058,0.14683475380098082,0.12956558015038744,0.12347166972686607,0.10600043218183025,0.10181296559249092,0.08518543885813878,0.08196390178235673,0.02414909571149612,0.009441548719919944,0.0017917520305528306,0.00022238154967136017,3.7585300782772764e-06,1.6789387238165021e-13,0,20150.955698961832,0.522911051212938,5,0.5067385444743935,5
564,2586,0.0,0.0,0.0,0.0,0.0,0.0,0.0,0.999200936330339,0.9655953768817885,0.8401769700000172,0.7943573531166424,0.6848757951902354,0.6692396591613132,0.6510720187296315,0.6452662550097359,0.6284958814772337,0.6231473761551445,0.6047641535056095,0.5991154642256756,0.5809559876693802,0.5738794996485828,0.5653731148933028,0.5557608209946171,0.526911662269913,0.4219394792873832,0.3809913024678818,0.2712726534764286,0.22246031919733514,0.14317815907325826,0.1293218478025168,0.11228007820717371,0.10628945969075373,0.08921343917177785,0.08514600220135998,0.06914180887322904,0.06607277861569139,0.015496927355401416,0.005044760696728359,0.000682656274057405,4.790645792542755e-05,2.6630491612381535e-07,1.1962297122332052e-16,0,7840732.218659894,0.8849955076370171,8,0.5076370170709793,5
565,8360,0.0,0.0,0.0,0.0,0.0,0.0,0.0,0.9992778459949755,0.9686268532030222,0.8523942860732934,0.8092151614104545,0.7044152273195546,0.6892296504811479,0.6714184959359863,0.6656776641949916,0.648955937025996,0.6435784719673524,0.6249233972016618,0.6191381291878473,0.6004067850594502,0.593057659664456,0.5841565760877869,0.5740172040569288,0.5439553269748768,0.435812801459862,0.3940540731079542,0.2828903953092549,0.23359843627935514,0.15338251036293246,0.1393366241724796,0.1221426715934386,0.11612866580808016,0.09902350218925521,0.09495563191770437,0.07892438680493001,0.07584176444585061,0.02154548282170059,0.008218735577405035,0.0015021448596017012,0.00027114193598279683,9.629272609954457e-06,9.755477977249721e-12,0,2508.760274747814,0.2371967654986523,2,0.5085354896675651,5
566,6443,0.0,0.0,0.0,0.0,0.0,0.0,0.0,0.9995420009345183,0.980251040594345,0.9058942472225254,0.8776741783874239,0.8075295183184755,0.7971700943303903,0.7850646777104352,0.7811874902318776,0.769965169285924,0.7663789018492326,0.7540171808952082,0.7502068009828673,0.7379383344045138,0.7331479145572831,0.7273989636438033,0.7242577921997982,0.7149138619983358,0.6785727260548647,0.6630768502055209,0.6157395979818352,0.5905964155270351,0.5401638429772238,0.52953565477095,0.5156407472271923,0.5105384514603238,0.495145425405093,0.49126766538327427,0.4749341093077679,0.47157071775246856,0.3788209114070664,0.32164481131944506,0.24273550047664177,0.21351833857961774,0.16727410455400726,0.06237216805624845,0,184.05652173913043,0.03863432165318958,0,0.5094339622641509,5
567,4921,0.0,0.0,0.0,0.0,0.0,0.0,0.0,0.9999510098849642,0.9978622757461184,0.9894243707717659,0.9860483368899945,0.9771531819334638,0.9757706443545041,0.9741216564052416,0.9735844831286291,0.9720037178760735,0.9714901893517339,0.9696893731622851,0.969124815225489,0.9672762246602958,0.9665416796425143,0.965648032882319,0.9648474525248811,0.9623918522311556,0.9523368005675436,0.9478012802289631,0.9330258755841815,0.9245938032800469,0.9063292234082018,0.9022061337768561,0.8965734864852298,0.8944192353714188,0.8876349380460749,0.8858523166350067,0.8779964587311269,0.8763001063176389,0.8239831836356936,0.7856968354502534,0.7218871664893056,0.6416593444018107,0.5105532553586968,0.19933756680043044,0,77309.19840893896,0.6540880503144654,6,0.5103324348607368,5
568,10225,0.0,0.0,0.0,0.0,0.0,0.0,0.0,0.9994727452562588,0.977068737693681,0.8905099113329189,0.8576347599642696,0.7759622029187859,0.7638901411286961,0.7496599544869239,0.7450545165755088,0.7315864437941764,0.7272382147147239,0.7121031619487252,0.7073929274755347,0.6920853789309714,0.6860545327411779,0.6787424902359275,0.6697233295277881,0.6425335772903581,0.5408628002385368,0.4998030749154874,0.3845932918827276,0.3301952667077445,0.23574006378817697,0.21817837300807755,0.19605756658761236,0.1881327910171186,0.16501886662279025,0.1593846234132709,0.13663235757946054,0.13214732772833948,0.045740075472478506,0.020204218248200425,0.00476111484776449,0.0008085201736401516,2.5311545029135663e-05,1.4858832442291996e-11,0,13670.074332491376,0.4743935309973046,4,0.5112309074573226,5
569,4544,0.0,0.0,0.0,0.0,0.0,0.0,0.0,0.9998005047641249,0.9912849725588843,0.9572762609498134,0.9438538199726552,0.9091392856659336,0.9038165960896136,0.897478305798697,0.8954140841685034,0.8893406630481129,0.8873679392680459,0.8804538060538819,0.8782865883429348,0.8711885074994978,0.8683643120259037,0.8649183987271728,0.8606463675525332,0.8474473713954932,0.794292856416371,0.7708478795603027,0.6972444715218657,0.6572889274048687,0.5760151409361973,0.5586418456830997,0.5353047292959657,0.5264823787096701,0.49916811354437357,0.4921069306428222,0.4616912214323907,0.45528927422432514,0.29060816895512953,0.20480573169684607,0.10929818414228679,0.04686516990421122,0.009014993968495743,9.9954039304229e-06,0,385.67395933141705,0.07547169811320754,0,0.5121293800539084,5
570,6926,0.0,0.0,0.0,0.0,0.0,0.0,0.0,0.9991164599107832,0.9617133655236725,0.8222202994042999,0.7714097436060435,0.6505813307571606,0.6333816581926309,0.6133000066761561,0.6068472291455015,0.588107965062332,0.5820999177755695,0.5613536464067224,0.5549505453658523,0.5343198990175848,0.5262685610281949,0.5165592977711811,0.5067718230594462,0.4778266732016842,0.37491091967880225,0.335749362074966,0.23346343955480484,0.18922693052584624,0.11921706657618088,0.10726420130116393,0.09276630830690755,0.08773320169050691,0.07354515403624093,0.07020079916763491,0.057108957238665506,0.05461041241169276,0.013178818163762955,0.00440784481787045,0.000631532662717804,5.663804753546632e-05,5.070866661348388e-07,1.623956778002365e-15,0,74222.95163226423,0.6460017969451931,6,0.5130278526504941,5
571,10126,0.0,0.0,0.0,0.0,0.0,0.0,0.0,0.9992912529557334,0.9692472294963843,0.8553060463108227,0.8129250405692375,0.7099114083189918,0.6949666104317495,0.6774380990302442,0.6717886114098153,0.6553336588522147,0.6500423635020721,0.631707375893857,0.6260262467564554,0.6076313478138229,0.600413895345159,0.5916814431725881,0.5799407131216037,0.5450797233607857,0.4214515034286226,0.37465339847203283,0.2536732462643272,0.2021822858947843,0.12237668360599341,0.10902450133834254,0.09292456339329122,0.08735870101304573,0.07177114568194991,0.06812285182692988,0.0540235345762233,0.05136943087333227,0.010324923928168639,0.002991098655638657,0.00033045507898543837,1.9035750342243982e-05,7.152388418212098e-08,6.158651549231453e-18,0,15304.823759142693,0.48787061994609165,4,0.5139263252470799,5
572,7829,0.0,0.0,0.0,0.0,0.0,0.0,0.0,0.9998087005679284,0.9916583781219832,0.9591594828202561,0.9463510606527958,0.9132667177383544,0.9082144316642238,0.9022291824025284,0.9002901616205014,0.894613130606107,0.8927743219726171,0.8863472166181744,0.884338147124927,0.8777768739261476,0.8751768144033341,0.8720176855510172,0.86816259249674,0.8563181820264949,0.8087844982491388,0.787856665585455,0.7219587010690789,0.6859855356736463,0.6122255509762895,0.596317921916075,0.5749969072292939,0.5669927134782401,0.5423506703598695,0.5360153340139738,0.5088211137503128,0.503115986909515,0.3517090705952993,0.26699130626433426,0.1638115140364065,0.0942672277347928,0.03212850405721241,0.000377519678301549,0,1750.12506621911,0.1931716082659479,1,0.5148247978436657,5
573,3004,0.0,0.0,0.0,0.0,0.0,0.0,0.0,0.999250797410256,0.9676062793592136,0.8483111603539305,0.8042599721894607,0.6979424664719714,0.6825951816446396,0.6646226899008576,0.6588381504333531,0.6420126103611878,0.6366094218158164,0.6179129728906959,0.6121296114615401,0.5934508314462354,0.5861407731514144,0.577315852773909,0.5691556840528053,0.544886000293415,0.45552957038639064,0.41980292467678104,0.32021665181879744,0.27352279273948926,0.19295329198793887,0.1780625619445706,0.15940786105091423,0.15275626510405815,0.13344839654156465,0.128763552959422,0.10991538650347882,0.10621391149968666,0.03581689509444508,0.015520014164989535,0.0035271127766996827,0.0005339662102307991,1.3311249020024877e-05,2.9827105871902546e-12,0,435585.2528803986,0.761006289308176,7,0.5157232704402516,5
574,1481,0.0,0.0,0.0,0.0,0.0,0.0,0.0,0.9998071784123858,0.9915948874977685,0.9588643442862298,0.9459709214122859,0.912683148833475,0.9076021153380966,0.9015849551742002,0.8996362695543364,0.8939346508631485,0.8920929381928834,0.885665503508859,0.8836448612111683,0.8769963464635688,0.8743377060969667,0.8710650239639925,0.866934335994655,0.8543219366333501,0.8040789269651897,0.7821548875615119,0.7139075108949037,0.6770459654935974,0.6022166220524326,0.5862174077886686,0.5648071025351071,0.5567427581512628,0.5318279039488397,0.5253986002631227,0.49771477589874064,0.491886608981662,0.3378024614189338,0.2525997756364644,0.15052487416248572,0.0839554646830452,0.026973749723701656,0.0002494631716287177,0,619.8048772301945,0.10781671159029649,1,0.5166217430368374,5
575,4464,0.0,0.0,0.0,0.0,0.0,0.0,0.0,0.9992216834116668,0.9663996342969715,0.8431615034020118,0.7978614919250492,0.6890193840332606,0.6733825523355347,0.65513075133903,0.6492740847006122,0.6322888938980804,0.6268503660943009,0.6080860224433464,0.6022983710587155,0.5836550348328415,0.5763693893423442,0.5675794103093245,0.5580106918086767,0.5292886474777427,0.42462834084831447,0.38372022260036737,0.2738698799232658,0.22487104687978043,0.14509224425990264,0.13113539548832692,0.11396761693313762,0.10793245423874187,0.09072582714140671,0.08662938742498696,0.07051308909035062,0.06742251834668377,0.016122640084942932,0.005327708593025101,0.0007404679478045005,5.8819266131078235e-05,4.1645860635789973e-07,5.0800348095019e-16,0,921863.8252542372,0.7987421383647798,7,0.5175202156334232,5
576,9192,0.0,0.0,0.0,0.0,0.0,0.0,0.0,0.9997990776648568,0.9912416116901162,0.9571530271859588,0.9437204849326228,0.9089614482828855,0.9036429258501082,0.8973249246113347,0.8952713833345761,0.8892317950245417,0.8872708412711634,0.8804006538890109,0.8782480511660303,0.8712031034519542,0.8684059293424767,0.8650001685018018,0.8606973508854381,0.847391896549925,0.7936895000550566,0.7699752584461861,0.6955243397244778,0.655108418682212,0.5729250204758377,0.5553213804619536,0.5316054191020352,0.5226129383739913,0.49469714626504663,0.48746133109817175,0.45622283926346274,0.44962012976417,0.2808070608489001,0.19425254276435586,0.09996884709044275,0.04068031510901742,0.007077389229633308,5.20680367688373e-06,0,17763.085766424654,0.5112309074573226,5,0.518418688230009,5
577,9016,0.0,0.0,0.0,0.0,0.0,0.0,0.0,0.9992208113042559,0.9662581166406901,0.8420772141792836,0.7962910574443476,0.6860103111402175,0.6701376294263521,0.6515718598218959,0.6456041166963742,0.6282675506455567,0.6227072373077324,0.6034928614048186,0.5975558207540285,0.5783831768077412,0.570881536337776,0.5618239394790092,0.5496131568592351,0.5133223945454574,0.38648452702196756,0.33947279044148865,0.22101329740564388,0.17224292757734982,0.09928698876622508,0.08748254224608716,0.07345289854354732,0.06866081404348578,0.055413519975303166,0.0523530835804644,0.04068184482675442,0.038515177442860156,0.0067529956136889065,0.0017630519641842102,0.00016229292373207187,7.759335637371504e-06,2.0270968923041975e-08,3.897869305539963e-19,0,54680.73305207469,0.6181491464510332,6,0.5193171608265947,5
578,2890,0.0,0.0,0.0,0.0,0.0,0.0,0.0,0.9991171295213236,0.9618317984949165,0.8229991336470771,0.7724698165277679,0.6523763852570188,0.6352908548371722,0.6153604456452343,0.6089623151981821,0.5903987345331513,0.5844523818129895,0.5639362000052757,0.5576092137762025,0.5372354987243293,0.5292792970279802,0.5196802329021137,0.5062918625920062,0.46684958263617776,0.3329245745827215,0.2850009585230373,0.1698865984412894,0.1255608856766003,0.06421549030114904,0.05504354690631183,0.044485989859631425,0.040973941263704176,0.03154773326025954,0.0294346546707573,0.02163478498762894,0.0202364331048869,0.002414239983453055,0.0004682573026609036,2.5419668897641332e-05,6.546521226949926e-07,5.168662431159766e-10,7.339239251128419e-23,0,856.5974719724721,0.13566936208445643,1,0.5202156334231806,5
579,4781,0.0,0.0,0.0,0.0,0.0,0.0,0.0,0.9997895381359613,0.990822502967617,0.9551254037710375,0.9410765003785507,0.9047872170091203,0.89924335860784,0.8926632555726035,0.8905270861611752,0.884261770895774,0.8822331082296416,0.8751452093388369,0.872930484186683,0.8657021440110606,0.8628401562089598,0.8593649262422949,0.8558029441074944,0.8448192341494172,0.8004306703122622,0.7807691787858676,0.7183266858217139,0.68391705071919,0.6127578299622328,0.5972624091748264,0.5761874770335614,0.568120851992957,0.5428139973561751,0.5361861681623694,0.5072564973679609,0.5010861252482309,0.3372482236317455,0.2471594908110659,0.14093766354348167,0.05978235624901653,0.011265643276913942,1.1483190468684314e-05,0,5179.781712375244,0.34052111410601976,3,0.5211141060197664,5
580,6356,0.0,0.0,0.0,0.0,0.0,0.0,0.0,0.9998657104798813,0.9941045717213556,0.9708619860487822,0.961586776180371,0.9373248724711963,0.9335770023570195,0.9291042273281453,0.9276451876656496,0.9233455404171536,0.921946759879718,0.9170357185180172,0.9154936321137684,0.9104356817410368,0.9084228456928521,0.9059680549062762,0.9028306168239091,0.8931343442737228,0.8536646485220624,0.8360325901686573,0.7796807872726484,0.7483885556032759,0.6829806684219164,0.6686319636893568,0.6491124476099768,0.6416551732151117,0.6183076144699804,0.6122064360717822,0.5855909161974445,0.5799124932400256,0.42424497070836237,0.33274720819134507,0.21542519745868793,0.11885816541774966,0.03736854155190979,0.0003152585270960967,0,10843.558048540302,0.44564240790655885,4,0.5220125786163522,5
581,6077,0.0,0.0,0.0,0.0,0.0,0.0,0.0,0.9991251333000567,0.9620833095623252,0.8238115248043496,0.7733916206137328,0.6533558651042739,0.636249843515894,0.6162693536202772,0.6098469657884094,0.5911899766938713,0.5852063995156946,0.5645319442521989,0.5581426441683861,0.537530217455952,0.5294757387253404,0.5197511480205169,0.5057351866347504,0.464781609220421,0.3275503739992821,0.2791448713840424,0.1644465226848461,0.12092740996606778,0.06131166629526003,0.052449153930314664,0.04227195108521311,0.038893093207884484,0.02984405562662781,0.027820037644837523,0.02036650532221305,0.01903363009265009,0.0022090391889050304,0.00041945333494772247,2.1927735013105808e-05,5.32064845607936e-07,3.691841898329506e-10,2.929869172721779e-23,0,9103.71300896371,0.42407906558849956,4,0.522911051212938,5
582,5117,0.0,0.0,0.0,0.0,0.0,0.0,0.0,0.9998735392391654,0.9945075282919612,0.9730730435278533,0.96460075035741,0.9426428803302904,0.9392827873422748,0.9353143682692393,0.9340334232374999,0.9302980488187106,0.9290955253617513,0.9249171970110307,0.9236187180379826,0.9194034371732178,0.9177430325320817,0.9157391299635245,0.9144128273986954,0.9103917182462281,0.8941721895153971,0.8869706690041534,0.8639135309737371,0.8509861086990825,0.8235025337141655,0.8174039437786468,0.8091770824195691,0.8060697369124172,0.7964175508730452,0.793915644818766,0.7830651372405758,0.7807650771202603,0.7120072582555651,0.6638438639849038,0.5872817196248284,0.5265266196607165,0.4259349206974537,0.17787321522769634,0,4242.098130841122,0.3108715184186882,3,0.5238095238095238,5
583,4777,0.0,0.0,0.0,0.0,0.0,0.0,0.0,0.9998283488561518,0.9925417562230666,0.9635400762283283,0.9521269282314747,0.9226829694972166,0.9181935773823642,0.9128923655232863,0.9111808417490183,0.9061715965870046,0.9045518220338106,0.898888546899241,0.8971165583989269,0.8913251267003289,0.8890286504929013,0.8862370988227093,0.8831240452093458,0.8735354051831199,0.8346361531465919,0.8173190187329473,0.7621577976837791,0.7316259688001135,0.6679966072914938,0.654078625554558,0.6351419487950762,0.6278821510283783,0.6050553353877234,0.5990625049970976,0.5727793114448684,0.5671462765129772,0.4121651384034501,0.3210529207924274,0.2047333139007309,0.10082489738705858,0.025398707754416636,8.491977759902325e-05,0,11142.903199822234,0.45103324348607365,4,0.5247079964061097,5
584,487,0.0,0.0,0.0,0.0,0.0,0.0,0.0,0.9992418534678494,0.9671358501361319,0.8460137500115662,0.8012743722495682,0.693297276956351,0.6777206086777884,0.6594796126318921,0.653607856470602,0.6365255290986718,0.6310383706121051,0.6120511281162704,0.6061782047728032,0.5872118882683661,0.5797830419726085,0.5707962625959515,0.5600777664117393,0.5280818867215072,0.4133886862229549,0.3694374374879689,0.2542550987248199,0.20444378610195832,0.12610124416567248,0.11283382880933,0.09675640139989998,0.09117564275592568,0.07547380309971258,0.07178151753117214,0.05743878768445115,0.05472416346327358,0.011712201816015426,0.0035624722111448886,0.0004294063431923849,2.9320880103908894e-05,1.540300380792313e-07,5.404172818009109e-17,0,164503.8042156568,0.7142857142857143,7,0.5256064690026954,5
585,7033,0.0,0.0,0.0,0.0,0.0,0.0,0.0,0.999115941114663,0.9616389611411817,0.8217611038476027,0.7707701986116609,0.6494420569037075,0.6321607669364727,0.6119645193916952,0.605468450559081,0.5865852660323826,0.5805307463059605,0.5596265228378654,0.5531755143913675,0.5323934548697152,0.5242843664525761,0.514506074546932,0.49994691687516896,0.45737642623748215,0.3163116771506768,0.26725456511832696,0.15301675763632064,0.11067422585852704,0.05409687613177617,0.04589277257880385,0.036568361002825206,0.03349915047326711,0.02535541771105818,0.023551070747263522,0.016971474750951218,0.01580719688357531,0.0016492343869468267,0.00028856613731362876,1.3054349566387976e-05,2.5604990689724664e-07,1.1710103500195664e-10,1.6333696050324794e-24,0,7575.542872080151,0.3917340521114106,3,0.5265049415992812,5
586,10466,0.0,0.0,0.0,0.0,0.0,0.0,0.0,0.999877188847006,0.9946096399799012,0.9733394170100684,0.9648422443997154,0.9425899590262956,0.9391493715804686,0.935043263150103,0.9337039566804665,0.9297575417969232,0.9284738058262734,0.923966987425882,0.9225519135475244,0.9179107873260605,0.9160638742959677,0.913811779462921,0.9106739862955352,0.9009847853578972,0.8616114591247848,0.8440561186577928,0.7880819238822375,0.7570578560755538,0.6923051966476149,0.6781224765048183,0.6588709805078324,0.6515328312341033,0.6285749833171105,0.6225788373415101,0.5964425697375899,0.59087496322691,0.43743249315677646,0.3462670323577501,0.22777918221925048,0.13182312576914307,0.045558506148697955,0.0005697448769594709,0,164013.42139220235,0.7133872416891285,7,0.527403414195867,5
587,49,0.0,0.0,0.0,0.0,0.0,0.0,0.0,0.9992067037749895,0.9655353330086621,0.8387617505787693,0.7920660951909314,0.6797359772286947,0.663584149072955,0.6446732636263595,0.6385847025935166,0.6208691922537326,0.6151784650926077,0.5954853722370441,0.5893936474989401,0.5697207176015698,0.562023661991026,0.5527274603795475,0.5427114880525059,0.5130204491357114,0.4067170848308386,0.36592752921011745,0.2581916864830128,0.2109275606690043,0.13504999188393996,0.12192458522008352,0.10589943950509495,0.10030438300833425,0.0844439616821921,0.08068553454700125,0.06594957574120933,0.06313166261069031,0.015781895761823445,0.005429258531067652,0.0008191848992502575,8.314061658514823e-05,9.519514723144707e-07,8.601215378051026e-15,0,324.18932037276693,0.06289308176100629,0,0.5283018867924528,5
588,4290,0.0,0.0,0.0,0.0,0.0,0.0,0.0,0.9993666107859338,0.9723936466241309,0.8689932807380246,0.830104862253939,0.7345291007901067,0.720526568111075,0.7040342731620306,0.6987004166549916,0.6831124992528234,0.6780832315208577,0.6605958664644844,0.6551598584432895,0.6375166343763976,0.6305390389184049,0.6220128070582308,0.610499201935991,0.5762550441778769,0.4536357388649564,0.40665275879719925,0.28361483649113944,0.23023982151819775,0.14551388569005919,0.13100895577432226,0.11339044310301453,0.10726633203689591,0.08998225502734046,0.08590400554904451,0.0699792130980387,0.06694705044844942,0.016458417664321708,0.00560357363717683,0.0008337439405845507,0.00010307597601942998,1.757965698643876e-06,8.735661353769774e-14,0,428.668232291711,0.08265947888589398,0,0.5292003593890386,5
589,274,0.0,0.0,0.0,0.0,0.0,0.0,0.0,0.9998082236072504,0.9916477395042529,0.9591487908615133,0.9463560989736693,0.9133515894762132,0.9083174609424466,0.9023609467543792,0.9004298637885204,0.894770522409317,0.8929395173830941,0.886546864739061,0.8845507999670047,0.8780405303817054,0.8754655099718911,0.8723446618207255,0.870282874002039,0.8640906117789899,0.8394206915267993,0.8286047438240542,0.7944887974911314,0.7757254806238342,0.736657774230385,0.7281487750286104,0.7168066097968776,0.7125690353162131,0.6995560663877454,0.6962255482505837,0.6819671910764485,0.678983396519004,0.5925087942013438,0.5347259185951428,0.4475455802099799,0.40155250553828936,0.32546277028224024,0.1372716567174946,0,inf,0.9793351302785265,9,0.5300988319856245,5
590,6545,0.0,0.0,0.0,0.0,0.0,0.0,0.0,0.9998693993224863,0.9943216761609543,0.972147666750226,0.9633811727716426,0.9406860232764782,0.9372166421453522,0.9331219437218543,0.9318010878176266,0.9279517811374055,0.9267133668373018,0.9224130891734922,0.9210775704036617,0.916744820394668,0.9150392465123042,0.9129820808416718,0.9117061361857748,0.9078647647135717,0.8924722858100025,0.8856820770118587,0.8640739921101992,0.8520410995614023,0.8266241324314151,0.8210176008695173,0.8134953051866834,0.8106697671057997,0.8019400723150047,0.7996894631262443,0.7899501160050834,0.7878883166346701,0.7260627185113332,0.6824478524891339,0.6124955174902846,0.5548551565477411,0.45754409682151664,0.20600391218925304,0,1324.31677877429,0.16352201257861637,1,0.5309973045822103,5
591,8393,0.0,0.0,0.0,0.0,0.0,0.0,0.0,0.9993025600853558,0.9698577126759365,0.8584722476551048,0.8171507865000734,0.7168216687477993,0.7022778939270521,0.6852653702548063,0.6797986309278627,0.6639226184771635,0.6588323105510087,0.6412417330939918,0.6358071840196083,0.6182744675796779,0.6114170560694787,0.6031395955181236,0.5928832933209413,0.5623453513268369,0.45187112480314595,0.40896644871910687,0.293970790350433,0.24257254894768443,0.158508515541284,0.14371742013706568,0.1254992744081255,0.11908970200867823,0.1007842579553858,0.09641477784946853,0.07916617680320803,0.07584620012649192,0.019366341020305128,0.00676227406848054,0.0010453364323882036,9.695348821542605e-05,9.281897655783721e-07,3.945850414640072e-15,0,3093.3109088177835,0.25965858041329737,2,0.531895777178796,5
592,6210,0.0,0.0,0.0,0.0,0.0,0.0,0.0,0.9993020327553238,0.9695744572342684,0.8562555949307136,0.8139293794298454,0.7106719844356385,0.6956437915356806,0.6779698168353588,0.6722587177260362,0.6555823790229224,0.6502064956047804,0.6315337537536793,0.625735839835576,0.6069408219731852,0.5995582473250328,0.5906149030923484,0.580720572516306,0.5512632789477337,0.444539631147393,0.40300742979252513,0.2915492069777104,0.24167840048373956,0.1598233899345424,0.14536739083608832,0.12756598415690654,0.12130722133525759,0.1034246162600858,0.09915333265184463,0.08226106361249574,0.07900217089230713,0.02190742530873708,0.008167039371687662,0.00142215546179444,0.00019130846002274888,3.826426328135025e-06,3.596410083669479e-13,0,10467556.887884248,0.9002695417789758,9,0.5327942497753818,5
593,6679,0.0,0.0,0.0,0.0,0.0,0.0,0.0,0.9991149898348306,0.9618093862564607,0.8231992820755645,0.7728821413681581,0.6535468811596007,0.6366055740432871,0.6168980792924316,0.610589451496039,0.5923358731931684,0.5864985064878365,0.5663657152432325,0.5601590695400974,0.5401742168685417,0.5323663751649922,0.5229442164326166,0.5135503586926108,0.48551707301430763,0.3845329833335475,0.34557258543064373,0.24249774146640407,0.1973306509296506,0.12504840033277914,0.11258551536966241,0.0973514533688159,0.09201980913876102,0.07689048126682411,0.07330270329760122,0.05924765060857888,0.056564379291847496,0.012883870152137673,0.004100493080260656,0.0005330802896162611,4.01549662878162e-05,2.558634350629818e-07,2.0080661347688627e-16,0,41342.956097681075,0.5929919137466307,5,0.5336927223719676,5
594,4869,0.0,0.0,0.0,0.0,0.0,0.0,0.0,0.9999249908218284,0.9967018896870333,0.9836103525226577,0.9783459567636505,0.9644645050530827,0.9623054720858758,0.9597230828971628,0.9588757825025344,0.9563529635158621,0.9555237286586354,0.9525818200915003,0.9516483416410693,0.9485543773683087,0.9473100408153972,0.9457772878700275,0.9438191487107749,0.9377914402790243,0.9132033054995353,0.9021743964844618,0.8665946288498263,0.8465586121300145,0.8038828593700129,0.7943494393464866,0.781319156691597,0.7763277184692791,0.7606075132588948,0.7564745555990313,0.7383013565854014,0.734395357149833,0.6197990126632704,0.5434030814370154,0.4296545092499545,0.3204172121949452,0.18062076692502063,0.01678918724375382,0,179694.44795663498,0.7223719676549865,7,0.5345911949685535,5
595,9601,0.0,0.0,0.0,0.0,0.0,0.0,0.0,0.9992793465091477,0.9687351831830109,0.8529860565862663,0.8099934949991856,0.7056535757357763,0.6905364192050314,0.672813193474834,0.667103380222132,0.6504796145186191,0.6451362404848117,0.6266289526582944,0.6208985300884999,0.6023728010505676,0.595119637587994,0.58636302521766,0.5764064375423531,0.5467396593514815,0.43934034020429413,0.3975976774904001,0.28581237117940506,0.23588675497235775,0.15425119497612433,0.13988996766370235,0.12220765833585288,0.11598891960693603,0.09823247034317488,0.09399255073058937,0.07726543663328041,0.074053895166027,0.019229120624849824,0.006808503618152948,0.0010802719495529721,0.0001298303066247288,2.062846924705399e-06,7.166551474181703e-14,0,12519.372860640997,0.46540880503144655,4,0.5354896675651393,5
596,10223,0.0,0.0,0.0,0.0,0.0,0.0,0.0,0.9989573724876808,0.9550549839494737,0.7943546761104612,0.7370656790666538,0.6037463141721754,0.5851291815261314,0.5635408079998561,0.5566417108893347,0.5367122351900314,0.5303562328612793,0.5085265275260545,0.5018222901999189,0.48031082763369376,0.47194900690652575,0.46188399762321986,0.4475353038483628,0.40598677915077513,0.2711793293782457,0.22553256694799295,0.12259442915541936,0.0860512436068742,0.03938117369944011,0.032910275208832857,0.025688117210026035,0.023346607001579353,0.017234948596687397,0.01590348155199659,0.011132658323573068,0.01030429053885974,0.0008823618524445356,0.00013278104701798648,4.608982451397316e-06,7.384610735176608e-08,2.2855424575807644e-11,6.446959363283562e-26,0,2525.56506602685,0.2389937106918239,2,0.5363881401617251,5
597,9403,0.0,0.0,0.0,0.0,0.0,0.0,0.0,0.999872928460877,0.9944583857537237,0.9727450773100734,0.9641305187724333,0.941722767331576,0.9382812676049264,0.9342010636758097,0.9328779464507597,0.9289962268463129,0.9277386275435691,0.9233412082591703,0.9219664829077662,0.917486613408895,0.9157152738252764,0.9135692075079848,0.912179537395569,0.9079911873937263,0.8912244142346667,0.8838361901381716,0.8603591495091537,0.8473082931793304,0.8197958224146095,0.8137415151555724,0.805641022805768,0.8026053570280546,0.7932321535768867,0.7908170432624415,0.780404317580455,0.7782099542418954,0.712867501157056,0.6671885611466951,0.5946209690832412,0.5430572337166434,0.45511357207545283,0.21937043905190454,0,35463.166391178805,0.5804132973944295,5,0.5372866127583109,5
598,7268,0.0,0.0,0.0,0.0,0.0,0.0,0.0,0.9992379482283174,0.9670202486448877,0.8456941168023965,0.8009575607296214,0.6931516603163912,0.6776196424144058,0.6594596375959939,0.6536231974663456,0.6366606897705145,0.6312100354691199,0.6123380073897642,0.6064968115563043,0.5876205874476561,0.580229410871202,0.571300799693276,0.5627763510745942,0.5371904386760603,0.4431536366440676,0.40592154496857835,0.3038032246437077,0.256824060213423,0.17732402851897458,0.1628857425821478,0.14489508612799534,0.13850836646276848,0.1200613142580318,0.11560740371703351,0.09778519657190911,0.09430480544416396,0.02985678830332992,0.012323736035461039,0.002569674378210654,0.0003818183640722061,9.175231254391937e-06,1.7642848411046524e-12,0,2143195.0691592023,0.8319856244384546,8,0.5381850853548967,5
599,6025,0.0,0.0,0.0,0.0,0.0,0.0,0.0,0.9999037061487677,0.9957986032401703,0.9792845970587961,0.9727093303641062,0.9555419898699327,0.9528968810369159,0.94975902356707,0.9487422884492762,0.9457661185198474,0.94480437676971,0.9414498830840906,0.9404034227344148,0.93699325484983,0.9356444436688358,0.9340065904475896,0.9326690098817678,0.9285841372052399,0.9119878850178491,0.9045660198194446,0.8806371785191835,0.8671282314073288,0.8381890384635384,0.8317168441401551,0.8228998740785284,0.8195363419279402,0.8089856561054937,0.8062240041815489,0.7941320523129463,0.7915443048891216,0.7138212711774279,0.6593727977526684,0.5730801119857019,0.4932305290860901,0.36871082620609424,0.1114226092316192,0,3123.831190630634,0.2605570530098832,2,0.5390835579514824,5
600,2582,0.0,0.0,0.0,0.0,0.0,0.0,0.0,0.9992795350060302,0.9687777570118193,0.8533498277978512,0.8105077753591325,0.7063102896363063,0.6911705833163425,0.6733735890637569,0.6676248354896828,0.650844522085587,0.6454370381134489,0.6266615984306857,0.6208340298238936,0.6019501752295661,0.5945356197245665,0.5855560715014901,0.5759378428813777,0.547297945193207,0.4435215080291705,0.4030951673271036,0.29429583924273434,0.24537707690127492,0.1645525910311291,0.1501909972265677,0.13248373960413806,0.1262532232134171,0.1083901443149645,0.10410871860871698,0.08710790395136862,0.08381400589451563,0.024697385081719953,0.009656872636500146,0.0018348687736289523,0.00023686521528605732,4.317337975264083e-06,2.6229381703801004e-13,0,11401950.85569224,0.9056603773584906,9,0.5399820305480683,5
601,2873,0.0,0.0,0.0,0.0,0.0,0.0,0.0,0.9991882469478748,0.9647623925358977,0.8353397244334855,0.7877559980360254,0.6735172007788138,0.6571187464729874,0.6379219617085806,0.6317411935037635,0.6137569691870539,0.6079798113066248,0.5879886680584971,0.581805223790316,0.5618474099896257,0.5540475869722815,0.5446367622752423,0.5342863623139548,0.5037360952981298,0.39531235207480914,0.3541229276081345,0.24664454582729342,0.20017952329419034,0.12660061680721665,0.11402965983508717,0.09878956900552932,0.09350203545118481,0.07859901338654234,0.0750868262050905,0.06138049773300757,0.058771734040315125,0.014903267395437373,0.0052105502050597205,0.0008164568496934969,0.00010044635407367088,1.6678618719518963e-06,6.936305393535325e-14,0,9385.539120819589,0.4303683737646002,4,0.5408805031446541,5
602,2081,0.0,0.0,0.0,0.0,0.0,0.0,0.0,0.9992137216080187,0.9659484180794714,0.8407840683545869,0.794697635025599,0.6838381966082663,0.6679010855577073,0.6492654783467317,0.6432622694655803,0.6257841456125137,0.6201661658213741,0.6007119840312541,0.5946901173728123,0.5752296500953209,0.5676103217516101,0.558403107138638,0.5495501306320728,0.523087535914005,0.4266743240521917,0.3888194363167882,0.28609724782377705,0.23948376720234033,0.16179630725793165,0.14788352635335086,0.13064952727488183,0.1245608100952992,0.10706961266828398,0.10286922190669924,0.08616012538803357,0.08291877387860222,0.024599774885510944,0.009671847402296842,0.0018547503779188612,0.0002353082110289991,4.151390967892622e-06,2.2157204075771968e-13,0,9059308.446828343,0.8939802336028752,8,0.5417789757412399,5
603,1000,0.0,0.0,0.0,0.0,0.0,0.0,0.0,0.9996953685482053,0.9868258778313909,0.9364634629613672,0.917037078420954,0.8679299374599558,0.8605752072150795,0.851960821430982,0.8491990243641688,0.841198243152778,0.8386393438232681,0.8298165067812161,0.827098947903569,0.818354847033339,0.8149418449831909,0.8108532143673419,0.8086503269864497,0.8020721640128676,0.7761151907851448,0.7648568871238697,0.729743154691351,0.7106334837224519,0.6712671528491551,0.6627885964607452,0.6515935944959405,0.6474491263419413,0.6348352934123851,0.6316307881480795,0.6180122903635843,0.6151831425970058,0.5339466593331511,0.48017022343812016,0.3997786774476292,0.3587912449620417,0.29138587450236575,0.12466015333814885,0,inf,0.9937106918238994,9,0.5426774483378257,5
604,3370,0.0,0.0,0.0,0.0,0.0,0.0,0.0,0.9999165780032069,0.9963742676164153,0.982163951164229,0.9765205016135661,0.961822000666416,0.9595623455795057,0.9568892854388082,0.9560251389218855,0.9534931875219455,0.9526742097733555,0.9498148432542276,0.9489219534146854,0.9460093292712398,0.9448564220798464,0.9434587461371692,0.942341547525889,0.9389298511186684,0.9249930865338806,0.9187089579985362,0.8982382418627274,0.8865521247573938,0.8612576692012495,0.8555465409702708,0.8477190927342656,0.844716024748106,0.8352415281549763,0.8327473593981523,0.8217648473869941,0.8194150442876637,0.7484738401418815,0.6982738603000265,0.6177268916368889,0.5406647852469969,0.41705856058768886,0.14269858386557174,0,1115.6837407748078,0.1500449236298293,1,0.5435759209344115,5
605,2111,0.0,0.0,0.0,0.0,0.0,0.0,0.0,0.9990278836204092,0.9580413373917822,0.8069035198663447,0.7525506086063147,0.6249252528249077,0.6069579551730302,0.5860681462656333,0.5793789964732731,0.560018707243618,0.5538323395677962,0.5325445661739863,0.5259974754842573,0.504976783378931,0.4968030642719273,0.4869744279313364,0.4761930949710898,0.4444720043043596,0.3343357732547173,0.29366544653950183,0.19145005417748612,0.1494401969959754,0.08659727120038459,0.07642463079222139,0.06434700995552993,0.06022642009364163,0.0488346999565392,0.04619950307563921,0.03613305268668617,0.03426054230960873,0.006326315053989163,0.001723546117685184,0.00017194309530402826,1.359781008019511e-05,9.723135879075603e-08,1.3375276525261912e-16,0,inf,0.9685534591194969,9,0.5444743935309974,5
606,4304,0.0,0.0,0.0,0.0,0.0,0.0,0.0,0.9993312230777096,0.970974910887283,0.8629501666170227,0.8225449452909581,0.7237793744472765,0.7093785831861571,0.69245795623762,0.6869972593279066,0.6710719360794788,0.6659452252809226,0.6481631968588348,0.6426352333594533,0.6246894625888583,0.6176293851126236,0.6090679720863261,0.5980374540871973,0.5652078595935256,0.4476891689553249,0.40261143380941383,0.28375004167466333,0.23155741430906093,0.14772839602085594,0.1332243479343319,0.11549472643224606,0.10929664853934372,0.0917152275854094,0.08754680992256408,0.07120646826367742,0.06808385871065087,0.016340296789018296,0.00543188734329306,0.0007643724786282111,6.18974968557637e-05,4.5410537721229424e-07,6.380591688726699e-16,0,637.0933625823595,0.11141060197663971,1,0.5453728661275831,5
607,7586,0.0,0.0,0.0,0.0,0.0,0.0,0.0,0.999308489197602,0.9699975951248025,0.858674763435375,0.8172276101089195,0.7163670222235331,0.7017218066680416,0.684505286244093,0.6789363656023052,0.6626590902188946,0.6574066780415369,0.6391397042924639,0.6334569125825685,0.6149899636765077,0.6077181747268712,0.5988893085881196,0.5867639450766278,0.5507652833929253,0.4234393060404475,0.3754115782802458,0.25185263761676613,0.19963179007591478,0.11934008263446004,0.10605296350862536,0.09013044357678515,0.08465578301755887,0.0694002540254698,0.06584707393499326,0.05218061163370843,0.04961972512866677,0.010058034923749707,0.0029481476978443916,0.0003356453561381176,2.9062710638597698e-05,2.478395757069247e-07,7.045458164813156e-16,0,23618.606358787343,0.5372866127583109,5,0.5462713387241689,5
608,4459,0.0,0.0,0.0,0.0,0.0,0.0,0.0,0.9996347682974974,0.9842201267400976,0.9242147728227958,0.9011831305467815,0.8432696785461034,0.8346319819814476,0.8245095835610763,0.8212608547726503,0.8118390698082655,0.8088223357523833,0.7984017270161489,0.7951827127392581,0.7847956633408736,0.780730392810447,0.775844569251088,0.7733445246672339,0.7658912055261841,0.736610276580315,0.7239739587001627,0.6848077810037543,0.6636631175220571,0.6205612547389817,0.611352876686314,0.5992445100277839,0.5947779349110884,0.5812348642777557,0.5778068395361843,0.563293454522093,0.5602896832027638,0.47517981757093847,0.42014728129793766,0.3399692987955743,0.30505477728639946,0.24784589935187074,0.106547262044784,0,439.12504201680673,0.08445642407906559,0,0.5471698113207547,5
609,3960,0.0,0.0,0.0,0.0,0.0,0.0,0.0,0.999351684593379,0.9718102802318687,0.866598763268935,0.8271723567700479,0.7306052991531709,0.7165025538436326,0.6999247037935157,0.6945726233584719,0.6789583663755936,0.6739292095247724,0.656471610910131,0.6510491324078909,0.6334370821633986,0.6265045217166776,0.618095084724785,0.6073156201750008,0.5752418236569693,0.45958651562708686,0.4148952620112629,0.2961199952316813,0.24360931794444357,0.15851520579887343,0.14364445120671518,0.12539740422563803,0.11899896960480918,0.10079301623229783,0.09647736811044334,0.0795294069579862,0.0762815902799493,0.02038393679981631,0.007399838546482615,0.0012334958106542068,0.0001402603601621072,1.998449244809747e-06,4.4139024245663195e-14,0,479535.66801828373,0.7672955974842767,7,0.5480682839173405,5
610,3191,0.0,0.0,0.0,0.0,0.0,0.0,0.0,0.9998859021972291,0.9950027668502496,0.9753139059219569,0.9674588814728373,0.9469131546694937,0.9437408620218098,0.9399630697686059,0.9387336034067831,0.9351189250144443,0.9339457211197959,0.9298359709711831,0.928548383622237,0.9243345078120803,0.9226611934089473,0.9206199497982052,0.9181688125744087,0.9106403456328515,0.8800627259838908,0.8664180912123547,0.8227109762036718,0.7983038290437696,0.7468328788307621,0.7354709551177457,0.7200679617551035,0.7142090299154638,0.695879503951065,0.6910714337522921,0.6699304151111785,0.6653873613683664,0.5347947580643652,0.45115113845904825,0.33259340723817316,0.22180990621040136,0.10041451773872469,0.0037468157484727375,0,21874203.46069844,0.9308176100628931,9,0.5489667565139263,5
611,4485,0.0,0.0,0.0,0.0,0.0,0.0,0.0,0.9992674979257602,0.9682336324806636,0.8508433702388056,0.8073464410402122,0.7020270382909165,0.686800238880229,0.668971770206573,0.6632076620591834,0.6462186513439435,0.6406905791845338,0.6213160769865544,0.6152467775722651,0.595404032738209,0.5875451391853012,0.577941511625247,0.5646228480711005,0.5253402212622499,0.3894943566333355,0.33966078490064394,0.2158025735915967,0.16575829933917768,0.09246449256647823,0.080845477009968,0.06714554211688206,0.0624961944674431,0.04974089321318399,0.04681736305774516,0.03580762517681614,0.033790156488143604,0.005371267174181435,0.0013067334927492776,0.00010708499669566302,6.961988892587752e-06,3.401623006276991e-08,9.734590651802226e-18,0,14248.032486379372,0.4797843665768194,4,0.5498652291105122,5
612,5291,0.0,0.0,0.0,0.0,0.0,0.0,0.0,0.9993400988272249,0.9713342985299769,0.8645525696142649,0.824620230181025,0.7270109106783736,0.7127819415270286,0.6960527134966382,0.6906458268624764,0.6748547364920304,0.6697632089691508,0.6520605523903932,0.64655640535616,0.6286767331109342,0.6216375582256475,0.6130968417908326,0.6039902531911062,0.5767096086970709,0.4762053756727401,0.43631159793012586,0.32665075703207536,0.27616946263360675,0.19087162974498803,0.1754005979155968,0.1561508979903475,0.1493270152742818,0.12963861306068825,0.124889762443363,0.10589849902961328,0.1021915098056918,0.03305603903823484,0.013893044184281847,0.0029993247805992014,0.0005024008159905571,1.5213916743601365e-05,7.535794586805204e-12,0,1077525.021485123,0.8086253369272237,8,0.550763701707098,5
613,1028,0.0,0.0,0.0,0.0,0.0,0.0,0.0,0.9992976845825512,0.9696501619159749,0.8575479679341402,0.8159660005358201,0.7151149687258738,0.7005181205570556,0.6834628330274612,0.6779883007906355,0.6620838433183464,0.656980090830085,0.6393286608563563,0.6338709227474936,0.6162497092453689,0.6093512456665982,0.6010154945027041,0.590408137424492,0.5586857601929642,0.4439072726745454,0.3994173569919341,0.2811451422728954,0.22909275510082686,0.145480055243748,0.13101568968611998,0.11331392028710098,0.10711144229183933,0.08947488219989162,0.08528443508918954,0.06889160605031812,0.06576932084263692,0.015008790764637462,0.004794769692130717,0.0006300990969356799,5.0016298257290193e-05,3.5319693574498084e-07,4.250941523632041e-16,0,4517.469983714975,0.3189577717879605,3,0.5516621743036837,5
614,8474,0.0,0.0,0.0,0.0,0.0,0.0,0.0,0.9991583469252552,0.9635462670811942,0.8302599876588546,0.7814948548142545,0.6649756653037026,0.6483215194718623,0.6288691557836004,0.622617874306191,0.6044608002365542,0.5986384068920357,0.5785264489847652,0.5723166814400575,0.5522996717531955,0.544483120449455,0.5350547410590435,0.522522065882642,0.48546837993382436,0.35743787206929967,0.3106218037495732,0.1952130901858669,0.14905121646996136,0.08212163395815557,0.07161157016955298,0.059273326347571334,0.05509956053066543,0.04368681041740999,0.04107932042031255,0.03125720001027677,0.029457589093091315,0.004465346175098307,0.0010420079742900692,7.858764840235213e-05,3.0989370540689977e-06,5.597560726205635e-09,2.405001294865416e-20,0,2897759.478849038,0.8445642407906558,8,0.5525606469002695,5
615,5923,0.0,0.0,0.0,0.0,0.0,0.0,0.0,0.999182648540912,0.9645822647028492,0.8347781097904874,0.7871532987407727,0.6730234384787109,0.656669181286182,0.6375541003005101,0.6314068383490563,0.6135404257712134,0.6078075655082773,0.5879909393569158,0.5818679198575596,0.562089125889186,0.554344725119395,0.5449871190575872,0.5322789385200286,0.49467443475348694,0.36456205535192704,0.317019090940859,0.19954431111722964,0.152443557668041,0.08404608725658547,0.07329426499239135,0.060665117221229546,0.05639299384964397,0.04471144523628422,0.04204257682674508,0.03198938998213631,0.03014747006972883,0.004569181281231806,0.001066105234385558,8.038721504416508e-05,3.022724488807895e-06,4.931534927115782e-09,1.3517839616140836e-20,0,48508.372986050636,0.6091644204851752,6,0.5534591194968553,5
616,2438,0.0,0.0,0.0,0.0,0.0,0.0,0.0,0.9992188457344602,0.9661778864815435,0.8419114111351708,0.7961680335359089,0.6859478295063468,0.6700759054198512,0.6514953182632918,0.6455150253421026,0.6281199759625085,0.6225338970281878,0.6032071732202761,0.5972299119473802,0.5779294327016834,0.5703722856896379,0.5612380786968076,0.5520208691315994,0.5246096941169416,0.42518573403154,0.3864641383329861,0.28226449518569546,0.23541364185484767,0.1579928887359498,0.14423374233058753,0.12724372918398033,0.12125515347984313,0.1040885878008041,0.09997634581899469,0.08366967029850031,0.08051438290406585,0.023848399646603832,0.009375070124907837,0.0018008089764807833,0.0002748519263104117,6.960587823436759e-06,1.6638308696281042e-12,0,754489.143407861,0.7861635220125786,7,0.5543575920934412,5
617,9852,0.0,0.0,0.0,0.0,0.0,0.0,0.0,0.9992509568872301,0.9675038726424559,0.8475635212087742,0.8031472202502296,0.6956079588972366,0.6800572391433735,0.6618170591568895,0.6559363142212467,0.6388024262703266,0.6332911395433144,0.6141911890847994,0.6082740976012815,0.5891360537020759,0.5816361013670867,0.572567875040986,0.5636476396783516,0.5370690069652891,0.4400119490359214,0.4018553437117315,0.29802630960057325,0.2507004034074472,0.17135821097613058,0.1570703401379157,0.13934598578131685,0.13307814417518934,0.11504357625609025,0.11070546980620048,0.09340819740631431,0.09004222106438438,0.028161235049622823,0.011536112032741838,0.0023809947308590543,0.00032430454708639336,6.573925354634293e-06,6.24183857292884e-13,0,11562146.001050008,0.9074573225516621,9,0.555256064690027,5
618,277,0.0,0.0,0.0,0.0,0.0,0.0,0.0,0.9992073385683731,0.9656546870166087,0.8395120003256299,0.7930804223101184,0.6813552761807511,0.6652872825138686,0.6464792657588859,0.6404256475827078,0.6228168660883311,0.6171611518166132,0.5975911901212407,0.5915381058589215,0.5719914449233281,0.5643442037288042,0.5551094386077399,0.5415337370268571,0.5013937766511952,0.36360083435495827,0.31362443441715937,0.1916256418853438,0.14381279415304649,0.07621190403155202,0.06585445480966111,0.05381181557782537,0.049772048772016776,0.03882863871417214,0.03635232418422997,0.027122675183822498,0.025450887003712095,0.0033559065357783562,0.0007022169732886864,4.3520051014046384e-05,1.3792582753924348e-06,1.6361268314398795e-09,1.264154470699991e-21,0,1621.0918629190164,0.18418688230008987,1,0.5561545372866128,5
619,6448,0.0,0.0,0.0,0.0,0.0,0.0,0.0,0.9998537039027242,0.9936015635048697,0.9684989354236184,0.9585308788269126,0.9326144498419888,0.9286343068592255,0.9239082995810242,0.9223742948168124,0.9178760076356345,0.9164165508056286,0.9113030398805121,0.909700687950001,0.904455872733524,0.9023729800865745,0.8998288454098107,0.8969437028471695,0.8880960693783373,0.8523907768051502,0.8367268560776153,0.7874461496657779,0.7604546659819982,0.7045592623657421,0.6924172117513049,0.6761384449535133,0.6700133802513649,0.6510872420716426,0.6462053329261938,0.6251634750960033,0.6207324784071755,0.4961441446839603,0.4181312863659006,0.3094889395442424,0.24034069739438887,0.1475865570564029,0.020082531239753065,0,2566.7069647652165,0.24258760107816713,2,0.5570530098831986,5
620,9708,0.0,0.0,0.0,0.0,0.0,0.0,0.0,0.9999138882574309,0.9962122681367193,0.9811859497045363,0.9751481077050103,0.9592405907719953,0.9567607094119036,0.9537841588337883,0.952808036153131,0.9499163346932166,0.9489706466606131,0.9456324575826026,0.9445766959699514,0.9410888589533877,0.9396907213916588,0.9379739745468095,0.9361234081514885,0.9304296618773967,0.9071894695320787,0.8967572311699983,0.8630048590697735,0.8439310562157871,0.8031561622844856,0.7940441249239556,0.7815960661586189,0.7768305944203656,0.7618389952488966,0.7579023028465599,0.7406218909276316,0.7369145224050594,0.6279053112451536,0.5547882606804068,0.445015718219982,0.3309264413354851,0.18532421603146115,0.016674563164613545,0,234.26263171225932,0.04941599281221923,0,0.5579514824797843,5
621,8384,0.0,0.0,0.0,0.0,0.0,0.0,0.0,0.9992238060933175,0.9664183721295065,0.8429213162092919,0.7973822313881124,0.6876745417683305,0.6718822935829474,0.6534090018954238,0.6474680158284719,0.6301762112159752,0.6246163544124236,0.6053566488016202,0.5993928065443758,0.5801126442468428,0.5725608524597928,0.5634329057709255,0.5545172563626685,0.5278070739140529,0.4301184536584035,0.39178959010443787,0.28787393122490684,0.24077282989650553,0.16237240182094845,0.1483483728141356,0.13098510559797824,0.12485318500286721,0.10724584069669565,0.1030194638203156,0.08621525195849299,0.08295531097517739,0.024411726764421812,0.009525025352639053,0.001797695769935523,0.0002241559184043444,3.82301221060865e-06,1.773174361426936e-13,0,5402.63841184391,0.3477088948787062,3,0.5588499550763701,5
622,10343,0.0,0.0,0.0,0.0,0.0,0.0,0.0,0.9992348914076168,0.9668895893473756,0.8451212744388884,0.800238284003891,0.6921208946002393,0.676559394961792,0.6583785318771926,0.6525368414996797,0.6355512708277669,0.6300975578388424,0.6112300009773134,0.6053949408472676,0.5865534367587785,0.5791816170791565,0.5702678204024424,0.5575210019765932,0.51974163804721,0.38806155871957987,0.33934009689975153,0.2172219744757589,0.16742352072637612,0.09391437213409502,0.08217944329443173,0.06828482268142749,0.06355178608240909,0.05052920468577545,0.047536155234343416,0.03620548417906062,0.03412583161054563,0.005194974871386867,0.0012153128417109146,9.194215099694197e-05,3.635894035104862e-06,6.612658102470053e-09,2.938666703168979e-20,0,601.471376690279,0.10512129380053908,1,0.559748427672956,5
623,452,0.0,0.0,0.0,0.0,0.0,0.0,0.0,0.9990612134949172,0.9593342111243975,0.8119530207303782,0.7586108046396588,0.6326118807564624,0.6147801338009158,0.5939809054899644,0.587300593089223,0.5679092698212915,0.561695026614964,0.5402509100638664,0.5336372640293429,0.5122482980051537,0.5038292496288697,0.49358317410802166,0.478755778195339,0.4356878901728751,0.29474867749920813,0.24652050415309862,0.1364438215370611,0.0967479504141229,0.045244050227104364,0.03799128153988667,0.0298434867908654,0.027186562695777235,0.020210917040682116,0.018682257789685557,0.01317375454843712,0.012211605864288893,0.0010913908574595346,0.0001691396285224246,6.145975573605128e-06,8.69138243477882e-08,2.09717598958448e-11,2.0652086695336e-26,0,515.380402930403,0.09254267744833783,0,0.5606469002695418,5
624,2641,0.0,0.0,0.0,0.0,0.0,0.0,0.0,0.9993174119741073,0.9704987007580886,0.8613386252320492,0.8207887526039033,0.7222419569729654,0.7079473785231312,0.691235449588412,0.6858689987441348,0.6702917865962195,0.6652925669049675,0.6479929925760929,0.6426327553037354,0.6252602424329837,0.6184313616938825,0.6101580195443751,0.5990850311333156,0.5659773590075607,0.44659154698899095,0.40052089684543,0.2787855651887899,0.22560042395928476,0.14094768456761428,0.1264313841056837,0.10871756494615421,0.10253646595579631,0.08510987671471641,0.08100363098167387,0.06501882114393677,0.06198669661953026,0.013541327036690268,0.004183131804634992,0.0005179862307939284,3.735820666541e-05,2.1894445861068492e-07,1.2216121140642833e-16,0,2326.8230631406145,0.22461814914645103,2,0.5615453728661276,5
625,2945,0.0,0.0,0.0,0.0,0.0,0.0,0.0,0.9990765512540566,0.9600668428449918,0.8153591686830595,0.7629641156511586,0.6391005126446528,0.6215616532941017,0.6011327849819326,0.5945819687557367,0.57559347074531,0.5695093844368326,0.5485156252443466,0.5420405079038809,0.5211921203185186,0.5130619940358507,0.5032618369907168,0.4893460104706077,0.44863744932156363,0.3129305563846833,0.26539285092217557,0.15377561919659022,0.11196505344489072,0.05550262981716806,0.04723079679415193,0.03778757793920471,0.03466953638009514,0.02637064434508067,0.024526071403796205,0.017777092728592857,0.016578479752873885,0.0018008620930124617,0.0003252524145193806,1.5584205863759814e-05,3.613057965734995e-07,2.3002080102575604e-10,1.3008894587529324e-23,0,3156.448894968544,0.2650494159928122,2,0.5624438454627134,5
626,4705,0.0,0.0,0.0,0.0,0.0,0.0,0.0,0.9992816498879286,0.9688679929336569,0.8537472949631612,0.8110494613657248,0.7074446801235942,0.6924143207830451,0.6747790447764693,0.6690934522390873,0.6525285182180166,0.6472003253359231,0.6287327824650227,0.6230107009598763,0.6044993885919474,0.5972423146089344,0.588467883411752,0.578340914924965,0.5482358641235808,0.43960054738807636,0.3975242898543832,0.28524773698712047,0.23536590784545014,0.1541186736466829,0.13987302248374509,0.12239384608381798,0.11627692804939152,0.098879772786511,0.09474293390069284,0.07844900166060817,0.07531812241930709,0.02074465491686302,0.007684839037068099,0.0013157594463677413,0.00013634566762888128,1.6219584374626416e-06,1.697253096039159e-14,0,3204.644139138458,0.2686433063791554,2,0.5633423180592992,5
627,2512,0.0,0.0,0.0,0.0,0.0,0.0,0.0,0.9993015261586273,0.9697371221191553,0.8576593044546651,0.816009923480582,0.7148267797108292,0.7001569030218128,0.6829649562948765,0.677429986627245,0.6613257659145333,0.6561527144762717,0.6382446299541426,0.6327023832477148,0.6147924009303414,0.6077784203413018,0.599310190579015,0.5886929877500763,0.5571268338348782,0.44356686904058784,0.39976496634216496,0.283575779668133,0.23221538466364466,0.14919733239604036,0.13474970011099413,0.1170180477119754,0.11079353425415403,0.09307021272015666,0.08885286177796099,0.07228524962537113,0.0691220170007159,0.016665549534967548,0.005567586220383061,0.0007954207208267735,6.723054500985687e-05,5.363190638168938e-07,1.066532943481209e-15,0,24651.46813709094,0.5417789757412399,5,0.564240790655885,5
628,2866,0.0,0.0,0.0,0.0,0.0,0.0,0.0,0.9993683485674905,0.9726478269202654,0.8707910685193849,0.83268270292525,0.7393955871028768,0.7257811600999686,0.7098290155480508,0.7046973598185255,0.6897786344169871,0.6849901999447615,0.6684225787909901,0.6632975470415055,0.646741594399419,0.6402588420075149,0.6324398282819333,0.62508179880815,0.602938439649943,0.5194133374736426,0.4852952219965641,0.3878682217939776,0.3406557422757585,0.2558932771855447,0.2396495874770674,0.2189356094081859,0.21143275127698782,0.1892713018339037,0.1838007802649734,0.16137996321994533,0.15689242017172403,0.06402371063519173,0.032113190876691254,0.009436800367467411,0.0022987609381693763,0.00014537379063825294,1.5525561492495094e-09,0,115313.85010435843,0.6900269541778976,6,0.5651392632524708,5
629,7799,0.0,0.0,0.0,0.0,0.0,0.0,0.0,0.9998165971859158,0.9920353243051971,0.9611121831094384,0.9489634905669828,0.9176767687352512,0.9129110975593566,0.907275580041791,0.9054533385881125,0.9001299952848999,0.8984131803704469,0.8924379781299826,0.8905775490279586,0.8845099125701829,0.8821082269907655,0.8791916637766424,0.8765128490502251,0.8683184819511607,0.8352194037029262,0.8205382337924549,0.7738047231173275,0.7477937795144279,0.6930838346919976,0.6810230334475352,0.6646212410730384,0.6583619698497805,0.6387552445741536,0.6336287211276359,0.6112353702685155,0.6064357743297757,0.4706724341962931,0.3862839839550725,0.27092368777846454,0.147173856753933,0.04483347797053776,0.00032995401932665104,0,10983917.078312092,0.903863432165319,9,0.5660377358490566,5
630,6445,0.0,0.0,0.0,0.0,0.0,0.0,0.0,0.9999047305574053,0.9958238843610662,0.979328824927034,0.9727298020167886,0.9554197854792027,0.9527404393810008,0.9495463246175913,0.948505894358625,0.9454443257945252,0.9444497825444456,0.9409627174929687,0.9398673659228608,0.9362706922849855,0.934837672445354,0.9330886886547204,0.9310050523295405,0.9245829519791946,0.8983793664386932,0.886602025934303,0.84855485802008,0.827112363932902,0.7814372958776704,0.7712593274593508,0.7573602958134982,0.7520393335277983,0.7353230028117873,0.7309401141627249,0.7117340615644113,0.7076201777134721,0.5880925819949882,0.5104610548278129,0.3978064179758981,0.31372943300308503,0.1978688013600289,0.02965980368851459,0,51388.66729646396,0.61455525606469,6,0.5669362084456424,5
631,2709,0.0,0.0,0.0,0.0,0.0,0.0,0.0,0.999137917813552,0.9627037932538001,0.8266753314324975,0.7770175552965429,0.6586417937039813,0.6417564467776464,0.6220424317177757,0.6157094864974862,0.5973229602318697,0.5914294703724509,0.5710815958829228,0.5648020877399857,0.5445705686732345,0.536672226751198,0.5271393156797948,0.513541734496341,0.4736819806868015,0.3387775654543764,0.29061106496337236,0.1748875963302949,0.13018591622956052,0.06778755052906836,0.05834397254147061,0.0474211718259687,0.04377305414858859,0.03393817591049893,0.03172347152089393,0.0235090122439165,0.02202868798759583,0.0027812172260717805,0.0005635359463593043,3.30626114889101e-05,9.617686040662501e-07,9.570491966043864e-10,3.4073731202824807e-22,0,928526.7885550696,0.8014375561545373,8,0.5678346810422282,5
632,1971,0.0,0.0,0.0,0.0,0.0,0.0,0.0,0.9992355368162473,0.966864602214486,0.8448200183324568,0.799754520017941,0.6909252816577127,0.6752172037109752,0.6568070620708459,0.6508755194424515,0.6336049622271466,0.6280533368379526,0.6088265158882945,0.6028741609490977,0.5836350469449102,0.5761007261137251,0.5669942364598548,0.5575738561000102,0.5296001018495956,0.428368669354703,0.3886369325649618,0.28123092322194687,0.23286556529614863,0.153192561936642,0.13906835435994438,0.12157575539487776,0.11539060462210143,0.0976482047394987,0.0933953385902072,0.07655059702864887,0.07329875237773555,0.01831087110188308,0.006257565470376842,0.0009230000681647042,7.69488106100135e-05,5.971907691129573e-07,1.0567969121572398e-15,0,96205.79456917771,0.6729559748427673,6,0.568733153638814,5
633,1693,0.0,0.0,0.0,0.0,0.0,0.0,0.0,0.9999185789985834,0.9964546235659352,0.9825303828341904,0.9769924883580183,0.9625480538792007,0.9603255614005102,0.9576950656647867,0.956844489510403,0.9543598638899705,0.9535586312974849,0.9507696686679911,0.9499013914049568,0.9470775687704004,0.9459631646713728,0.9446144341218258,0.943492403574732,0.9400495823622047,0.9259766866510163,0.9196430718954874,0.8990798567354971,0.8873880808933304,0.8621705979982092,0.8564967883504713,0.8487477805970527,0.8457842083026614,0.8364625548364298,0.8340160195708631,0.8232734825455983,0.8209634209271702,0.7507526200364821,0.7007240819493903,0.6199382155214517,0.5411168313884266,0.41533552885818764,0.1394227254886798,0,245.52145342095093,0.05211141060197664,0,0.5696316262353999,5
634,3826,0.0,0.0,0.0,0.0,0.0,0.0,0.0,0.9995956315281507,0.9825437479312107,0.9164412707598106,0.891189773472853,0.8280034263424972,0.8186183451314402,0.8076333592638624,0.8041108472485109,0.7939035319233122,0.7906379612261383,0.7793678913476904,0.7758896529137843,0.7646764785115125,0.7602922035954021,0.7550262322316823,0.7522772412898928,0.744108802974612,0.7121947987198521,0.6985042206231257,0.6563585327597604,0.6337638562425627,0.5879700608321174,0.5782340545646708,0.5654582725992653,0.5607531806165352,0.5465122055975956,0.5429135722079143,0.527705391053484,0.524563442410805,0.4363930404009767,0.3803388131153899,0.3002297244710851,0.2682055659265413,0.21633928166195887,0.09077668267915538,0,408.43607843137255,0.07996406109613656,0,0.5705300988319856,5
635,10692,0.0,0.0,0.0,0.0,0.0,0.0,0.0,0.9996977013730222,0.9869508626969495,0.9370968572348144,0.9178525173568598,0.8691704357533047,0.8618745477116576,0.8533253722316597,0.85058336268011,0.8426411468372049,0.8401055692820929,0.8313710198252251,0.8286801102629366,0.8200200148432965,0.8166391043484825,0.8125886454513377,0.8104165674574042,0.803913785912389,0.7781843504112452,0.7669942192533931,0.731999009939313,0.7129027065531316,0.6734626552795978,0.6649545008357778,0.6537030172102268,0.6495312280935269,0.6368151188300016,0.633579783725298,0.6198177709020762,0.6169540160181421,0.5346515815948715,0.4802440510180918,0.39903720777058044,0.3576412165584244,0.2897888402539844,0.12298606777448572,0,2221.283302411874,0.21922731356693623,2,0.5714285714285714,5
636,5406,0.0,0.0,0.0,0.0,0.0,0.0,0.0,0.999254918920767,0.9677436529485889,0.8488629489914348,0.8049355274857303,0.6988496434063075,0.6835332708101264,0.6656073724120362,0.659832621385616,0.6430141542362132,0.6376064135305171,0.6188711917293153,0.6130687717196289,0.59430631384278,0.5869549730820961,0.5780700651028864,0.5676489442057041,0.5364417596747617,0.4237695278321041,0.38023046329391,0.26502179798703773,0.2146082561556977,0.1342489611676056,0.12045151063822453,0.10360433551132621,0.09771680570181196,0.08104554251764055,0.07710117886836143,0.06169984063500039,0.05877211016813865,0.012433788175605254,0.003736263088598953,0.0004382059009895672,2.687642530120834e-05,1.1496741951824595e-07,1.766496215242488e-17,0,76845.85926733237,0.6522911051212937,6,0.5723270440251572,5
637,7008,0.0,0.0,0.0,0.0,0.0,0.0,0.0,0.9998306455347982,0.9926207311693546,0.9638378981310963,0.9524768895674764,0.9230823849996458,0.9185880690752599,0.9132665097996927,0.9115437191808626,0.906504930686519,0.9048779283114164,0.8992082138157838,0.8974411825489254,0.8916885059574616,0.8894124432650597,0.8866497520998119,0.8847133908173261,0.8789041766306936,0.8558088232118548,0.8457101257705749,0.813919608044694,0.7964382442072074,0.7599712436230538,0.752010036793175,0.741391037451572,0.7374283084646664,0.7252699943627404,0.7221565965055657,0.7088192649212988,0.7060264618691849,0.62457733168281,0.5694062095127702,0.48482407441520947,0.437189249258996,0.35781128714475574,0.15707377506104725,0,717.585426205582,0.12129380053908356,1,0.573225516621743,5
638,3016,0.0,0.0,0.0,0.0,0.0,0.0,0.0,0.9993003228703166,0.9696806944310975,0.8572919399310941,0.815492651739834,0.7138405469588374,0.6990845243638862,0.681785491506081,0.6762138406903441,0.659996620845437,0.6547785221932296,0.6366783764295711,0.6310656342145818,0.6128900446853993,0.6057391940369765,0.5970653534193361,0.5861383673400711,0.553434933620981,0.4356167769827591,0.390211673192377,0.2704119642606102,0.21820240920319545,0.1353867140192362,0.1212328877164702,0.10397719275078163,0.09795708886213202,0.08096825408299724,0.07697763835720663,0.06149354568970231,0.05856634335569544,0.01239510239786148,0.003738356820748861,0.0004439889609166082,2.9670486171437193e-05,1.5001596926893765e-07,4.5635975161923264e-17,0,7747.717596336286,0.3962264150943396,3,0.5741239892183289,5
639,6973,0.0,0.0,0.0,0.0,0.0,0.0,0.0,0.9999457976861424,0.9976351269911236,0.9883060207578392,0.9845758237769517,0.9747932528252914,0.9732783173746107,0.9714717392753657,0.9708829467203937,0.9691494441327071,0.9685859144060489,0.966608308022509,0.9659875850567713,0.9639349631074784,0.963111226566466,0.9620990468947962,0.9609795642636489,0.9575434067694509,0.9434911062932239,0.9371635703783474,0.9166083394456147,0.9049215441587063,0.8797237940486773,0.8740567696327257,0.8663217452900895,0.8633664401427925,0.8540805352873103,0.85164594351934,0.8409666820818641,0.8386773441304052,0.7693698142812839,0.7201107185925797,0.6405543239258946,0.5395233343482607,0.3858506432817046,0.09610535716298947,0,inf,0.9802336028751123,9,0.5750224618149147,5
640,2989,0.0,0.0,0.0,0.0,0.0,0.0,0.0,0.9991525728154398,0.963321557699796,0.8293965843237825,0.7804658816881592,0.6636917643336124,0.6470122447404365,0.6275379600920448,0.6212827761345221,0.6031234115208329,0.5973029522347946,0.5772067069800513,0.5710045587575183,0.5510205508251103,0.5432113050516391,0.5337870213943524,0.5208793812399796,0.4829022907928794,0.35274634699233465,0.30556056329575704,0.18994083053748495,0.1440800369211356,0.0782123418989807,0.06796401305737743,0.055975758776413684,0.05193415216551047,0.04092485910758255,0.03841931535970954,0.029020728994515545,0.027306435594565127,0.003934264349712109,0.0008826581036544362,6.205820160770238e-05,2.2227067724824707e-06,3.316682198770826e-09,6.374560938613215e-21,0,4193.074672286318,0.3081761006289308,3,0.5759209344115005,5
641,4857,0.0,0.0,0.0,0.0,0.0,0.0,0.0,0.9999127109039291,0.9961483811234952,0.9808205795144016,0.9746429423424612,0.9583189097194932,0.955773935266384,0.9527194924317618,0.9517178823224388,0.9487508403840571,0.9477805668200833,0.9443559302509217,0.9432748546090035,0.9397088267045556,0.938279434169887,0.9365243796867059,0.9343470744495547,0.9276537546041465,0.9003932818130365,0.8881510829654262,0.8485948954110041,0.8263039945910378,0.7788409152194853,0.7682665397124285,0.7538175892177527,0.7482821561875628,0.7308646381515587,0.7262905818102933,0.7062195912129684,0.7019143723195811,0.5771549507502678,0.4958015095730953,0.3775713186059035,0.2653963639409729,0.13336982368827477,0.007725469053419763,0,63653.32344421501,0.6298292902066487,6,0.5768194070080862,5
642,10528,0.0,0.0,0.0,0.0,0.0,0.0,0.0,0.9999332205542499,0.9970673035108369,0.9854324290489284,0.9807555484569807,0.9684269828564862,0.9665103812462844,0.9642205631056691,0.9634732526585666,0.9612700209074114,0.9605529450318796,0.9580337906093301,0.9572417823488658,0.954638856249715,0.95359818789087,0.9523237684196069,0.9508735428618948,0.9464178838237838,0.9282156468645496,0.9200323947903924,0.8935224103537696,0.8785065496388289,0.8462790490706787,0.8390586679122275,0.8292102281263628,0.8254482251554163,0.8136339828175195,0.8105379386474285,0.7969678946255419,0.7940608476535149,0.7071201133868814,0.6467703732350641,0.552239698139405,0.45979260316194753,0.321775940313994,0.07406340797325954,0,65245.198105610085,0.6316262353998203,6,0.577717879604672,5
643,3069,0.0,0.0,0.0,0.0,0.0,0.0,0.0,0.9989583819380702,0.954981766856151,0.7936453976962193,0.7360138601523969,0.6016995069041544,0.5829155963280078,0.5610855995832972,0.5540932555384246,0.5338497853096964,0.5273458112048828,0.5047625557106753,0.4977559778055627,0.47507598375955357,0.46618949560910816,0.45540857028882,0.44185960721482115,0.4026336534341846,0.27437614643700736,0.2304440621394726,0.12969244047901882,0.09300933258651128,0.04476061698282945,0.037865031508554484,0.03008461619245756,0.027539671164440716,0.020822691157135063,0.01933984877763642,0.013944280775448107,0.012991388804733045,0.0013752472385979266,0.00024447722359646084,1.1470999911756237e-05,3.823729148491876e-07,5.07471628875667e-10,6.60382252922747e-22,0,132407.9925623358,0.7008086253369272,7,0.5786163522012578,5
644,7230,0.0,0.0,0.0,0.0,0.0,0.0,0.0,0.999233305770122,0.96680961247049,0.8446742865310093,0.7996331882323097,0.6910939373397447,0.6754675955216433,0.657199256035289,0.6513194602420871,0.6341904192463866,0.6286813597908113,0.6095917071661702,0.6036786305917895,0.5845563098623011,0.5770636786877718,0.5680051948983146,0.55934734085439,0.5336320622773398,0.4389845167286632,0.4014440751842053,0.29847420077586073,0.2511804831027727,0.17144293986096862,0.15706424737553337,0.13920423628821438,0.13288020411311763,0.11466714197817543,0.11028240416567474,0.09279217441513082,0.08938775447382348,0.027296619422093504,0.010958359162879858,0.002175253271878902,0.0002794989279801207,5.055091361292781e-06,2.990968283657321e-13,0,6835915.283651107,0.876010781671159,8,0.5795148247978437,5
645,8110,0.0,0.0,0.0,0.0,0.0,0.0,0.0,0.9990153408054125,0.9575049904820647,0.8046225256561249,0.749723090168336,0.6210121150053667,0.6029205010354222,0.5819029300339096,0.5751774180342507,0.5557246164925419,0.5495127249077272,0.5281513286315206,0.5215859963581675,0.5005206745033445,0.4923324445239653,0.48248396274123756,0.4686443736863198,0.4282648554059852,0.2946218890346241,0.24827554403875499,0.1408178200515327,0.1012525527545011,0.04880586655289808,0.0412627977267705,0.03271445463673126,0.02990726585909896,0.022481406586582726,0.020841492359694645,0.014884936539529601,0.013837350143903948,0.001359931774957868,0.00022749086260207867,9.521718085093941e-06,1.903455424193492e-07,9.1003624784261e-11,1.5722510006307964e-24,0,1509.0860818188041,0.17969451931716085,1,0.5804132973944295,5
646,1837,0.0,0.0,0.0,0.0,0.0,0.0,0.0,0.9990888049451178,0.9608919835148384,0.8198864955107685,0.7689531584108005,0.6487027829587547,0.631703202995309,0.6119977249070094,0.6057131279098747,0.5875722335948758,0.5817906892344893,0.5619096741043734,0.555798315124766,0.5361828293083066,0.5285555974415848,0.519395115494578,0.5100961696594307,0.48228688022607497,0.3819073545964253,0.34310943349231765,0.240313679427237,0.19522086590718762,0.12308236870650602,0.11065148411250111,0.09545808732081841,0.09014507174971441,0.07508642762377894,0.07151983342588183,0.05757004753266384,0.054911559516905926,0.012130453640801982,0.0037703515623537256,0.00047002495260567515,3.029832994975783e-05,1.4353467947164226e-07,3.4082679065730264e-17,0,10925.009253315084,0.44743935309973043,4,0.5813117699910153,5
647,5288,0.0,0.0,0.0,0.0,0.0,0.0,0.0,0.9991978793656562,0.9652493961055881,0.8377408257501954,0.7908882658108735,0.6784253117902941,0.6622876620266145,0.6434277884857074,0.6373665572273944,0.6197613542832171,0.6141158380969235,0.5946116553669584,0.588588251711631,0.5691665590582368,0.5615794299289193,0.5524305177743122,0.5435248020400144,0.5169653552463911,0.42023221871822014,0.38234849293268647,0.27988513433004014,0.23358942275678743,0.1567945474325722,0.1431011442739597,0.1261709114734972,0.12019886163642729,0.10307223615375226,0.09896639643138462,0.08266302237829619,0.0795045477694954,0.023096094947418037,0.008923960337844703,0.0016557601094952686,0.00019914294623460415,3.166046553804882e-06,1.0987540501304905e-13,0,39101973.917082235,0.949685534591195,9,0.5822102425876011,5
648,5193,0.0,0.0,0.0,0.0,0.0,0.0,0.0,0.9992255580305603,0.9664929132569752,0.8433896240636978,0.7980664160914993,0.6890170281729783,0.6733203535224134,0.6549242174729388,0.6489949696923579,0.6317248113324729,0.6261713133074884,0.6069314353340297,0.6009730410033162,0.5817082422410647,0.5741615454289508,0.5650389118397464,0.556119115184442,0.5294992965313586,0.4322915983428816,0.3940993997575962,0.2903739885147789,0.24325397724500317,0.16462728076595995,0.150534038746191,0.1330868170479565,0.12692661734390337,0.109236993855088,0.10499041313699238,0.08809885919246581,0.08482026342044538,0.025491895264190777,0.010119807638264814,0.001973038883978091,0.0002594354837249678,4.9088417399411716e-06,3.502359787433101e-13,0,46388.626675817635,0.605570530098832,6,0.5831087151841868,5
649,8434,0.0,0.0,0.0,0.0,0.0,0.0,0.0,0.9992476802578539,0.9675078127829521,0.8480948671604139,0.8040910099183457,0.6980772788868752,0.6828204129942445,0.6649934954557583,0.6592664177372737,0.6426425904601036,0.6373154238202239,0.6189191706408557,0.6132399566140007,0.5949030689319925,0.5877210666436689,0.5790454613770513,0.5687986751023404,0.5382719096079305,0.42826496118682306,0.3857724924834927,0.27298536821877845,0.22329253703617463,0.14322561578380594,0.1293309231182392,0.11232863292492923,0.10638012814847814,0.08951961574103516,0.08552195453994846,0.06984223888028748,0.0668436132680305,0.016582518815559784,0.005667641540312284,0.0008443931392315348,8.210668145544275e-05,8.621887069623258e-07,5.378705791102289e-15,0,3510.728430793285,0.2839173405211141,2,0.5840071877807727,5
650,1363,0.0,0.0,0.0,0.0,0.0,0.0,0.0,0.9992736434663496,0.9685285034802333,0.8522604257898952,0.8091578901199382,0.7046731819929509,0.6895517435133309,0.6718380506719106,0.6661312478117041,0.6495160712171679,0.644165906604578,0.6255877355017576,0.6198208160390559,0.6011314901890226,0.5937924137708954,0.5849037963144079,0.5750910667078624,0.5457361729923313,0.43899789506893633,0.39733923686612505,0.28544660712814696,0.23543801090596436,0.15367069677020373,0.1392842533386333,0.12152976739388442,0.11527150111165758,0.09737308633379091,0.09310863746958127,0.07630584634605087,0.07307774368873488,0.018450228436363545,0.0063782885389190285,0.0009667631093596981,8.859150347681042e-05,8.26353749485322e-07,3.1160368003380603e-15,0,3492550.751523956,0.8544474393530997,8,0.5849056603773585,5
651,8450,0.0,0.0,0.0,0.0,0.0,0.0,0.0,0.9992823648814881,0.9689183024171166,0.854041925344823,0.811453312862285,0.7082416553703748,0.6933090666580136,0.6758393528149546,0.6702236110234957,0.6538994814624023,0.6486582822645415,0.6305236377751081,0.6249051219434006,0.6067207846799393,0.5995795425187821,0.5909225322589979,0.5780465361128903,0.5398239119347201,0.40596623569703927,0.35615183916611864,0.2304168182507694,0.17867809934019924,0.10156737027431346,0.08914414775376006,0.07438399029860361,0.06935877043740703,0.05551809574173812,0.05233270323669785,0.04024389558524312,0.03801165134698672,0.006173202330901694,0.0015167437896082174,0.00012499830236009326,5.435001541282951e-06,1.1862775859963593e-08,1.109110081634875e-19,0,4477.750156324078,0.31805929919137466,3,0.5858041329739443,5
652,1617,0.0,0.0,0.0,0.0,0.0,0.0,0.0,0.9999443592726998,0.997540489106393,0.9877071593401586,0.9837238556330038,0.9731423567537101,0.9714849843356194,0.9694915013030209,0.9688365675756978,0.9668928488659975,0.9662556223411894,0.9639997813561391,0.963285526277681,0.9609231111667977,0.9599743969279442,0.9588077480002821,0.9572803511192584,0.9525689938462086,0.9332573963465837,0.9245474506815173,0.8962513140573668,0.8801839760735449,0.8456344487576524,0.8378758161359081,0.8272568696023647,0.8231828248644514,0.8103350841643805,0.8069540826416653,0.792075913536088,0.7888759690986301,0.6933292809210708,0.6274618820640384,0.525291573663289,0.4206969559492512,0.2739173631505086,0.04718775811678051,0,193462.0640166114,0.7241689128481581,7,0.5867026055705301,5
653,7515,0.0,0.0,0.0,0.0,0.0,0.0,0.0,0.9991422508368982,0.9628639283725136,0.827237681282722,0.7776413478427082,0.6592336473231853,0.6423226734011802,0.6225606198584496,0.6162064478793854,0.5977419712092161,0.5918121766308315,0.5712987551305352,0.5649559050683571,0.544482431729496,0.5364776818483757,0.5268094037668317,0.5119204104301515,0.46848441079166875,0.32429556616949134,0.2740627342523972,0.15693063195869095,0.11346854135665178,0.05537667697609215,0.04695264082193532,0.037374464753170744,0.03422048246406892,0.02585177059859157,0.023997806408869688,0.017241065659073476,0.016046386857771076,0.00162962670793687,0.0002788206671770174,1.2097593815751072e-05,2.451851485781757e-07,1.2117984505255207e-10,2.466506011569693e-24,0,1390.7129014913237,0.169811320754717,1,0.5876010781671159,5
654,7540,0.0,0.0,0.0,0.0,0.0,0.0,0.0,0.9993351237941704,0.9711129531685461,0.8633130860820074,0.8228677831023533,0.7237357689532206,0.7092445298648868,0.6921580399058923,0.6866222464084162,0.6704162638385631,0.6651786609078947,0.6469389304286731,0.6412606617071811,0.6228058469710108,0.6155376645396058,0.6067126070837171,0.5949835816821732,0.5602880928811249,0.4371991486864981,0.39054275107566677,0.26930356883523676,0.21722593543664445,0.13539720333108368,0.12149718573726484,0.10465910268290624,0.09881842494784758,0.08237867338117823,0.07851038891033793,0.06345605802680135,0.06060003918445428,0.014065417454929424,0.0045755245729163126,0.000626611990379309,6.66568147622749e-05,8.44302449678937e-07,1.2038153100237676e-14,0,3188.0923628230053,0.2668463611859838,2,0.5884995507637018,5
655,366,0.0,0.0,0.0,0.0,0.0,0.0,0.0,0.9992676715527882,0.9682720750580988,0.8511265808808277,0.8077542557908374,0.7028033988140796,0.6876397660284029,0.6699007907928968,0.6641979898889354,0.6476288581000749,0.6423112130478786,0.6239178302580968,0.6182302687769813,0.5998668423794524,0.5926821415273739,0.5840128636973425,0.5755633621763794,0.5502168372960927,0.4565117659794104,0.41916407252882726,0.31599310825300253,0.2681755811722769,0.18677925367389464,0.1719165830960523,0.15335667043876303,0.14675628912737068,0.12765329775625509,0.12303164958200118,0.10449624738850659,0.10086801057184218,0.03287189811988925,0.013891469834471891,0.003026820267619679,0.0004715016267448192,1.2453686762784122e-05,3.5759144825114345e-12,0,2444704.783617432,0.8355795148247979,8,0.5893980233602875,5
656,9036,0.0,0.0,0.0,0.0,0.0,0.0,0.0,0.9992958288541475,0.9694859990737695,0.8564113910666115,0.8143741003249272,0.712233269135274,0.6974217463747387,0.6800691277044227,0.6744836744029599,0.6582360847592916,0.6530181049075294,0.6349534022668434,0.6293611220477454,0.6112847837938234,0.6041982978987849,0.5956312081484185,0.585026535446957,0.5535128060911227,0.4402459431681554,0.39660248132446935,0.28095573131611823,0.2298873634619558,0.1474623739651492,0.133137233791573,0.11558495014950576,0.10943488874226132,0.0919515785632048,0.08779763218231061,0.07148250695006472,0.06835877799528567,0.016459888940605703,0.005493877185365593,0.0007839265716404065,6.028114778186241e-05,3.997098755363063e-07,3.692333856932416e-16,0,8095.558743335536,0.4052111410601976,4,0.5902964959568733,5
657,6512,0.0,0.0,0.0,0.0,0.0,0.0,0.0,0.9999530019498388,0.9979235364038914,0.9896194942741077,0.986254322587323,0.9773105889526658,0.9759093195294044,0.9742203616062641,0.9736639886734046,0.97200836929839,0.9714644967396164,0.9695359534864572,0.9689243157758574,0.9668979900898061,0.9660833567425884,0.9650805889449455,0.9639190022553333,0.9603270301403393,0.9455331802707523,0.9388252356332685,0.9168899769453025,0.9043395695723955,0.8771199014353046,0.8709609035950636,0.862497072678094,0.8592409198809455,0.8489407516281717,0.8462220243770985,0.8342184714435859,0.831628229953751,0.7530558276782955,0.697394630664926,0.6082228547562217,0.510241812004864,0.3634032807123571,0.09045546713241878,0,2434.8824987408525,0.23270440251572327,2,0.5911949685534591,5
658,2911,0.0,0.0,0.0,0.0,0.0,0.0,0.0,0.9991633260679024,0.9637916945831906,0.8314719715149526,0.7830759911686435,0.667451267342838,0.6509303418021022,0.6316555882965703,0.625469751812056,0.6075272051791613,0.6017813395716146,0.5819619105848168,0.5758513672455111,0.5561813482663783,0.5485103514646371,0.5392742572300567,0.5293084020765512,0.49981745479580564,0.39460666252473275,0.3544002051833604,0.24879634648525858,0.2027855071959982,0.12936091401104566,0.11672734198111075,0.10135663682263588,0.09600729812209653,0.08083087474541295,0.07723136142691678,0.0631083697988968,0.06040647415811181,0.01503449729949282,0.005139437848613521,0.0007627586241103793,6.788203881096754e-05,5.985491927518563e-07,1.7977588565069184e-15,0,9573.09179838738,0.43126684636118595,4,0.5920934411500449,5
659,3036,0.0,0.0,0.0,0.0,0.0,0.0,0.0,0.9992261016790819,0.9664882185007684,0.8432697552016123,0.7978723021065561,0.6885808471396774,0.6728357721463246,0.6543782352915323,0.6484299019405552,0.6311061531416243,0.6255360623690538,0.6062410423964945,0.6002663114624739,0.5809510961949504,0.573385638664311,0.5642412223256955,0.5556038145131295,0.5300019731406974,0.43631612606390324,0.39935198114824927,0.29830720641877606,0.2519810822851691,0.17381222663027762,0.159652143331567,0.14204293440620902,0.13579226469265301,0.11773535525219966,0.11337496491321308,0.09592402086104712,0.09251553253976597,0.02934721773455343,0.012131513585344979,0.002536296130521457,0.0003690144023061403,8.5101960350132e-06,1.379737988605328e-12,0,51675280.107850686,0.9568733153638814,9,0.5929919137466307,5
660,1665,0.0,0.0,0.0,0.0,0.0,0.0,0.0,0.9999147185837539,0.9962856799482762,0.9817001475094501,0.9759001191130684,0.9607745867680386,0.958447518172366,0.9556926957379135,0.954801994035716,0.952200805727362,0.9513621927171313,0.9484438616945182,0.9475355422503171,0.9445824954695817,0.9434179086569047,0.9420112668703277,0.9410537159429956,0.9381314458005925,0.92622476931599,0.9208778690018387,0.9035452390384592,0.8937069212599248,0.8725185286664952,0.86773725785859,0.8611948750034059,0.8586895587846904,0.850798671846463,0.8487228700957412,0.8395706604856642,0.8375984470294093,0.7772363463852644,0.7336829217169992,0.6622818087076605,0.5916280195160215,0.4748123919438093,0.1911983312387005,0,96130.3024568308,0.6720575022461814,6,0.5938903863432166,5
661,9859,0.0,0.0,0.0,0.0,0.0,0.0,0.0,0.9992832941989644,0.9690074745359825,0.8546171983008919,0.8122598597698564,0.7097143551168711,0.6948791030951714,0.6775226986126548,0.6719417743867397,0.6557123851391387,0.6505018511312073,0.6324738060140669,0.6268925062870983,0.6088486156306994,0.6017794070423211,0.5932391313104073,0.5832351601816702,0.5534487253327424,0.44559891786638717,0.4036644384500161,0.29127020152420097,0.2410705524135345,0.1588610181491202,0.14437488209107097,0.12650876172527462,0.12020060401165882,0.10211736310801135,0.09778070430751873,0.0805653861513934,0.0772333639712523,0.02000987148546927,0.007023030095044327,0.001083372474570992,8.89129370288553e-05,6.701743378774878e-07,1.0569938380988055e-15,0,522.6204520419358,0.09523809523809523,0,0.5947888589398024,5
662,2226,0.0,0.0,0.0,0.0,0.0,0.0,0.0,0.9992522120233487,0.9675413655725054,0.8477074144185568,0.8033814025672573,0.6962485927768702,0.6807832080276358,0.6626779431649725,0.6568520459343381,0.6397869718203341,0.6342619140535685,0.6149790187033207,0.6089634937326485,0.5893643729716022,0.5816110286294064,0.5721474152601587,0.5602618737721763,0.5250742641170776,0.40128802255977297,0.3548802412869986,0.2362747230878494,0.1865347526164146,0.11062800849528676,0.09811115301292447,0.08311629922416468,0.07796078906831556,0.06360975413381784,0.0602712213040378,0.04744691532819976,0.045047699517443425,0.008651290282245268,0.002424640351031773,0.00025348465747650185,1.4080997026491875e-05,4.9193926255952565e-08,3.12219328294241e-18,0,10641.203677260186,0.4420485175202156,4,0.5956873315363881,5
663,7978,0.0,0.0,0.0,0.0,0.0,0.0,0.0,0.9999100924335801,0.9960871136167796,0.9807443509766002,0.9746491679468889,0.9587738898668711,0.9563348602716266,0.9534505445377939,0.9525186253604515,0.9497984929387316,0.9489219909543747,0.9458734235136252,0.9449250721126886,0.9418339794079424,0.9406107262037539,0.9391280169059316,0.9380332431314822,0.9346924127685294,0.9210859723138978,0.9149699325072722,0.8951351667177876,0.8838763465782266,0.8596387713103413,0.8541954231336909,0.8467524821179457,0.8438970350270338,0.8348881214599738,0.8325165039892076,0.8220714459580105,0.8198230815312907,0.7514386545290288,0.702637492632632,0.6241154997638505,0.549092875404658,0.4277596315927543,0.1523095788392111,0,15385.524745768069,0.4914645103324348,4,0.5965858041329739,5
664,3757,0.0,0.0,0.0,0.0,0.0,0.0,0.0,0.9992759573783073,0.9685981435475567,0.8524596730079592,0.8093845806816332,0.7049799150057581,0.6898720928243662,0.6721742188252326,0.666474086231269,0.6498660054961384,0.6444789317960657,0.6256471714467688,0.6197627492449607,0.6005703555276646,0.5929863313078904,0.5837422869934106,0.5720094468662983,0.537500360291175,0.4162249450559366,0.37068290117824154,0.2534329782229637,0.2035770064546449,0.12597130559466602,0.11292101393021839,0.09721434423580397,0.09179816720164825,0.07659962513715027,0.07303359985445275,0.05918443862911873,0.056561889699216876,0.013503986313213198,0.004506627639204539,0.0006500724443561925,6.686431763190002e-05,7.81837683879246e-07,7.545172358952765e-15,0,2917.8606709617666,0.25426774483378256,2,0.5974842767295597,5
665,3025,0.0,0.0,0.0,0.0,0.0,0.0,0.0,0.9992452921263835,0.9673057871363032,0.8468432560242155,0.8023540961612171,0.694883850116691,0.6793751546492217,0.6611872330159911,0.6553231361642905,0.6382371823335719,0.6327411302927457,0.6136932735296524,0.607792095145723,0.5887047745086404,0.5812243815586687,0.5721795608737983,0.5635633853658369,0.5378599397284844,0.4436141978762446,0.40637760803589756,0.30440805215847416,0.25755219968497456,0.1782907646017374,0.16389972238503508,0.14598601377576378,0.13963348014071333,0.12129772450627377,0.11687338445587635,0.09917225606840101,0.095715554490712,0.031117801039466646,0.01312333860802245,0.002842632896776142,0.0004359074758462998,1.1141293900188248e-05,2.766725368097659e-12,0,7920783.0720966505,0.8867924528301887,8,0.5983827493261455,5
666,6971,0.0,0.0,0.0,0.0,0.0,0.0,0.0,0.9992578272308837,0.967784859267731,0.8486459343721275,0.8044817183789962,0.6975343258425063,0.6820676707619276,0.6639324032385095,0.6580878134510465,0.6410807201431394,0.6356219584977525,0.6167285169249282,0.6108804715646281,0.5919812962973952,0.5845807305569636,0.5756407358303423,0.5643982883757063,0.5310745753410243,0.4126820867333148,0.3677469533196706,0.2510955261233197,0.2011429395536221,0.12316657887891165,0.11003108716630298,0.09415240326315384,0.0886520416950376,0.07320957677425384,0.06958598697961199,0.05553997479919101,0.052887287884794035,0.011141464463829489,0.0033501269418397387,0.00039613984628676213,2.5679400935387e-05,1.215392932599167e-07,2.7363124109677568e-17,0,3824.208515262515,0.29559748427672955,2,0.5992812219227314,5
667,7387,0.0,0.0,0.0,0.0,0.0,0.0,0.0,0.9999550951359141,0.9980278431137917,0.9901621350225616,0.9869825792830044,0.9785529608237442,0.9772355587385925,0.9756559252448911,0.9751386268118168,0.9736083248071993,0.9731085711310028,0.9713468370880861,0.9707913677189399,0.9689618490604543,0.9682306128426081,0.9673357763658591,0.9664095394901415,0.9635661245837738,0.9519221440905364,0.9466706896321714,0.9295730797528894,0.9198223418699617,0.898706962755695,0.8939356790556247,0.8873922169707265,0.8848809459283776,0.8769537597476764,0.8748658992581155,0.8656711356405138,0.8636929494887824,0.803189372063337,0.7595256273631894,0.687883564552136,0.5975018751776267,0.45374841684923767,0.14505011278218638,0,330.64908786865306,0.0655884995507637,0,0.6001796945193172,5
668,8750,0.0,0.0,0.0,0.0,0.0,0.0,0.0,0.9993030046890975,0.9698269732682611,0.8581524391132553,0.8166748849718685,0.715957075811729,0.7013630188006604,0.6842893841992612,0.678793015139673,0.6627869706196672,0.657636258750011,0.6397741806789461,0.634236520145466,0.6163109273964148,0.6092789957621912,0.6007750764948105,0.5896516141479441,0.5564626477654828,0.43733760934183336,0.3915983100896703,0.2713018132796219,0.21894471991192727,0.13596057382767546,0.12182392705893554,0.10466061222767759,0.09869343354653916,0.0818757875587599,0.07791441169103515,0.06249939814116722,0.0595765231961714,0.012957582908877061,0.003989204445790302,0.0004909926239467667,3.5608187819301367e-05,2.1056462619434718e-07,1.2097952673851043e-16,0,16317.251523081164,0.504941599281222,5,0.601078167115903,6
669,1985,0.0,0.0,0.0,0.0,0.0,0.0,0.0,0.999241611116511,0.9671098885005902,0.8458428210343033,0.8010339293579795,0.6928584959394144,0.6772581397709243,0.6589811714655944,0.653094809078868,0.63596224356074,0.6304570185027306,0.6113972017153586,0.605498420357129,0.5864380301521885,0.5789756536333172,0.5699613171226011,0.5599931150291498,0.5304505609054446,0.42428337805100674,0.38333822884339236,0.2745108583707606,0.2264115240160293,0.14838060370206146,0.1347457789955077,0.11806561661412174,0.11223595473227642,0.09566759412785848,0.09173025883353667,0.07622368669795744,0.0732438792585693,0.020796452085818776,0.00793357457130113,0.0014514239446504161,0.00022608480860310183,6.023854246830928e-06,1.8598938653718175e-12,0,38652.570915849654,0.5831087151841868,5,0.6019766397124887,6
670,10289,0.0,0.0,0.0,0.0,0.0,0.0,0.0,0.9992584363344584,0.9677762913321241,0.8485743560092184,0.8043771588903808,0.6973295695149521,0.6818324835644933,0.6636413005611614,0.6577704238628236,0.6406350083278842,0.6351135552245603,0.6159456892578287,0.6099975096816297,0.590727187440088,0.5831614203550612,0.574001799488567,0.5605512012915674,0.5208950874920127,0.3842760620329972,0.3343954622695232,0.2110635657051092,0.16154499752369655,0.0894672220406129,0.07810661890424202,0.06474826853721076,0.0602255586440137,0.0478459438696434,0.045014541363739,0.03433600066957021,0.03237688200260127,0.004993912315823105,0.0011810021025874945,9.11958507048782e-05,3.429678016441134e-06,5.589339714689667e-09,1.5023691068462658e-20,0,18702.10221099485,0.5139263252470799,5,0.6028751123090745,6
671,8890,0.0,0.0,0.0,0.0,0.0,0.0,0.0,0.9991987505271054,0.9652352185287472,0.8374581393435088,0.7904174227607921,0.6772328957975737,0.6609533331462175,0.6418750822372126,0.6357264506257984,0.6178186661032558,0.6120606181038827,0.5921167791575777,0.5859421426315822,0.5659852264765939,0.5581711269266657,0.5487248841527443,0.5373817092200999,0.5039014780204929,0.3863087273779343,0.34225929639345154,0.22931969803153632,0.18160368159313592,0.10829856569576984,0.09613785023151908,0.08151885709258413,0.07647693044738825,0.06239993506430331,0.05911567262195577,0.04647198584537368,0.04410190532823519,0.008306869108716477,0.002284113755854919,0.0002290779855645455,1.063747153236575e-05,2.631811622405243e-08,4.0824237054485035e-19,0,14807.777545475163,0.4833782569631626,4,0.6037735849056604,6
672,4101,0.0,0.0,0.0,0.0,0.0,0.0,0.0,0.9992252479329177,0.9664518631458586,0.843111127390503,0.7976734968123025,0.6882973742151242,0.672565423728426,0.654180926484354,0.64827450010603,0.6311246924375282,0.6256184452770727,0.6065401800855426,0.6006311547910125,0.581523678351835,0.5740376026946086,0.5649876120218769,0.5564139124648085,0.5309450575918947,0.43732922635572197,0.4003059559212166,0.2989081323086906,0.25234731618598233,0.1737186411415925,0.15946577195335554,0.14172038412261595,0.13542485838902446,0.11725462521229141,0.11287076991686916,0.09534293938935516,0.09192287693538265,0.02883670640730648,0.011818906266002602,0.0024337613138798874,0.0003471857050198901,7.704046975559001e-06,1.0645039737184103e-12,0,7222038.357451637,0.8805031446540881,8,0.6046720575022462,6
673,10286,0.0,0.0,0.0,0.0,0.0,0.0,0.0,0.9990361910654387,0.9583575515991805,0.8081138174346244,0.7539913899665849,0.6267030483802866,0.6087604369448584,0.5878678251685943,0.5811653480849972,0.5617316588944559,0.5555108163068941,0.5340679607278033,0.5274621096362928,0.5062187813891461,0.49794562264369985,0.487981439266366,0.47332775870034677,0.4307465094954651,0.2913536237055464,0.24364286654789039,0.13477732110514343,0.09555318253666446,0.04468964509805857,0.03753003183431912,0.02948954807974172,0.02686918255779272,0.019991973917934582,0.01848528686882525,0.013055716356961128,0.012107172371263708,0.001099825043372696,0.00017305906250330918,6.491878141819646e-06,1.0575417881498735e-07,3.377199144365896e-11,1.0796335124666142e-25,0,66922.33034285734,0.6343216531895777,6,0.605570530098832,6
674,119,0.0,0.0,0.0,0.0,0.0,0.0,0.0,0.9992063078266789,0.9656271609252258,0.8394518500091478,0.7930603708653986,0.6816218992058689,0.6656217626274282,0.6469265133130662,0.6409199926177415,0.6234787997661929,0.6178874865499554,0.5985751950623949,0.5926123848829091,0.5733898543946283,0.5658817283976567,0.556830947061165,0.5475697361118634,0.5200736360186045,0.419806250964459,0.3804296410571749,0.27403971168812064,0.22621235008835164,0.1476612953727935,0.13379080727939296,0.11664902060476204,0.11059845067329657,0.09327715006413148,0.08913371933538171,0.07276098330013242,0.06961109302785395,0.01692254293962893,0.005657848455188361,0.0008014161690042109,6.195815996500068e-05,4.14948143277203e-07,3.98615340626624e-16,0,4146.389211768823,0.3054806828391734,3,0.6064690026954178,6
675,8280,0.0,0.0,0.0,0.0,0.0,0.0,0.0,0.9992043424911801,0.9655062389385407,0.838791981685452,0.7921740035227848,0.6801433179882177,0.6640505047102362,0.6452303379827609,0.639178050875388,0.6215718836241,0.6159170126388541,0.5963376946646095,0.5902779668377458,0.5706982053824088,0.563033333440112,0.5537416108825324,0.5398994027136484,0.4990940889698131,0.3597571148515142,0.30952590150598136,0.18796650883539814,0.14063527045891203,0.07402664299978019,0.06386693169685358,0.05207582946187136,0.04812642774023225,0.03744786498803231,0.03503605865050145,0.026064318948316283,0.024442585508698073,0.003164127995430454,0.0006536101072271761,3.968413711673237e-05,1.119803181087998e-06,1.0534472074606563e-09,3.0502441453933336e-22,0,7831.701094331484,0.398921832884097,3,0.6073674752920036,6
676,3209,0.0,0.0,0.0,0.0,0.0,0.0,0.0,0.9999158263536648,0.9962859943979033,0.9815023525434031,0.9755423369986282,0.9597884875534652,0.9573318040408166,0.9543833344760356,0.953416505354154,0.9505525877177556,0.9496160684484333,0.9463106475319559,0.9452672269957534,0.9418266546749917,0.9404500554650934,0.9387629481486665,0.936918702253836,0.9312679008528563,0.9083065292881,0.8980200941525752,0.8648604383368582,0.8461934361425711,0.8064285410065565,0.7975736272547584,0.7855311642586897,0.7809415587234874,0.7665120175107067,0.7627220188204085,0.7460802486136325,0.7425087568378801,0.6371527207261656,0.5660544814954451,0.4584811719626449,0.34797265146809564,0.2024612511890755,0.021219866816962234,0,397.30859112292933,0.07726864330637916,0,0.6082659478885895,6
677,9050,0.0,0.0,0.0,0.0,0.0,0.0,0.0,0.9991484479720233,0.9631462861797351,0.8286359603829951,0.7795143611731161,0.6623502636886289,0.6456308866643019,0.626121697978309,0.6198587916070033,0.6016875371631093,0.5958668121579997,0.5757711169378512,0.5695619564908018,0.5495248729831674,0.5416920796839654,0.5322339437866836,0.518511607639751,0.47829278371312267,0.34221671423027156,0.2936412741629331,0.17688153308020987,0.13172090506427447,0.06861706588051669,0.059058337186591335,0.04799710883310688,0.04430301300615102,0.034344945823525694,0.03210267621885594,0.023786664919409138,0.02228817438813583,0.002811236369853425,0.0005691901257998207,3.334974537474343e-05,9.346596133147593e-07,8.621507013798713e-10,2.2413180077103187e-22,0,100042.82944471322,0.6774483378256962,6,0.6091644204851752,6
678,5984,0.0,0.0,0.0,0.0,0.0,0.0,0.0,0.9999135452059732,0.9961688064156163,0.980842475201783,0.9746338689528051,0.9581456099553979,0.9555621348129797,0.952445760633403,0.9514186530916134,0.9483606794118175,0.9473556125555487,0.9437903274263898,0.9426592006168537,0.9389124373030081,0.9374066215992335,0.9355527542698534,0.9330738001139817,0.925433038854053,0.8943337979813661,0.8804274937649519,0.8357945725972713,0.8108398641648729,0.7581586126752802,0.7465126687373467,0.7306781999699749,0.7246393378823578,0.7057274761518453,0.7007840529453417,0.67919674255265,0.6745893427370356,0.5429453571983246,0.4590420262212336,0.34044110742786415,0.22517901816387442,0.10079853268723271,0.0036623874782388648,0,695.0835331690848,0.11859838274932614,1,0.610062893081761,6
679,5966,0.0,0.0,0.0,0.0,0.0,0.0,0.0,0.9991489583490369,0.9631641704369251,0.8287048103823098,0.7795972550298124,0.6624565661546858,0.6457306329214628,0.6261614269140906,0.6198670688272263,0.6015807464237075,0.595715605863304,0.5754523194728267,0.5691947823155856,0.549020888330571,0.5411421914260423,0.5316386499545717,0.5196418591983195,0.48413941273951594,0.36068993318969916,0.31512696208197355,0.20121330659830242,0.1548928864680947,0.08669228785429565,0.07582998789530572,0.06298513530520491,0.058614585037037946,0.0465997628865552,0.04384058071726397,0.0334016725331398,0.031482728207245084,0.004770034582478679,0.0011086960223740299,8.248452587118467e-05,2.6466758095105997e-06,3.1832419442034587e-09,2.49498065898479e-21,0,564.0348491375388,0.10062893081761005,1,0.6109613656783468,6
680,6919,0.0,0.0,0.0,0.0,0.0,0.0,0.0,0.9996226125866622,0.9836804455300255,0.9217316990716681,0.8980028695048968,0.8384587614227016,0.8295940104628038,0.8192149696339188,0.8158906175155747,0.806278324138042,0.8032075842451997,0.7926066932861441,0.7893339333842394,0.7787796958138457,0.7746514815810179,0.7696925812698285,0.76592934897191,0.7544569759884863,0.7088628549229075,0.6890098423387545,0.6272283852128376,0.5939327131477775,0.5265146196610999,0.5121295891672271,0.49289624731681414,0.4856628395787605,0.46336352933989267,0.4576158882891977,0.43288895063989286,0.4276901440899239,0.29093777900298007,0.21599147785208614,0.12709677974296293,0.0649205704360673,0.017497324160480117,7.500147062466539e-05,0,inf,0.9883198562443846,9,0.6118598382749326,6
681,8992,0.0,0.0,0.0,0.0,0.0,0.0,0.0,0.9993052032734565,0.9698653604410491,0.8581495649957952,0.8165647109525163,0.715264958314157,0.700529438421439,0.6832240784703784,0.6776407915606559,0.6613624027718314,0.6561226833590152,0.6379480772293381,0.632312419558867,0.6140664914485038,0.6069079464230661,0.59824847078406,0.5886401358010284,0.5598620226152029,0.4546510005020028,0.4133093064885522,0.30128227833130644,0.2506324095926967,0.1667339778871087,0.15179727799001735,0.13330705638659676,0.12677472143913363,0.1080319838592663,0.10353734990352009,0.08570551597951724,0.0822553057496685,0.022251238972170972,0.00811200033350074,0.001349905855033334,0.0001422022083046482,1.7464068671165972e-06,2.0864955409994034e-14,0,2726.476484139486,0.24707996406109614,2,0.6127583108715184,6
682,10041,0.0,0.0,0.0,0.0,0.0,0.0,0.0,0.9993028400591307,0.9698127811310029,0.8580613632416236,0.8165173243499633,0.7154466367170957,0.7007741099263086,0.683578785381149,0.6780426641080759,0.6619349139105843,0.6567606714323375,0.6388482454143875,0.6333045845608558,0.615389803152702,0.608373844027171,0.5999031510885658,0.58880704918337,0.555765334900631,0.43709044939653363,0.3914902808591216,0.2715153493821904,0.21934397933486702,0.13664767119777296,0.12251949515802182,0.10532126029430114,0.09934663192362808,0.08252905822287475,0.07857219534940467,0.0631843867002852,0.0602700356275636,0.013460112254152296,0.004245615338647543,0.0005468874329452822,4.143263625969921e-05,2.6708119314192923e-07,2.202361774438043e-16,0,14394.188351564935,0.4806828391734052,4,0.6136567834681043,6
683,3292,0.0,0.0,0.0,0.0,0.0,0.0,0.0,0.9997896372322742,0.9908083941195368,0.9549836166399788,0.9408570804721768,0.9043610314993502,0.8987845169615145,0.8921637519633776,0.8900137408323064,0.8836687454444316,0.8815906618416338,0.8742473616659235,0.8719267646092557,0.8642675511326154,0.8612009629399037,0.8574352387764297,0.8539052614487781,0.8432114891469855,0.8007703625251031,0.7822947114539588,0.7247413957670439,0.6935893620095779,0.6300521436392615,0.6164362919269312,0.5983018875593359,0.5915163800868175,0.570676858120853,0.5653331053396947,0.5424470490951554,0.5376560575070554,0.4066695862206857,0.32863389636786683,0.2260105531475835,0.16827248847281728,0.09539219532042928,0.009407198976730488,0,234.29988149105796,0.05031446540880503,0,0.6145552560646901,6
684,6529,0.0,0.0,0.0,0.0,0.0,0.0,0.0,0.9999204914868413,0.9965381589338829,0.9829453062491468,0.9775385245103639,0.963433191478111,0.9612624212515215,0.9586929861956237,0.9578621179149245,0.9554349574284126,0.9546522234052588,0.9519275287559511,0.9510792197472168,0.9483202086630981,0.947231327158169,0.9459152148998836,0.9449419647806185,0.9419622434584279,0.9297974861912268,0.9243281637617012,0.9065789411720487,0.896493595054519,0.8747522165291811,0.8698651745394166,0.8631923827600352,0.8606388370592386,0.8526014883764996,0.8504906932700017,0.8412123437971885,0.8392131996138739,0.7780569135606284,0.7338519761941552,0.6612533959069716,0.584263811411037,0.45922449398608955,0.17001744134690258,0,438.5433518370661,0.08355795148247978,0,0.6154537286612758,6
685,4971,0.0,0.0,0.0,0.0,0.0,0.0,0.0,0.9999544331137591,0.9979922510867899,0.989984699442456,0.9867481339879285,0.9781682926226307,0.9768275333724439,0.9752199361732825,0.9746934906594323,0.973136158912994,0.972627587565917,0.9708348078040767,0.9702695620407067,0.9684078848300952,0.9676638128968732,0.9667532827742391,0.9657658521732481,0.9627310532102251,0.9502961362676275,0.9446819965995867,0.926372160630235,0.9159172190719985,0.8932719079187843,0.8881574184178553,0.8811549408716529,0.878471704957696,0.8700051591294498,0.867773207574128,0.8579287246227071,0.8558056052221112,0.7905842189108309,0.7434301697351009,0.666082635056116,0.5659852000769562,0.4117441070562336,0.11016197708039406,0,6176.584928856198,0.3683737646001797,3,0.6163522012578616,6
686,9044,0.0,0.0,0.0,0.0,0.0,0.0,0.0,0.9992658031217712,0.9682076730369213,0.8508997709970226,0.807494630137293,0.702375894864084,0.6871660134631274,0.6693300104365522,0.6635775717692032,0.6468118219697812,0.641416438137513,0.6226957850224392,0.6168891632940527,0.5980856316447657,0.5907074725504257,0.5817776490042069,0.5687967329338954,0.5303045982297636,0.3960588175757727,0.3463579852519605,0.22172496707664952,0.17088010177764734,0.09599210063690848,0.0840663157292197,0.06997886165186443,0.06519078478518683,0.052032380595694434,0.049010872748265856,0.0375690145203008,0.035460482591315685,0.005632781866551689,0.0013605028882281663,0.00010876454922282762,4.628105933155437e-06,9.691435413514615e-09,7.654627875830463e-20,0,2637.4723413229826,0.24438454627133874,2,0.6172506738544474,6
687,5535,0.0,0.0,0.0,0.0,0.0,0.0,0.0,0.9992222433654195,0.9663239281809334,0.8425531114145984,0.7969742428141726,0.6873006274433815,0.6715312158860927,0.6531047605809559,0.6471834749564002,0.629956907362185,0.6244239207868963,0.6052768874070679,0.5993518928513907,0.5801941673682057,0.5726889133294089,0.5636159917419913,0.5550274757844766,0.5295312962565872,0.4360570143692094,0.3990964925008345,0.29789421277615236,0.25143710798073604,0.17300976966823944,0.1587977494902204,0.1411055016673618,0.13482948884456786,0.11671772096455967,0.1123484879863694,0.09488136824230645,0.09147360807114494,0.028653434789277208,0.011730461627873973,0.0024106926786814625,0.00034747837144978187,7.868455137573744e-06,1.1825977761211653e-12,0,3178672.5532160094,0.8472596585804133,8,0.6181491464510332,6
688,8015,0.0,0.0,0.0,0.0,0.0,0.0,0.0,0.9998365974821107,0.9928863830416053,0.9651504576153843,0.9542055886173888,0.9258935361413615,0.9215661340533507,0.916446429743967,0.9147903893554203,0.9099508334896722,0.9083894896058675,0.9029532518053938,0.9012604316392572,0.895753998983691,0.8935808345191459,0.8909520038639739,0.8892581187651468,0.8841448082076756,0.8636603420831542,0.8546320973256079,0.8259814900705928,0.8101113633980541,0.7768035356840276,0.7694990945801667,0.7597290074996065,0.7560681484935929,0.7447888838319124,0.7418886397572484,0.729412546776149,0.7267892366351458,0.6496394947495443,0.5968585794168537,0.5150876466458306,0.4661050763656409,0.3840679925467767,0.17335534452884727,0,65121.29110422647,0.6307277628032345,6,0.6190476190476191,6
689,2905,0.0,0.0,0.0,0.0,0.0,0.0,0.0,0.9992350421881228,0.9668086536287379,0.8444279203503854,0.7991972565334574,0.6899859244601804,0.6742319413371924,0.6557736150204111,0.6498281666856007,0.6325217119992519,0.626960010346025,0.6077033897606795,0.6017454951217003,0.5825008270054003,0.5749691453511107,0.5658733055133058,0.5535983879449696,0.5171526735353874,0.3894192423677932,0.3420175280156461,0.2224867187130041,0.17325742372781044,0.09963690596993961,0.08773027989703248,0.07357553295507373,0.06873918890108073,0.05536985117931072,0.05228156582977021,0.04051315578328045,0.038330478363073885,0.006572873829435962,0.0016852566464620694,0.00015001154180436832,7.027783960064711e-06,1.7661031933507595e-08,2.8801292463777737e-19,0,452274.1043548152,0.7628032345013477,7,0.6199460916442049,6
690,10568,0.0,0.0,0.0,0.0,0.0,0.0,0.0,0.999940480199912,0.9974033875176609,0.9871658713036764,0.9830750541396899,0.9723538538768768,0.9706970546128206,0.9687307341189202,0.9680932999928465,0.9662265819641557,0.9656230940025765,0.9635170805320248,0.9628578213255103,0.9606982696940012,0.9598398301898899,0.9587949583461888,0.9578971470475648,0.9551461313661916,0.9438998883943007,0.9388360828634886,0.9223742190276731,0.9130019005552186,0.8927535438270703,0.8881932661989554,0.8819725172741522,0.8795978984644971,0.8721393899168292,0.8701837630930066,0.8616031052834602,0.8597629814082929,0.803515115562679,0.7628257576512281,0.6958413206407649,0.6204791130000944,0.4965048763038558,0.19799404642152962,0,5140235.92048839,0.8661275831087152,8,0.6208445642407907,6
691,3176,0.0,0.0,0.0,0.0,0.0,0.0,0.0,0.9997540933235505,0.9892165459114204,0.9471662711936397,0.9305581913126229,0.887585280435945,0.8810043533760492,0.8731491756995509,0.8705836902786515,0.8630140528188932,0.8605514053854607,0.8519109484658712,0.8491998555387321,0.840315288239966,0.8367840340510934,0.8324773707606494,0.8285763025184127,0.8167651667430116,0.770083960935057,0.7498664771594952,0.6873275053120697,0.6538237630151417,0.5864130799158916,0.5721418163552594,0.5532769517097619,0.5462661019497864,0.5248863339664454,0.5194419417554218,0.4962879129329105,0.4914754502473241,0.36222417098586074,0.28729621080212736,0.19155113486173517,0.14289071067218925,0.08132034824433422,0.008157490447544899,0,4944.843203497044,0.3324348607367475,3,0.6217430368373764,6
692,8940,0.0,0.0,0.0,0.0,0.0,0.0,0.0,0.999000913394094,0.9568181025685691,0.8014642327408963,0.7456531993322297,0.6147753181843023,0.5963711916132761,0.574955912441035,0.5680939141318917,0.5482206571554684,0.5418664428403581,0.5199915812191984,0.513261444050057,0.4916472487718951,0.48324174011883153,0.4730864993060846,0.45813474375542956,0.414889704697761,0.27516662489501104,0.22810932652718804,0.12267707181766897,0.08557741303830435,0.038632899187921114,0.0321839731121989,0.025012979755288763,0.022695236328743994,0.016665981828741988,0.015357036092875942,0.010683934221036712,0.009875740298963686,0.0008105256504616639,0.00011805232315062876,3.867380928236849e-06,5.363150617650212e-08,1.2491169751723087e-11,1.0714129373893998e-26,0,9019.224664164834,0.4222821203953279,4,0.6226415094339622,6
693,8710,0.0,0.0,0.0,0.0,0.0,0.0,0.0,0.9990095777569464,0.9568655472759773,0.8005332076718183,0.7440496121478097,0.6110619191474882,0.5922864794272832,0.570306744121808,0.5632166349297565,0.5425502857019288,0.5359004985522147,0.5128731184638802,0.5057477714833588,0.4827420743668993,0.4737505060630487,0.4628636205501662,0.4482176770125418,0.4058818964391455,0.26917753104703124,0.22316111297016453,0.12008520392586383,0.08381279515496345,0.03788185161601901,0.03156744785659186,0.024544104157628276,0.02227356699708638,0.016365479362880016,0.015082459741391618,0.010500370486530844,0.009707526529595336,0.000800406154298542,0.00011697774759477066,3.854562288579342e-06,8.03810498400428e-08,4.3074485451499804e-11,1.3600702933940008e-24,0,4878.933224710373,0.3297394429469901,3,0.6235399820305481,6
694,6586,0.0,0.0,0.0,0.0,0.0,0.0,0.0,0.9996950049591637,0.986837645411873,0.9365826045900869,0.9171922820725136,0.8681560805412603,0.8608090494573633,0.8522006113034658,0.8494397483324007,0.8414388846190972,0.8388843046388916,0.8300850189526113,0.8273743911707262,0.8186515611089006,0.8152464553561648,0.8111672641346761,0.8090293814182429,0.8026286325658055,0.7772962582771801,0.7662753999450878,0.7318203412505694,0.7130545635820587,0.674362827648714,0.666013013771525,0.6549678743475961,0.6508717171899975,0.638383139250236,0.6352049680094433,0.6216889065566623,0.618879535710437,0.5380116381794794,0.4844040763556343,0.4041366631789382,0.3634326349824982,0.2963910041023359,0.12914391342335851,0,511921.21491875156,0.7717879604672058,7,0.6244384546271339,6
695,952,0.0,0.0,0.0,0.0,0.0,0.0,0.0,0.9992612495335222,0.9679347137909101,0.8494111979319101,0.8054901078921923,0.6991295201159752,0.6837375713509682,0.6656857757491251,0.659867040408401,0.6429174328629454,0.6374663237441831,0.618575597870125,0.6127234445044019,0.593751697603158,0.5862978997015614,0.5772639333143624,0.566581003447132,0.5349970712570453,0.42241668189796794,0.37942743042143606,0.2666862516518886,0.2176142230596594,0.1393029411162744,0.12582392700296757,0.1094225269922035,0.10370887012792523,0.08753808873881781,0.08371162185291589,0.06871916526086945,0.06585407938534896,0.017117386387027887,0.006087914232341035,0.0009757017086230534,0.00010304517639430324,1.2721629300436545e-06,1.5549290588723043e-14,0,147263.11097078788,0.706199460916442,7,0.6253369272237197,6
696,9953,0.0,0.0,0.0,0.0,0.0,0.0,0.0,0.9992306268648778,0.9666595070012883,0.8439390248893868,0.7986750707531349,0.6895920683355312,0.6738855729779119,0.6555164370259441,0.649610502614154,0.6324495617464004,0.6269443142953204,0.6079152210092374,0.6020353989387257,0.5830658670201982,0.5756505157783578,0.5667065126634688,0.5565387860308976,0.526214098119775,0.4170107046561663,0.37490004033253127,0.2634823707605343,0.21461891108922238,0.13633056902430085,0.12281693873816889,0.10631088062887295,0.10054393914801105,0.08420062342913517,0.08033088957727774,0.06518314345655131,0.062292780980248506,0.014709393763225883,0.00483028828937284,0.0006679813270412447,5.5990903142697345e-05,4.397923243191472e-07,8.228761897157656e-16,0,18190.8705060282,0.5130278526504941,5,0.6262353998203055,6
697,3876,0.0,0.0,0.0,0.0,0.0,0.0,0.0,0.9992245688873208,0.9664508200724964,0.8431227332841029,0.7976892817050399,0.688322010248154,0.6725911851140214,0.6541859818536622,0.6482609104717852,0.6310230149572275,0.6254862876933437,0.606322894934113,0.6003878292117134,0.5811972680931268,0.5736791475832212,0.5645906703880126,0.5559555217158977,0.5300882328785859,0.43529562633373475,0.3978914718040866,0.29574567529417334,0.24901448633636386,0.17042219921446394,0.15622963698328968,0.13858740406458736,0.1323365976058965,0.1143218072734112,0.1099817774087489,0.09265671513559721,0.08928178326759206,0.027502936289584768,0.011115478730689196,0.002232813190675431,0.00032019928115254093,7.178677371032869e-06,1.0351416875143667e-12,0,4972600.3660476785,0.8652291105121294,8,0.6271338724168913,6
698,1739,0.0,0.0,0.0,0.0,0.0,0.0,0.0,0.9997020649509576,0.9871403131155195,0.9379871260171792,0.9190031894620354,0.8709535776727649,0.8637491391871747,0.855305988180177,0.8526007411882616,0.8447771303468639,0.8422791488647237,0.8336731080771146,0.8310214734522681,0.8224867586366921,0.819154373319213,0.8151617348964648,0.8130194654467721,0.806605344564402,0.7812180579640875,0.770172344529538,0.7356110484319158,0.7167398585288121,0.6777374764356077,0.6693193792375745,0.658184188544234,0.6540546950637552,0.6414666724118863,0.6382666896372353,0.6246413230214335,0.6218053459500418,0.5401988059917481,0.48613302509887096,0.4052333998060831,0.36344564338333296,0.2948831342887742,0.12578296624183952,0,4142.346030985465,0.3045822102425876,3,0.628032345013477,6
699,2505,0.0,0.0,0.0,0.0,0.0,0.0,0.0,0.999169712838712,0.9640526554547943,0.8325611367931697,0.784418191313186,0.6692819541314353,0.6528137865481249,0.6335863878727671,0.6274115028420385,0.6094887601844469,0.6037375834514618,0.5838445892083711,0.5776940385726237,0.5578412681465623,0.5500782566137403,0.5407052794420346,0.530823744751724,0.5015473686693989,0.3968733693111067,0.3567207743456048,0.25080897405446895,0.2044843202950256,0.13035428827518103,0.11756947272883833,0.1019806564205475,0.0965438985545891,0.08115039080081607,0.0775068874925808,0.06323902678311606,0.06051128177604324,0.014852119715514324,0.00501889517988113,0.0007287610256088629,6.228412475824447e-05,5.102924245505277e-07,1.1570445654675448e-15,0,38985981.668982334,0.9487870619946092,9,0.6289308176100629,6
700,10554,0.0,0.0,0.0,0.0,0.0,0.0,0.0,0.9999470112626238,0.9976773795654099,0.9884700035328733,0.9847708366250341,0.9750235682052872,0.9735093054523651,0.9717034082705366,0.9711151609989632,0.9693842133784107,0.968818375755945,0.9668172044123263,0.966184195621157,0.9640925574230728,0.9632538690539476,0.9622239806287758,0.961010299817398,0.9572711435704423,0.9419270387551523,0.9349787412498707,0.9122900591307511,0.8993287568470844,0.8712645799213747,0.8649242101695858,0.856220990976468,0.852876319623428,0.8422975502569636,0.8395054570699653,0.8271792443764644,0.8245196480229775,0.7439720150274926,0.6870804108271732,0.5962662222446349,0.4929404866490451,0.3404622477145191,0.07398034337459096,0,3617.4609202531606,0.2920035938903863,2,0.6298292902066487,6
701,8806,0.0,0.0,0.0,0.0,0.0,0.0,0.0,0.9992308298080962,0.9667278713893145,0.844455847545386,0.7994223925296996,0.6909056575227265,0.6753004209791428,0.6570791930499813,0.6512305189475806,0.6342328419942704,0.6287774223509504,0.6099079599154085,0.6040703543194627,0.5852172473445382,0.5778396186987523,0.5689325373411289,0.5597556066012036,0.5323322240786048,0.43222626464832153,0.3929472124343426,0.28662188938164185,0.23858592512337384,0.1590297911460959,0.1448670581041077,0.12734572569258124,0.12115980810630292,0.10341742522753522,0.09916014256696652,0.08221298575471922,0.07892307115775056,0.02140833298955651,0.007793433089031998,0.0012853824862832368,0.00012772641049189491,1.4046862714495625e-06,1.0784772209869991e-14,0,1914231.6009377486,0.8274932614555256,8,0.6307277628032345,6
702,3162,0.0,0.0,0.0,0.0,0.0,0.0,0.0,0.9993763276558176,0.9730942264218164,0.8731926787274836,0.8359080842931079,0.7448530241620103,0.731601030344548,0.7161372573669634,0.7111838970612268,0.6968423121964938,0.6922574061557262,0.676454173185428,0.6715838651530059,0.655907559642,0.6497906538615991,0.642441383613985,0.637493788466981,0.6226979597210911,0.5658532694574949,0.5420185645600464,0.471167614266132,0.43491775575825936,0.36545341212341753,0.3513579913303498,0.33307004566393467,0.3263675909512309,0.3062444000840822,0.3011967084345165,0.28008201193167426,0.27576480281669613,0.16928218212925988,0.11673555559362203,0.06083077944246153,0.03474291634542452,0.011674923205084545,0.00012927169828076522,0,870877.940026809,0.7951482479784366,7,0.6316262353998203,6
703,6409,0.0,0.0,0.0,0.0,0.0,0.0,0.0,0.9998240237183237,0.9922920254694609,0.9620905067305366,0.950118948558818,0.9189939448485835,0.9141974520410595,0.9084690043744779,0.9065986898913851,0.901081639395524,0.899284499991789,0.8929530085172026,0.8909580922465105,0.884392916800451,0.8817717689765779,0.8785596775241287,0.8755372436810684,0.8663562125883504,0.8296447886921776,0.8135314606549234,0.7628449880954848,0.7351040740140014,0.67781949311705,0.6654101744644547,0.6487914114687628,0.6425437176570412,0.623252462215159,0.6182795134073825,0.596862016414672,0.592353373368272,0.46626764079568755,0.38817185192725057,0.28100435673228374,0.19882729764022156,0.10105231986966964,0.006093600451850527,0,343.4886737986075,0.07008086253369272,0,0.6325247079964061,6
704,8525,0.0,0.0,0.0,0.0,0.0,0.0,0.0,0.9992621172519774,0.9679803814976813,0.849643590419747,0.8057991052435473,0.6996596136623217,0.6842801206318034,0.666218583007727,0.6603914411607443,0.6434090149378893,0.6379449317870727,0.6190027408519259,0.6131326563851097,0.5941404507045775,0.5866950205589365,0.5776906986611644,0.5687870048644257,0.5422425068294845,0.44518292085693395,0.4069645490518859,0.30275863342623516,0.2551396220661884,0.17508123768294398,0.16062717805539534,0.14267754784371955,0.1363245483064778,0.11802717751490416,0.11362160171188847,0.09603684038248018,0.0926111912655169,0.029314029401285878,0.012119395809802388,0.002542426140827995,0.0003715774470131928,8.645164802292753e-06,1.4538062738670706e-12,0,7707842.41669788,0.8840970350404312,8,0.633423180592992,6
705,5378,0.0,0.0,0.0,0.0,0.0,0.0,0.0,0.9992023069416449,0.9654342821109039,0.8385310666566694,0.7918929544609862,0.6799235012071385,0.6638546269522821,0.6450798705127173,0.6390461063637632,0.6215163956410086,0.6158937212543012,0.5964609462828521,0.5904519282701344,0.5710516425696285,0.5634604594592145,0.5542733822246998,0.5400581249985514,0.498233887583719,0.3566151001968746,0.3060216725566254,0.18433975240129166,0.13727374034171488,0.07150831670291712,0.06154654984703237,0.05001782931649474,0.04616535623958626,0.03577860520165326,0.03343988753905816,0.0247650120194815,0.023201724137401483,0.002911275587961699,0.0005866925307501789,3.405024902411266e-05,9.419385578981974e-07,8.485277108369536e-10,2.0518186916955255e-22,0,750.4838690483973,0.12488769092542677,1,0.6343216531895777,6
706,9394,0.0,0.0,0.0,0.0,0.0,0.0,0.0,0.9995370224777619,0.979984931230458,0.9044711984492869,0.8757602230711959,0.804284398980952,0.7937106972469131,0.781325251060272,0.7773516057176454,0.765854411335147,0.7621816706855298,0.749526893108172,0.7456277517632096,0.7330785584522482,0.728180608240465,0.7223043586328135,0.719208087617216,0.7099986472526418,0.6741135812485732,0.6587740267564403,0.6118025089675283,0.5867919539976321,0.5365110814202846,0.5258911501116134,0.5119752717650472,0.5068535577562346,0.4913679472563892,0.48745845764819457,0.4709575221537931,0.46755275531974333,0.3736935833101929,0.3160938269908427,0.23700031715565362,0.2067704087647594,0.15940192927566585,0.05565790849209316,0,154.39645898700132,0.03504043126684636,0,0.6352201257861635,6
707,8894,0.0,0.0,0.0,0.0,0.0,0.0,0.0,0.9993159874936809,0.9704077941032448,0.8608047682604592,0.8199758191990207,0.7205431686279512,0.7060904618240821,0.6891178820304031,0.6836416790366906,0.6676747154848276,0.6625349752881046,0.644705158801614,0.6391756834358889,0.6212707141061768,0.6142444832839706,0.6057451485350368,0.5956167123749053,0.5654455400547004,0.4560655571440836,0.4134728633734339,0.29911014975425126,0.2479175246804614,0.163882560793195,0.14904235275521963,0.13074466317129893,0.1242979786514266,0.10584428618870365,0.10144046049869193,0.08407383331899669,0.0807327879642377,0.022360135298032567,0.008346240109903128,0.0014621277717202339,0.00017268747821401337,2.649963435243123e-06,7.945256555888337e-14,0,71643.14745667228,0.6424079065588499,6,0.6361185983827493,6
708,4063,0.0,0.0,0.0,0.0,0.0,0.0,0.0,0.9992355356844926,0.9669175461330826,0.8452453375263417,0.8003897625678305,0.6922449616124832,0.6766688051479587,0.6584580153394156,0.6525937149748411,0.6355186067500455,0.6300263915473148,0.6109931684060798,0.605096950612417,0.5860270920937172,0.5785541458958389,0.5695187907245822,0.5609828553117817,0.5354213396584734,0.44158452298274786,0.4044384446906412,0.3025800180562659,0.25573454081572694,0.1764873618660126,0.162099429478184,0.14417383876595866,0.1378108904616263,0.11943469400001132,0.11499841817326917,0.09724907385933357,0.09378337768243963,0.029647650441314045,0.012223444260572178,0.002543609368887389,0.000366107160780305,8.266866583802369e-06,1.2279863617057998e-12,0,10641163.217785664,0.9011680143755615,9,0.6370170709793351,6
709,10221,0.0,0.0,0.0,0.0,0.0,0.0,0.0,0.9993042154404426,0.9699027940572081,0.8585672629653688,0.817232826026437,0.7168942320617273,0.7023601598129731,0.6853461745859354,0.6798691838880069,0.6639037891565318,0.6587621702128629,0.6409180017066353,0.635374998467329,0.6173768284710737,0.610294919522676,0.6017047048980386,0.5892644156129863,0.5521838513493535,0.42100635197983316,0.371600346184427,0.24513986620492195,0.19218799961440264,0.11183298893478844,0.09866486236543207,0.08289040168050957,0.07747311620518955,0.0624784136648325,0.05901152008384719,0.045798609802840874,0.04334745608373742,0.007532592528936993,0.0019531151843141554,0.00017763139591086584,8.853345775446934e-06,2.519684072012686e-08,7.03514755870262e-19,0,44970.36501247534,0.6037735849056604,6,0.637915543575921,6
710,9893,0.0,0.0,0.0,0.0,0.0,0.0,0.0,0.9993357826956145,0.9711951669435269,0.8640522864455914,0.8240420654127476,0.7263889667625583,0.7121587941097792,0.6954605458580498,0.6900738083721446,0.674352981732894,0.6692877577812123,0.6516995645098765,0.646239734643052,0.6285432220574559,0.6215918921307805,0.6131762658438669,0.6031207919557573,0.5732416455651526,0.46486261114912264,0.42253130343080947,0.30835139913090903,0.256919827215306,0.171868925318556,0.15674602336822457,0.13807563434016693,0.13149811089443383,0.11265870198378884,0.1081477596009612,0.09025656349578394,0.08679475532430247,0.0251635523412323,0.009728912709052332,0.0018140592336956534,0.0002593414375391362,5.7862765387749574e-06,8.222975252627886e-13,0,8285.259891275877,0.40970350404312667,4,0.6388140161725068,6
711,488,0.0,0.0,0.0,0.0,0.0,0.0,0.0,0.999254410238736,0.9676026793152613,0.8478061182122191,0.8034086180079825,0.6959093556112985,0.6803622176147236,0.6621221639295459,0.656240094105724,0.6390851958680169,0.6335615637847856,0.6144000845165444,0.6084581851389353,0.589231784201446,0.5816891174981451,0.5725592967280263,0.5590968951324732,0.5194532762016554,0.3829195584624304,0.33307865198801717,0.20987818829925392,0.16043842609611897,0.08855968083589186,0.07724502698588365,0.06394300654382559,0.05944159611516892,0.04713123429079734,0.04431829566807589,0.03372116916731812,0.03177906332852031,0.0048094089546187905,0.0011200274887883544,8.40540799365684e-05,2.9764869240886033e-06,4.312122621302124e-09,7.144811317466596e-21,0,111828.96997038904,0.6873315363881402,6,0.6397124887690926,6
712,4324,0.0,0.0,0.0,0.0,0.0,0.0,0.0,0.9999206392306029,0.9964803011183997,0.9823895775702933,0.976676740790342,0.9614914849763345,0.9591103821464529,0.9562375864203769,0.955290644276309,0.9524710079707253,0.9515441657808166,0.9482559017442435,0.947212476086611,0.9437539812060244,0.9423630194493676,0.9406493844069135,0.9385701584965904,0.9321934166579652,0.9062967331052167,0.8947340225598276,0.8576123826767881,0.8368141957213089,0.7927451717111895,0.7829782584403799,0.7697235236599882,0.7646813584959232,0.7489213636497847,0.7447974859762512,0.7267524893248896,0.7228932463181552,0.6102070743881458,0.5353025274096684,0.4239926163399481,0.32644892682316157,0.19547095682120777,0.023127245594755534,0,1839.7297809936267,0.19946091644204852,1,0.6406109613656783,6
713,8378,0.0,0.0,0.0,0.0,0.0,0.0,0.0,0.9992414131096979,0.967117069348777,0.8459315417268941,0.8011605917253941,0.6929461082603691,0.6773219340540558,0.6590131799693785,0.6531134937237763,0.6359237450156923,0.630394280227532,0.611186766002983,0.6052244795614553,0.5859093051672972,0.5783281409816682,0.5691466148883059,0.5578683944534227,0.5242741950959321,0.4048359082166507,0.35966397987014653,0.24302545865807737,0.19347403970010893,0.11682142466469693,0.10401964571531802,0.08859607953204826,0.08326776602068929,0.06835621080500594,0.06486862016288049,0.051399892678981256,0.048866330209178285,0.009771718835284045,0.0028210562526813816,0.00031046652521962915,1.90201739853372e-05,8.082014264175526e-08,1.176374400810435e-17,0,25241.30100229821,0.5471698113207547,5,0.6415094339622641,6
714,230,0.0,0.0,0.0,0.0,0.0,0.0,0.0,0.9990221366493631,0.9576349401242575,0.8046134063999001,0.7494633232441558,0.619785577292383,0.6015060999921453,0.5802115190758408,0.5733780153834056,0.5535587371251635,0.5472127265091163,0.5253347567851775,0.5185789296492721,0.49680143960851963,0.4882784339942045,0.47796176998536155,0.46640227564030806,0.4322626700601537,0.314953824859868,0.27232576294197897,0.16789054432314351,0.12658122588185933,0.0676014753805536,0.05848496491360339,0.04783215200342218,0.044242780618022955,0.0344868254184236,0.03227242519927663,0.02400256510264313,0.02250221624052384,0.0028587324702517743,0.0005777988236811659,3.331307608381165e-05,6.319538766906866e-07,2.679190740350088e-10,2.6123338801518968e-24,0,inf,0.9991015274034142,9,0.6424079065588499,6
715,10490,0.0,0.0,0.0,0.0,0.0,0.0,0.0,0.9998628565733854,0.993961681422763,0.970089172986682,0.960505066183371,0.9352887222529963,0.9313704076636576,0.9266647428437106,0.9251199838191032,0.9205385476476191,0.9190377578624614,0.9137321861727846,0.9120554489244809,0.9065206217227676,0.9043039917259917,0.9015831288374887,0.8983445069888021,0.8884419673728176,0.8486701143873449,0.8311473638088612,0.7758896809389102,0.7455957767789797,0.6829958470970157,0.6694187382905771,0.6511747962759499,0.644290833797601,0.6229712940387072,0.6174596982637156,0.5936657716149918,0.588645129156038,0.44976133432257104,0.36576603871049934,0.2537259102233773,0.18278885165594522,0.09687454427583035,0.007142828663526984,0,18019.516984341342,0.5121293800539083,5,0.6433063791554358,6
716,5774,0.0,0.0,0.0,0.0,0.0,0.0,0.0,0.9992356568336961,0.9669079884465053,0.8451497499790479,0.800250524791005,0.6920527511109502,0.6764761083289605,0.658273189331502,0.6524226319936761,0.6354202489913595,0.629965110622498,0.6111060601825156,0.6052775906178927,0.586452132773241,0.5790845552156201,0.5701889385590897,0.5600567379933274,0.5298985864052755,0.4214622011221908,0.3796821267219291,0.2689862106442383,0.22027494205363496,0.14180031906208612,0.12818115116974646,0.11153592650833774,0.10574542698511061,0.08937432741323453,0.08550417011317568,0.07034874497835292,0.06745368561764906,0.017892100864007415,0.006477530507546627,0.0010801549025288841,0.00020103610218135008,7.6868245661781e-06,1.0764679375842845e-11,0,109345.36534129604,0.6864330637915543,6,0.6442048517520216,6
717,4354,0.0,0.0,0.0,0.0,0.0,0.0,0.0,0.9993261517780676,0.9707927810619156,0.8622153938996217,0.8216999100686608,0.7228742745124335,0.7084827778649759,0.6915794765723293,0.6861264010397595,0.6702290830779888,0.6651124659739251,0.6473570878392086,0.6418367702004506,0.6239127260517833,0.6168599897714382,0.6083060353284031,0.5974161381200107,0.5649790222345777,0.44825404042991956,0.4032494450680333,0.2842606719272063,0.23206565798247342,0.14826773229521187,0.13377316983866397,0.11606666840877643,0.10988084898259022,0.09234091146868972,0.0881836371690853,0.07188658276862146,0.06877178799970257,0.016803699044922578,0.005659783716198267,0.0008173302250380731,7.013550075352658e-05,5.775218733857193e-07,1.321547834213399e-15,0,46451.42912336366,0.6064690026954178,6,0.6451033243486074,6
718,4803,0.0,0.0,0.0,0.0,0.0,0.0,0.0,0.9997732019580141,0.9900866909162023,0.9514904960829947,0.9362989762525465,0.8971231599844237,0.8911461540912506,0.8840511110619169,0.8817469449349069,0.8749864265396479,0.8727966167751734,0.8651432704528781,0.8627511390496445,0.8549414785177382,0.8518485131548341,0.8480910897207434,0.8442799514650284,0.8326582726312258,0.7863497563933592,0.7661286061479171,0.7030778605788646,0.6689526802595629,0.5994649100791651,0.5845887425808052,0.564722948153622,0.5572654181180187,0.5343061050959049,0.5284040851376992,0.5030827454900825,0.49777304869854333,0.3556784111984757,0.27475774444005213,0.17405537537785512,0.1089107564296345,0.04376187834526076,0.0010182105140988248,0,634795.9194993575,0.7816711590296496,7,0.6460017969451932,6
719,9648,0.0,0.0,0.0,0.0,0.0,0.0,0.0,0.9993531801249312,0.9718919608666899,0.8670052389666941,0.827684029606962,0.7313350025471217,0.7172588626745513,0.7006717794651065,0.6952992848401828,0.6795756157551303,0.674495233128107,0.6568058511411136,0.6512939150223498,0.6333609972295494,0.6262905085463568,0.6176987829535476,0.6071044629479684,0.5754518293326044,0.46074303721430043,0.41615064440457905,0.29694754887202157,0.2439868496971339,0.15793909828500047,0.1428919280253325,0.12440667762286958,0.1179170962793045,0.09942777031935104,0.09502503497788292,0.07769059118754505,0.07436320438078789,0.018433794185659477,0.006275867544100412,0.0009227229213531813,9.050083598132146e-05,9.75713588328789e-07,7.061675694372649e-15,0,205124.25759734225,0.7295597484276729,7,0.6469002695417789,6
720,1749,0.0,0.0,0.0,0.0,0.0,0.0,0.0,0.9996745495379112,0.9859562134985411,0.932434788205247,0.9118325991868346,0.859865101578707,0.85210490041729,0.8430381672106049,0.8401380481899787,0.8317556038312875,0.8290806846391928,0.8198705989914719,0.8170345896274676,0.8079120316736887,0.8043524493104882,0.8000893627505747,0.7979611040638169,0.7916091651499814,0.7665438747310771,0.7556552215146582,0.7216649403311819,0.7031791770531771,0.6651171136256494,0.6569143647594567,0.6460788085267245,0.6420659603530777,0.6298479591344094,0.62674284854188,0.6135415092821449,0.6107936914352498,0.5316327906165432,0.47904536104834056,0.400087736954779,0.3629487380403231,0.3012470298655406,0.14146668571699397,0,3361.30219302546,0.27583108715184185,2,0.6477987421383647,6
721,9649,0.0,0.0,0.0,0.0,0.0,0.0,0.0,0.9992186093045922,0.9661379130826789,0.8416280250948909,0.795763682205,0.6853850366576478,0.6694976113171275,0.65090088478121,0.6449148588113888,0.6275016046239639,0.6219091945865011,0.6025590398049522,0.5965740759681488,0.5772473516113037,0.5696858322504149,0.5605557003546162,0.5483395758556129,0.5121576712515385,0.3858510677407993,0.3389675036980319,0.22067430432147844,0.17191825728731408,0.0989516262916241,0.08714264357260401,0.07309930938739431,0.06829965966084477,0.0550351205009162,0.05197241271869562,0.04030450920143191,0.03814089122864171,0.006591226744162641,0.0017016017892073063,0.00015354126476883399,7.349891806883865e-06,1.927789899731917e-08,3.793537696768967e-19,0,72936.39833337227,0.6451033243486074,6,0.6486972147349506,6
722,6770,0.0,0.0,0.0,0.0,0.0,0.0,0.0,0.9991809483766888,0.9645147282185687,0.8344946416916511,0.7867997052815858,0.6725242233552852,0.6561519052977938,0.6370193131670701,0.6308699085215479,0.6129967136690904,0.6072508774184814,0.5873508590117855,0.5811957692218827,0.5613229331619124,0.5535498956415036,0.5441626388996452,0.5314031310415501,0.4938461950674673,0.36448622625498006,0.3172476363517968,0.2004091964084611,0.15347261966171435,0.0851061435481117,0.07432306304833224,0.061641013020316854,0.05734655913724419,0.0455888722531988,0.04289901038818547,0.03275087235539128,0.03088835437057501,0.0047986095320188245,0.001141853087549125,8.924947250066803e-05,3.6726988067304424e-06,7.160743791511253e-09,4.1034634054242266e-20,0,599979.0134684348,0.7798742138364779,7,0.6495956873315364,6
723,9612,0.0,0.0,0.0,0.0,0.0,0.0,0.0,0.9992860441894336,0.9690303356891914,0.854264754505534,0.8116086941250219,0.7079835970513814,0.6929367537465344,0.6752603732770308,0.6695520813597604,0.6528941361423065,0.6475274413108891,0.6288977378619063,0.6231166142845729,0.6043868317824814,0.5970339905948341,0.5881314476872971,0.577888025769965,0.5475661552182464,0.43865144863290073,0.39664053356150364,0.2847349660427881,0.23508759499214335,0.1542706139057841,0.14010647557478975,0.12274045263347799,0.1166607257472596,0.0993577228158389,0.09524045898335316,0.07901033523265151,0.07588897675694829,0.021206699628901503,0.007977401011628117,0.0014192287654818888,0.00027120149114634527,1.081115789430941e-05,1.749498046171647e-11,0,187238.00305031502,0.7232704402515723,7,0.6504941599281222,6
724,9095,0.0,0.0,0.0,0.0,0.0,0.0,0.0,0.999326374188058,0.9708804804848175,0.863028924953045,0.8229205107458094,0.7253590879029058,0.7111892523404716,0.6946143899242763,0.6892806856602429,0.6737532320241202,0.6687625371029648,0.6514739584187563,0.6461126748568561,0.628743439487772,0.6219224968064228,0.6136580906337666,0.602803298794241,0.5702918690710973,0.45264290039436333,0.4070297237557568,0.2857882652947127,0.2324212570327893,0.14683849216403785,0.13207197045518507,0.11401462543548634,0.10769747761371584,0.08978406190331507,0.08553921632410205,0.06892732219080148,0.06575961362062585,0.014630531229925267,0.004568455310401605,0.000573169458671849,4.134906477229594e-05,2.425683442721356e-07,1.3611088727612398e-16,0,11037.097447878,0.45013477088948783,4,0.651392632524708,6
725,1252,0.0,0.0,0.0,0.0,0.0,0.0,0.0,0.9992275521129728,0.9665017744074975,0.8431525106041435,0.7976455186691465,0.6879654047613809,0.672162116251732,0.6536567556110788,0.6476991325514154,0.6303542531837386,0.6247783234803198,0.6054664007979188,0.5994874631126078,0.5801619185409764,0.5725937073788449,0.5634473617539729,0.5517366640613642,0.5169138927829472,0.39399300356396005,0.3477916586568252,0.22969452931706233,0.1802799869286292,0.1054512096633676,0.09321448671666639,0.07860124910134955,0.07358958896752847,0.059677274880974567,0.05644983511318957,0.04409416568552374,0.04179127759104051,0.007576351081971603,0.0020279673586858374,0.0001948667193652153,1.0007993568023575e-05,3.013440612504056e-08,1.0529770591012845e-18,0,56719.78854171717,0.6208445642407906,6,0.6522911051212938,6
726,6796,0.0,0.0,0.0,0.0,0.0,0.0,0.0,0.9993116232086265,0.9702283424967759,0.8599940817326598,0.8190257921027531,0.7194134095209519,0.7049564839254756,0.6880226590837006,0.6825690080931597,0.6666960789618579,0.661595623287642,0.6439147252898347,0.6384327366274847,0.6206855128090465,0.6137226391734147,0.6053021424589486,0.5969660729011708,0.5718671141691818,0.47832329956546393,0.4407034162400258,0.3357474887040025,0.2865124463719476,0.20157314120169798,0.18587512677535434,0.16612089183076983,0.15904629116563154,0.13843930640214797,0.13342296818013993,0.11319817779958599,0.10921923544108446,0.03486144639646996,0.0144133748085882,0.002989766048376013,0.0003916760868050224,7.357673536108609e-06,5.094657536663084e-13,0,21643.759944711317,0.5327942497753818,5,0.6531895777178796,6
727,1738,0.0,0.0,0.0,0.0,0.0,0.0,0.0,0.9996975831271626,0.9869437638830241,0.9370633345431478,0.9178091808906701,0.8691032827050924,0.8618039533800892,0.8532507891311748,0.8505075099887153,0.8425687866180018,0.8400343189132548,0.8313035712620774,0.8286138263300018,0.81995745803087,0.8165779936749773,0.81252926113507,0.8104006845502563,0.8040275955099544,0.7788016620618943,0.7678255698047186,0.7334795306360675,0.7147240724038826,0.6759734020256735,0.6676106303421115,0.6565482141606186,0.652445609686149,0.6399372425703092,0.6367540025203782,0.6232022498888901,0.6203814791192793,0.539194741886397,0.4853865799271985,0.40483728200476365,0.3637441425519392,0.29614668367884567,0.12815651266830932,0,657278.6177136692,0.7825696316262354,7,0.6540880503144654,6
728,7327,0.0,0.0,0.0,0.0,0.0,0.0,0.0,0.9990163772648057,0.9575141289581599,0.8045388022879522,0.7495652326141947,0.6206052084697339,0.6024621580110427,0.5813305611825215,0.574550966854835,0.5548924960736321,0.5485993653635127,0.5268751466029932,0.520159550358858,0.498493017448728,0.4900287790692852,0.4797998342984271,0.4643559702653483,0.419668935883944,0.2758015808609869,0.22760746381523367,0.12055393498500178,0.08333916438712154,0.03686322603713497,0.030563371976421123,0.023594292759026202,0.02135147237967391,0.015545597233297728,0.014291601921201278,0.009839510512960137,0.009074272128048774,0.0006912790046662225,9.497122080858842e-05,2.7999071763694498e-06,3.438844863568544e-08,6.3481049502987164e-12,2.126860836299378e-27,0,3026.194180582304,0.25696316262353996,2,0.6549865229110512,6
729,4598,0.0,0.0,0.0,0.0,0.0,0.0,0.0,0.9998781239039148,0.9946484324812358,0.9735225660407989,0.9650795693436265,0.9429721446941741,0.9395546389477331,0.9354761034511194,0.9341360619046363,0.9301587288478319,0.9288552071019963,0.9242402705339893,0.922779030286442,0.9179462975996475,0.9160070581140408,0.9136245100879311,0.9109430589399745,0.902738302122443,0.8696192212485624,0.85493615277156,0.8082383736185467,0.7823733698754473,0.7282886358153968,0.7164379259801784,0.7005419036722637,0.6945743510371543,0.6761725076838381,0.6714355939923392,0.651055977789866,0.646770212920141,0.5255821475646385,0.4487563698949215,0.3401526192153898,0.2713057497300422,0.17490575165206382,0.028518113522489466,0,84.5595238095238,0.022461814914645106,0,0.655884995507637,6
730,8724,0.0,0.0,0.0,0.0,0.0,0.0,0.0,0.9991233250603814,0.9620612786175365,0.8239090034363922,0.7735992257798595,0.653808890868981,0.6367377194784247,0.6168011819604173,0.6103940898166761,0.5917848170041315,0.5858175793438031,0.565208532214247,0.5588465687095747,0.5383439370164507,0.5303393259717121,0.5206837800944308,0.5072538733681917,0.4677109594129573,0.33351962733238405,0.2855252554932718,0.17027331240874186,0.12589800686797395,0.06437240333251103,0.055131538617640446,0.04445860208178921,0.04089709491739589,0.03132182393598651,0.029177910549250927,0.021291814080870372,0.019883954725698236,0.002253814542165744,0.00042004071857582487,2.1225980837316983e-05,5.339920111541049e-07,4.043838325029556e-10,4.9129731821796273e-23,0,11307.3960091721,0.45372866127583106,4,0.6567834681042228,6
731,2003,0.0,0.0,0.0,0.0,0.0,0.0,0.0,0.9991791028445232,0.9647358208108062,0.8365410262219912,0.7897860723296076,0.6781096525895255,0.6621614689817713,0.6436164701698363,0.6376865033197623,0.6205470939008629,0.6150776567570893,0.5962694475024559,0.5904823118175931,0.571859009583624,0.564597215678314,0.5558599246158347,0.5458611059297969,0.5159134434642074,0.4077474359686745,0.36593119174494976,0.25522477623090656,0.20675120828729202,0.12943465928854625,0.11615083463317549,0.09992377004763807,0.0942508291122048,0.07818556936810411,0.07438418927654515,0.05954268469310014,0.0567234502875314,0.012039723072638895,0.0036245079617383638,0.0004265110269697412,2.529243568191645e-05,1.0180687946239468e-07,1.2312970315016759e-17,0,50880.089981219746,0.6127583108715184,6,0.6576819407008087,6
732,10586,0.0,0.0,0.0,0.0,0.0,0.0,0.0,0.9999558319950321,0.9980708496985555,0.990445485006431,0.9873901253352669,0.9793601763279435,0.9781161715599312,0.9766376168555937,0.9761575061827429,0.9747484732218699,0.9742911319378713,0.9726887218096641,0.9721865589642774,0.9705426456998311,0.9698895705685424,0.9690924882171724,0.9683385343866926,0.9660372194945076,0.9566565946514449,0.952432632249287,0.9386741428092167,0.9308222051811594,0.9138109250473594,0.9099706234557391,0.9047268123769813,0.9027235610533497,0.8964276812604774,0.8947767888280457,0.8875318013063459,0.8859763920788526,0.8381334587192181,0.803183629292343,0.7449567560285558,0.6766494010934421,0.5603506546997502,0.2557484751417974,0,51393.46022821902,0.6154537286612758,6,0.6585804132973945,6
733,8937,0.0,0.0,0.0,0.0,0.0,0.0,0.0,0.9991061443234123,0.9615341272497413,0.8222750242786561,0.7718452398247779,0.6524980812198113,0.635589420670023,0.6159540434583487,0.6096674510968578,0.5914746819232555,0.5856620161499838,0.5656553275491406,0.5594999860347508,0.5397267511901512,0.5320318315404179,0.5227824465070882,0.513559140366806,0.4859611305822199,0.38613844622386523,0.3474571169952475,0.24463530796273664,0.1993392463715637,0.12653350825126192,0.11393214175843278,0.09850179001467296,0.09309766080331269,0.07775430374889991,0.07411395496658076,0.05984866312265411,0.057124616796212564,0.012897468065783185,0.0040730850290807636,0.0005213595664595568,3.547351980624507e-05,1.8661678429121474e-07,6.818355216745208e-17,0,1531265.3745623245,0.8221024258760108,8,0.6594788858939802,6
734,1510,0.0,0.0,0.0,0.0,0.0,0.0,0.0,0.9999160357936329,0.9962857900016749,0.9814543802616771,0.9754511849066748,0.9595207962580942,0.9570268081603754,0.9540215993472089,0.953032217865374,0.950089791174859,0.9491237598039916,0.9457006441834577,0.9446157900383638,0.9410233190148026,0.9395767809732527,0.937792605556981,0.9354346895689655,0.9281172170909902,0.8980726631576835,0.8845194388523973,0.8406391674754914,0.8158948133921969,0.763229078308432,0.7514927769629967,0.7354134823892547,0.7292361032351659,0.70975234675957,0.7046233139891728,0.6820733020785201,0.677228002054267,0.5385701911197189,0.45053819623546326,0.32709902791770246,0.20967601670621386,0.0880394726968561,0.002431053919869593,0,2367.0393766770812,0.22641509433962265,2,0.660377358490566,6
735,3305,0.0,0.0,0.0,0.0,0.0,0.0,0.0,0.9996496852858641,0.9848598461371008,0.9272977033315529,0.9052088380710327,0.8496683445688327,0.841387251848769,0.8316980849420428,0.8285937660178637,0.8196062795992329,0.8167335452139317,0.8068267593850895,0.8037714727108234,0.7939457431975955,0.7901146503515712,0.7855285228833916,0.7832398647441526,0.7764126706485472,0.7495296763807198,0.7378969512654115,0.7017164764111953,0.6820894022161748,0.6417983485446863,0.6331362363184679,0.6216865584563138,0.6174412307729956,0.604531751497822,0.6012548683762344,0.5873414224874465,0.5844535923928987,0.5019729540691007,0.4479615143300859,0.36816893917436055,0.3323523545163449,0.273266399985096,0.12351682896504024,0,682.9662325326808,0.11680143755615453,1,0.6612758310871518,6
736,7427,0.0,0.0,0.0,0.0,0.0,0.0,0.0,0.9992168692112923,0.966105921762205,0.8416290351578677,0.7958424588560501,0.6857898403602897,0.6699818661193258,0.6515226428099992,0.645596355052419,0.6284005782790875,0.6228918758024378,0.6038770552743019,0.5980096841214383,0.5791055224039308,0.5717254990364431,0.5628354613907139,0.5522472383025331,0.5205701492914879,0.40685385035593746,0.36323225056841785,0.24892373325535577,0.19953081206226608,0.12194684583899247,0.10881005973635419,0.09285311272262341,0.08729997630159848,0.07166075356694837,0.06798109301060695,0.053705576138501535,0.0510090954266304,0.0097914170543743,0.002716720903850406,0.00027420544925623597,1.3020647503844996e-05,3.3976623927655855e-08,6.839077712746899e-19,0,264.156223893066,0.055705300988319856,0,0.6621743036837376,6
737,5985,0.0,0.0,0.0,0.0,0.0,0.0,0.0,0.9991650064492705,0.9638171281209472,0.8312935515405118,0.7827102087026779,0.6664151609138887,0.6497647717408609,0.630289369357617,0.624028792545936,0.6058411633424816,0.6000078415509507,0.5798543303052107,0.5736305692783655,0.5535648237776783,0.5457234352554478,0.5362347590644965,0.5229982096171635,0.4839416166749498,0.3505787968368749,0.30250267274914877,0.1855741368618788,0.1396667821750236,0.07448250428541915,0.06445341896546215,0.05277260782428338,0.048848641775869256,0.03820320658451708,0.03579021571146429,0.02678049540888601,0.025145433008982292,0.0033832457840994013,0.0007198848848773154,4.605628025352856e-05,1.3312909885779164e-06,1.295008265789653e-09,4.0815349011434714e-22,0,32100.348047162985,0.5723270440251572,5,0.6630727762803235,6
738,3311,0.0,0.0,0.0,0.0,0.0,0.0,0.0,0.9999411201248115,0.9974261124292241,0.9872296637429753,0.9831360144425119,0.9723572725489188,0.970683811822797,0.9686884257604805,0.9680345271301284,0.9660940900700532,0.9654584202552017,0.963210654604187,0.962499767077707,0.9601512169806659,0.9592096962404858,0.9580538902114627,0.9568653708879301,0.9532189466368517,0.9383200660299518,0.9316180165732312,0.9098729166186657,0.8975158463147421,0.8708688812996301,0.8648688201981157,0.856655066541812,0.853505639338003,0.8435714673172168,0.8409568093356496,0.829444748852203,0.8269674330142825,0.7518077171329051,0.6984171471964806,0.6125784335871843,0.5203650478823368,0.37897602559037946,0.10257598798616989,0,2491.2078615701894,0.2362982929020665,2,0.6639712488769093,6
739,4816,0.0,0.0,0.0,0.0,0.0,0.0,0.0,0.9998314780761587,0.992630948475029,0.9637947582647309,0.9523930895057316,0.9228442567184191,0.9183188076104074,0.9129511273763316,0.9112103904979448,0.9061103237166446,0.9044571836850916,0.8986688374873703,0.8968562276200382,0.8909283160750127,0.8885690783100858,0.8856764781992357,0.8821620677351363,0.8713897795454638,0.8281202915065904,0.8090617730290204,0.7490481681445395,0.7164505439159131,0.6498040151663931,0.6354393505105538,0.6161990397824767,0.6089585497395725,0.5865981523979231,0.5808275264667898,0.5559010361824779,0.5506386043537498,0.40694914474602356,0.32234394057351307,0.2130392239168037,0.12732899791732546,0.04678437093257681,0.0007517794567081726,0,2425.805189894666,0.23180592991913748,2,0.6648697214734951,6
740,10580,0.0,0.0,0.0,0.0,0.0,0.0,0.0,0.9999434740378152,0.9975281539813426,0.9877560830915288,0.983840747002376,0.9735519476627464,0.9719577990495109,0.9700612298232315,0.9694454236254818,0.9676391733643414,0.967054305549278,0.9650100236754826,0.9643706801597369,0.9622761841366104,0.9614435307044034,0.9604299726460672,0.9593929260394637,0.9562134703544143,0.943219360601029,0.9373713561822823,0.9183781169966811,0.9075790768594246,0.8842886126280369,0.8790502279852656,0.8719046337046328,0.8691719990241743,0.860553196188625,0.858282286002195,0.8482523055754448,0.8460862932849359,0.779840398607954,0.7322019573217381,0.6544800471802873,0.5570997201422998,0.4073475522439803,0.1120775061762495,0,3650.448008349017,0.29290206648697215,2,0.6657681940700808,6
741,3207,0.0,0.0,0.0,0.0,0.0,0.0,0.0,0.9999493403696308,0.9977881034950433,0.9890263317600609,0.9854891230395415,0.9761236690922276,0.9746617871633602,0.97291094480656,0.9723384085547876,0.9706471413157159,0.9700956159695436,0.9681541964954403,0.9675424694213781,0.9655274592765215,0.9647220002937059,0.963736140940898,0.962675735608348,0.9594133113909956,0.9460358182849538,0.9399956089960073,0.920317239173427,0.9090953704513707,0.8848254948388217,0.8793511492607927,0.871860397477102,0.8689914463196664,0.8599547929359235,0.8575797828617581,0.8471364886000515,0.8448920854711551,0.776652713474671,0.7279119905462,0.6489251465139435,0.5604336301657274,0.4204588285550361,0.12731748524019545,0,1174.9796075085324,0.15543575920934413,1,0.6666666666666666,6
742,10517,0.0,0.0,0.0,0.0,0.0,0.0,0.0,0.9999286706555135,0.9968705867754264,0.9844729194532219,0.9794873106529434,0.9663398779235842,0.9642950063885085,0.9618457520496321,0.961039069602122,0.9586399789674072,0.9578524359008367,0.9550620194167216,0.9541777412993897,0.9512483329359603,0.9500682647319335,0.9486123842011861,0.9464464513779776,0.9397338063773312,0.9122061237177445,0.89980999515683,0.8597325792555518,0.8371347787898469,0.7888675122640395,0.7780599473833587,0.7632184683036165,0.7575042661210419,0.7394372881867509,0.7346698470778118,0.7136538843572766,0.7091261713349213,0.5779019811599962,0.49270129389389594,0.37004081563988145,0.23947536041311557,0.10198625728552652,0.002932610310547334,0,1897.546085505338,0.20575022461814915,2,0.6675651392632524,6
743,6744,0.0,0.0,0.0,0.0,0.0,0.0,0.0,0.9989046365521616,0.9527900945047049,0.7848134742452183,0.7252886088427162,0.5876390626074807,0.5685207949756398,0.5463665237003563,0.5392884903116045,0.5188477519584234,0.5123308631398945,0.48996558155920095,0.4831063682453347,0.4611476718422083,0.45263686479907395,0.4424210879104993,0.4302318365892369,0.39470959341720285,0.27647961438460084,0.2350818929145682,0.1376643999375988,0.10097687129347745,0.05101781973709039,0.04363360948071503,0.03518536607728316,0.03239122274809528,0.024936164726108094,0.023274130703982113,0.017151128137549942,0.01605418252054819,0.0019699126309670927,0.00039199270474762855,2.2425995343252328e-05,7.943961135172438e-07,1.1767441702664245e-09,2.3275798387432757e-21,0,1600.2462483752806,0.18328840970350405,1,0.6684636118598383,6
744,8790,0.0,0.0,0.0,0.0,0.0,0.0,0.0,0.9992980191398142,0.9695796350748538,0.8567928121720138,0.8147775160493268,0.7125068709564901,0.6976507277089333,0.6802155533628943,0.6745880409602624,0.6581591493626537,0.6528639064296579,0.6344733984588715,0.6287636885793464,0.6102559937855786,0.6029864498372195,0.5941815072207663,0.5836092520964377,0.5521322790964055,0.43882392967307376,0.39510367782693645,0.2791669993231782,0.22814883830049032,0.14605738855269765,0.13182928635415941,0.114490767227671,0.10845360281671716,0.0913398435334072,0.08727788166715807,0.07132171758863175,0.06826559362689143,0.016915086549946574,0.005756089685606519,0.000845736286370489,7.251720962491517e-05,5.954823096466597e-07,1.340039602895913e-15,0,10064.717661764827,0.4384546271338724,4,0.6693620844564241,6
745,6826,0.0,0.0,0.0,0.0,0.0,0.0,0.0,0.9992209362584298,0.9662479354136041,0.8421098658629069,0.7963321534452563,0.6860559780147573,0.6701817917124298,0.6516047848374055,0.645627630566775,0.6282473267609688,0.6226677692637266,0.6033695424511829,0.5974012892172562,0.5780966166454676,0.5705313244898622,0.5613809537210598,0.5507830017204554,0.5191075934052659,0.4055659938825759,0.36219069610254917,0.24884527907264195,0.19997156097975657,0.12318383555873372,0.11017229737192154,0.09439177125217146,0.08890948267171722,0.07347720576293904,0.06984687211607944,0.05574504884934325,0.053080334702155424,0.011156892015832238,0.0033465399368552587,0.00039349552370543573,2.5955464568079523e-05,1.2743435372120963e-07,3.377461934388514e-17,0,1927578.21696901,0.8283917340521114,8,0.6702605570530099,6
746,6725,0.0,0.0,0.0,0.0,0.0,0.0,0.0,0.9991814932869549,0.9646183122934321,0.8352800316977615,0.7879139528642652,0.674564331777377,0.6583237418309515,0.6393466043865642,0.6332481336416962,0.6155348110600619,0.6098540975180226,0.5902120735345173,0.5841411533183932,0.564551166977175,0.5568927288618291,0.5476501137237753,0.5382738723465771,0.5101448945035785,0.40785877325649916,0.36798131268382916,0.2612516133366835,0.2138484130340374,0.1369997010906606,0.12359892011651653,0.10713302404055818,0.10134943351034477,0.08489124740053665,0.08098229776754581,0.06564310462007289,0.06270945637208926,0.014568245724477744,0.004703786113897546,0.0006264135732253308,4.8225287379119945e-05,3.203256251278467e-07,2.973629634496263e-16,0,43673.57824466478,0.5992812219227314,5,0.6711590296495957,6
747,10300,0.0,0.0,0.0,0.0,0.0,0.0,0.0,0.9991548423636164,0.9633992121629759,0.829663423385153,0.7807680503301044,0.6640150229211682,0.6473375642404984,0.6278453959032035,0.6215756526894308,0.6033488312436144,0.5974988441113057,0.5772744339793939,0.571024752337108,0.5508631295939135,0.5429841210734285,0.5334693087813879,0.5210056966585068,0.484276552449579,0.3575952062100941,0.31127333536396196,0.1965908345122202,0.15048709465259277,0.08332423359900677,0.07273134437669639,0.06026841679269538,0.05604653537883497,0.04448654668860941,0.041841912412164166,0.031867789626792986,0.03003811410351447,0.004572538581989619,0.00106951095047759,8.091917033242643e-05,3.3263264703414347e-06,6.52137285358367e-09,3.946535586709537e-20,0,1355.2297779601352,0.1680143755615454,1,0.6720575022461814,6
748,6089,0.0,0.0,0.0,0.0,0.0,0.0,0.0,0.9993087125297102,0.9700840603550928,0.8593798455556513,0.8182632496888387,0.7184048807876938,0.7039245381162484,0.6869691697734731,0.6815155744559841,0.6656629248735079,0.6605708585395282,0.6429408192732894,0.6374838287052872,0.6198464977332386,0.6129325593845362,0.6045765709596681,0.5936817826295911,0.5611883091817489,0.4442317171282538,0.3991470222039682,0.27991932486540394,0.22768389379033532,0.14412257223180525,0.12972065046666217,0.11213497227428343,0.10599184638721326,0.08858774846107882,0.08446676935163527,0.068341400680656,0.06526532850766742,0.015003362159666918,0.004797336930056364,0.0006260928849885072,4.553995088933861e-05,2.71467327491778e-07,1.6278469606082134e-16,0,5934.889017043157,0.36208445642407905,3,0.6729559748427673,6
749,2020,0.0,0.0,0.0,0.0,0.0,0.0,0.0,0.9991577345391303,0.9634481988928683,0.8295374474084274,0.7804581519351416,0.6630291554693521,0.6462216594275177,0.6265407182805847,0.6201960225714279,0.6017121490118567,0.5957673223042979,0.5751747745750582,0.5687991305054247,0.5481937970764117,0.5401168865958056,0.530262507376565,0.5152357340060046,0.47125175896590427,0.32544538237347015,0.27475859316783224,0.1568441951922296,0.11321829401401881,0.055069216425569445,0.04665915853025039,0.03710839804520311,0.03396669685559602,0.025639030867683467,0.023795988812327362,0.01708491904106325,0.015899278423605424,0.0016103309605318577,0.0002749951658537433,1.1885164162315117e-05,2.2794374648498155e-07,1.0060650579029932e-10,1.253516801428253e-24,0,3571.968125489,0.2911051212938005,2,0.6738544474393531,6
750,4618,0.0,0.0,0.0,0.0,0.0,0.0,0.0,0.9991031244773265,0.9612629938433072,0.8206804561053523,0.7696507091186083,0.6486736994632598,0.631497751853957,0.6114748160397182,0.6050506711194377,0.5864219854241394,0.580444011325285,0.5597645350383942,0.5533707156050326,0.5327347754869651,0.5246678516117966,0.5149181527115774,0.5036024395806868,0.47004025084372447,0.3527156781439931,0.30914500765825037,0.19942375179818103,0.15440077644980593,0.08748453598954288,0.07673153601734187,0.06396666825021956,0.05961210909273678,0.047606655404494214,0.044841522580496236,0.03434701024379537,0.03240960152692139,0.0050773270649624985,0.0012092484765410104,9.373010699792828e-05,3.6207721485138706e-06,6.244894775063141e-09,2.1612587168456837e-20,0,5195.123166038329,0.3414195867026056,3,0.6747529200359389,6
751,7347,0.0,0.0,0.0,0.0,0.0,0.0,0.0,0.999072041219247,0.95991036669672,0.8148170932930903,0.7623470952840097,0.6384407395360285,0.6209136294037855,0.6005134411820118,0.5939765534775818,0.5750442317570986,0.5689905288305596,0.5481425328083613,0.5417252561453241,0.521103019557329,0.5130743664856207,0.5034028177252806,0.4897749965114428,0.4499657829419371,0.31668157591086327,0.2697177334430426,0.15857601808250413,0.11647678718781682,0.05890729938080773,0.05036692896355534,0.04057062150950269,0.03732135757678242,0.028626854746273515,0.026683728810588198,0.019532813825602915,0.018254852621222905,0.0021226308826966687,0.00040401250296574596,2.1210061513791628e-05,5.219140387552056e-07,3.719468162450811e-10,3.26762232820071e-23,0,7020.9479539257245,0.38634321653189574,3,0.6756513926325247,6
752,10321,0.0,0.0,0.0,0.0,0.0,0.0,0.0,0.9992562951106789,0.9677518907667664,0.8487138555824489,0.8046431408954574,0.6979799369217216,0.6825627447239049,0.664498178021115,0.6586805758824825,0.6417491430810761,0.636308855544078,0.6174446522426211,0.611596628553602,0.5926691616607143,0.5852343435651898,0.576216929807951,0.5649703159270413,0.5315521411976588,0.41276437614562267,0.36766465320648356,0.25060895752033036,0.20053737627336995,0.1224829374455837,0.10935185338224764,0.09348511667476524,0.0879905867513127,0.07257146897514902,0.06895508532370309,0.05494571803492968,0.05230178056433477,0.010881313683064471,0.0032391377574224507,0.0003759441088205663,2.4461088281823395e-05,1.1745245620894875e-07,2.8912084255393537e-17,0,11314.180215240705,0.4546271338724169,4,0.6765498652291105,6
753,4454,0.0,0.0,0.0,0.0,0.0,0.0,0.0,0.9992697043031087,0.9683976686391744,0.8516676619940408,0.8084186541401787,0.7036422474362299,0.688460536539026,0.6706536328580665,0.6649140477833683,0.6481956091369938,0.6428192605905407,0.6241895999967076,0.6184188267411828,0.5997551364146474,0.5924409208164415,0.5835905110205876,0.5742924822321398,0.5463755705623092,0.4440324522136775,0.40370939024214664,0.2942047883295464,0.24462257915577967,0.16243780314723666,0.1477987227778058,0.1296594064024035,0.12324464724782211,0.10482783267103318,0.10041215432273622,0.08291423497976246,0.07953288615251036,0.021090006943800896,0.007571075807814525,0.0012298318134247902,0.00012036043203175002,1.2782714309562996e-06,8.312450051232454e-15,0,26452.054843556638,0.5516621743036837,5,0.6774483378256964,6
754,2833,0.0,0.0,0.0,0.0,0.0,0.0,0.0,0.9998102960747902,0.99171739682498,0.9594022433576282,0.9466483527847194,0.9136599105624772,0.9086155173728667,0.9026319458509343,0.9006909915036693,0.8950028356961659,0.8931625449408734,0.8867376168272104,0.8847315204721864,0.878188682496287,0.8755997928514702,0.8724589265918867,0.8701516423111734,0.8631937937545894,0.8354654720458174,0.823320258896016,0.7851573763322006,0.7642412809507807,0.7208694708809145,0.7114548099675424,0.698918016631525,0.6942371028851868,0.6798779701474891,0.6762024093237016,0.660467584122344,0.6571749362897812,0.5625209315089926,0.5003485716847241,0.40837684558290016,0.3652426425505482,0.2947371785164204,0.12298479847529666,0,2373.248197436843,0.22731356693620847,2,0.6783468104222821,6
755,2597,0.0,0.0,0.0,0.0,0.0,0.0,0.0,0.9764688293695477,0.34731767345538,0.004857646613082282,0.0008459380488516495,7.73776677338308e-06,3.682518225204367e-06,1.500269483767413e-06,1.1153657586511988e-06,4.607179213284019e-07,3.4436364239458037e-07,1.2237431558595806e-07,8.807348809143645e-08,2.95426267093374e-08,1.902144164666293e-08,1.1051059613282248e-08,5.872385695391523e-09,8.391400084909933e-10,2.727692553247243e-13,7.04547518692831e-15,4.1085334577343756e-20,3.8425030080071184e-23,8.26367689142081e-30,2.46088744886932e-31,1.9574834245297606e-33,3.051357335698598e-34,8.50382567214792e-37,1.7991099852653197e-37,1.8734833600491427e-40,4.2481770466407677e-41,1.6293821106190026e-61,3.3995162695135306e-77,6.2865400340939815e-105,5.1001824856857814e-135,1.3580355379388306e-193,0.0,0,784110.3846276321,0.7906558849955077,7,0.6792452830188679,6
756,7890,0.0,0.0,0.0,0.0,0.0,0.0,0.0,0.9999110216012697,0.9960888448727032,0.9805877146432823,0.9743651634656058,0.9579871468723791,0.9554437414148038,0.9524030060135028,0.9514097494390871,0.9484774371983622,0.9475138945141378,0.9440966546175605,0.9430127302881248,0.939421427484716,0.9379776369942985,0.9361996816090171,0.9339408517124754,0.9269800091048075,0.898613604607906,0.8859092704994819,0.8450362561558342,0.8221064256468673,0.7735035835282267,0.7627215718708764,0.7480237204692867,0.7424022975827019,0.7247440325172554,0.7201144812839686,0.6998340129802645,0.6954918992045857,0.5701045616973542,0.48868974705204293,0.3710355297746297,0.261752779334911,0.13291072147992913,0.00814945313850399,0,2965.770405268773,0.25606469002695414,2,0.6801437556154537,6
757,8830,0.0,0.0,0.0,0.0,0.0,0.0,0.0,0.9992896469075594,0.969282175208218,0.8558421325812043,0.8137642163299409,0.7115703607767873,0.6967273960783326,0.6792811335735095,0.6736472434305947,0.6572051298096244,0.6519074631031757,0.6335148361303716,0.627803123110906,0.6092642593304216,0.6019727351305733,0.5931214082461029,0.5814908979392597,0.5468085275608683,0.42323583393280945,0.3762481250784957,0.25437177130438493,0.2023900484035534,0.12187908755943268,0.1084580614648598,0.09230181740096767,0.08672426608341229,0.07112673672864434,0.06748139237219582,0.05341408685200201,0.05077000353624501,0.010091597870350293,0.002902002793013133,0.00031691594617114135,1.836682914279616e-05,7.005663480678497e-08,6.532220247516114e-18,0,33325.22307539906,0.5768194070080862,5,0.6810422282120395,6
758,7494,0.0,0.0,0.0,0.0,0.0,0.0,0.0,0.9992850525683589,0.9690615444350059,0.8547529767053103,0.8123940682070357,0.7097529227182328,0.6949064607084788,0.6775483872464914,0.671972276256984,0.6557832853917895,0.6505941167711868,0.6326346195567544,0.6270684314461126,0.6090414323522174,0.6019632527493032,0.5933946334821399,0.5821425064537087,0.548614339876733,0.42873252100877574,0.38291470134965017,0.26313804302716526,0.21142368737698267,0.13003845370463332,0.11622988615768762,0.0994573498209052,0.09362065513091472,0.07717109454705275,0.07331247059413626,0.05836470655645698,0.05554382705506056,0.011464301876179027,0.0033896269640455593,0.00038825598808907476,2.5329211262178806e-05,1.2188811902288029e-07,2.990651214936674e-17,0,3132.6540170927324,0.2623539982030548,2,0.6819407008086253,6
759,7265,0.0,0.0,0.0,0.0,0.0,0.0,0.0,0.9991170593608495,0.9618308303554115,0.8230536887804206,0.772594627100569,0.6527657212290617,0.6357322222405021,0.6158859921674765,0.6095226393473357,0.5910817365305957,0.5851815715824896,0.5648318258754922,0.5585548323581943,0.5383413122738306,0.530456417888252,0.5209545747719388,0.5097243733153356,0.47662037752568814,0.361103276149581,0.3181884183684574,0.20956631975904835,0.16452340712886068,0.09664517708383273,0.08560210019615379,0.07248522750534368,0.06801021686531719,0.0556275720660207,0.05276264619092409,0.04179823070419651,0.03975250106060481,0.008148419114321947,0.002421546790258137,0.00028600318569400076,2.809547242199688e-05,3.010800089252586e-07,2.0463862580765374e-15,0,13855.294410426763,0.47619047619047616,4,0.6828391734052112,6
760,10096,0.0,0.0,0.0,0.0,0.0,0.0,0.0,0.9992344605695513,0.9668637060246648,0.8449637332568879,0.8000204805139159,0.6917358821052881,0.6761492481104774,0.6579362551825496,0.6520860267589464,0.6350469131413468,0.6295590451421262,0.6105124619678586,0.6045982353181446,0.5854075315564824,0.5778606638029278,0.5686989519763685,0.5547860480992728,0.5136590841712084,0.3727770517199504,0.32183531871804455,0.19767452099757385,0.1488565043186907,0.07945422328073055,0.0687644988319909,0.05630632722838757,0.05211885519853974,0.04075460464395382,0.03817834341491317,0.028558433331195655,0.026812582633101382,0.0035943058268006938,0.0007616952693547266,4.832338103865947e-05,1.4814808595899695e-06,1.6387513687882572e-09,9.28238149444924e-22,0,1289.5161498769596,0.16082659478885894,1,0.683737646001797,6
761,4908,0.0,0.0,0.0,0.0,0.0,0.0,0.0,0.9999286067699774,0.9968589370329052,0.9843788434198723,0.9793443777786247,0.9659463533279947,0.9638434097194081,0.9613056430888445,0.9604690218281854,0.9579775514629008,0.9571584729895856,0.9542516813593797,0.9533280331818363,0.9502582033189051,0.9490205214813383,0.94749244259265,0.9452269923685711,0.9382195192281777,0.9095549470205705,0.8966689037469028,0.8550625031278208,0.8316402563059572,0.7818346778332127,0.7707504182992013,0.7556040345930798,0.7498000407449319,0.731535378678923,0.7267382243747215,0.7056881444766109,0.7011737320353154,0.5709576700897411,0.48675886207815783,0.36574351712497954,0.22943980229507788,0.09249467780595468,0.002167979548473326,0,5885.706098593668,0.36118598382749323,3,0.6846361185983828,6
762,7926,0.0,0.0,0.0,0.0,0.0,0.0,0.0,0.9999433092765946,0.9974981611319513,0.9875134184283955,0.9834751610787393,0.9727635601896005,0.9710882622918909,0.9690760469148103,0.9684156105134968,0.9664559316602447,0.9658140102298869,0.9635386444485292,0.9628155462550668,0.9604121548170782,0.9594428079339258,0.9582456208771929,0.956690288532912,0.9518905515868302,0.9322218256071938,0.9233535179966551,0.8945545221704373,0.8782094567860257,0.8430824840467973,0.8351979600086178,0.8244115106278254,0.8202781732997637,0.8072592631366622,0.8038373353094039,0.7887972451291607,0.7855663642870059,0.6892218992201113,0.6229072804493773,0.5202326991417618,0.41710154799222854,0.27215125789934136,0.047291624435404606,0,1451.9566095282603,0.1752021563342318,1,0.6855345911949685,6
763,212,0.0,0.0,0.0,0.0,0.0,0.0,0.0,0.9991344545769973,0.9627038408557711,0.8272826573728704,0.7780754576842791,0.6612036067224296,0.6445653018371874,0.6251958467719888,0.6189875206794566,0.6009569784799382,0.5951748201154154,0.5751804265688161,0.5690004057534931,0.5490665822944529,0.5412818915104978,0.531893011042876,0.5218957419202824,0.4920988719566862,0.38527703917004785,0.34433702552990947,0.23703020151850218,0.19061607390109284,0.11751154668214035,0.10509737196246124,0.09001728677825899,0.08477053056034395,0.06998444156385196,0.06650251475974583,0.05296911024988418,0.050406981120838655,0.010347756084523303,0.003037723801267336,0.00034175250561810274,2.0719465575444655e-05,8.680198016300665e-08,1.2225262401878092e-17,0,76841.78638000766,0.651392632524708,6,0.6864330637915543,6
764,1756,0.0,0.0,0.0,0.0,0.0,0.0,0.0,0.9996960459322611,0.986877847332945,0.9367539024789433,0.9174093726071574,0.8685260285204359,0.8612173864003352,0.8526725113848072,0.8499380030206437,0.8420306237096475,0.8395061662247372,0.8308098996947465,0.828130775415516,0.8195085765550029,0.8161424429695338,0.812109707855746,0.810095901797346,0.8040833843730999,0.7803308367325756,0.7700081717529069,0.7376916412974153,0.7200288699914809,0.6834742068669692,0.6755661186286261,0.6651103719242831,0.6612354248063874,0.6494279737342799,0.6464249419517871,0.6336472156472905,0.6309861979235148,0.5538601546578384,0.5021647697149753,0.423741948780429,0.38379350487312186,0.3174490927840208,0.14664345519016078,0,5032.36459470386,0.33423180592991913,3,0.6873315363881402,6
765,7806,0.0,0.0,0.0,0.0,0.0,0.0,0.0,0.9999464071768986,0.9976509303737944,0.988339319254236,0.9845985539966816,0.9747424371647915,0.9732113656193464,0.9713854579160094,0.9707907006874762,0.9690406215583164,0.9684679667351845,0.9664427177915883,0.9658021039374461,0.9636853731154195,0.962835731487534,0.9617896609866592,0.9605515914251166,0.9567375001643001,0.941094708613656,0.9340321837582012,0.9110398993751398,0.8979386369759669,0.8695798174527254,0.8631745144255392,0.8543832295079218,0.8510050548669839,0.8403318595920101,0.837516405981066,0.8250884519073539,0.8224071672839991,0.7412480584964961,0.6839808246509476,0.5926743424482754,0.48943559037991485,0.33744342372491176,0.0728039462678109,0,142.58891941391943,0.032345013477088944,0,0.688230008984726,6
766,9738,0.0,0.0,0.0,0.0,0.0,0.0,0.0,0.9991915091846117,0.9650948933093547,0.8374927728556766,0.7907684886450769,0.678907393875252,0.6628877240034695,0.6441853197878359,0.638179046930804,0.6207457618076752,0.6151526679427863,0.5958033269155114,0.589819646087483,0.5705005371244752,0.5629435120628795,0.5538197744520639,0.5434919390245976,0.5126511780530125,0.4019776409453515,0.35952779285995046,0.24813720168697193,0.19987425423633393,0.12369440035106893,0.11073118266138623,0.09497344372859991,0.08948809558405837,0.07401840879744459,0.0703727292884373,0.056189082198423106,0.05350096090194234,0.011195214356971323,0.0033386114824107346,0.0003869094832810596,2.319512123964109e-05,9.450878369848395e-08,1.1577756923106521e-17,0,766360.1926173563,0.7879604672057502,7,0.6891284815813118,6
767,7469,0.0,0.0,0.0,0.0,0.0,0.0,0.0,0.9998666627833469,0.994093914678412,0.970589466647138,0.961123711477528,0.9361425808674226,0.9322491276345491,0.9275598213758163,0.9260160098559161,0.9214236465335883,0.9199066069665229,0.914484320440332,0.912750721341536,0.9069478926398584,0.9045900615226499,0.9016536196939129,0.8965059401583994,0.8806299749755568,0.8171651375005008,0.7894296581246188,0.7033682146501824,0.6572983637522406,0.5650549585841584,0.545565973828986,0.5194950955134278,0.5096705077595023,0.47937144175057667,0.4715695659989135,0.43812244421220686,0.43111732211274784,0.2568411104929253,0.17165820447468544,0.08358918800230246,0.03750723473366437,0.007899853178894517,1.2840930900832668e-05,0,509.23586038381063,0.09074573225516622,0,0.6900269541778976,6
768,6802,0.0,0.0,0.0,0.0,0.0,0.0,0.0,0.9998852761871113,0.9949753086005356,0.9751767604952555,0.9672650917772787,0.9465382996708968,0.9433348616557937,0.9395166726310188,0.9382729721671439,0.9346132532770015,0.9334243949874527,0.9292562067234241,0.9279491851824306,0.9236680410583824,0.9219639148745908,0.919883135103438,0.9175434721627496,0.9103865890327165,0.8814612327146091,0.8686138151853413,0.827620354959897,0.8048096886661663,0.7567801261142876,0.7461950381605819,0.7318777141188474,0.7264471928333565,0.709521474944672,0.7051183445506604,0.6859739864509199,0.6819055629885701,0.564771179635701,0.48865204323269024,0.37825941652398065,0.30401027010364085,0.1985639392637538,0.03411978394190839,0,275.13168426385107,0.05750224618149146,0,0.6909254267744834,6
769,10544,0.0,0.0,0.0,0.0,0.0,0.0,0.0,0.9999407842582996,0.9974052243703243,0.9871277835232037,0.9830025755229661,0.9721432772479833,0.9704576865765736,0.9684482166329886,0.9677938663751714,0.9658690111082011,0.9652439374677743,0.963053110436993,0.962366638171589,0.9601196692745343,0.9592271701030445,0.9581416531148796,0.9569830387831101,0.9534159015122525,0.9388031873677027,0.9322119114773968,0.9107674431413187,0.8985483378473306,0.8721254428476451,0.866164620029827,0.8579992070695023,0.8548668307304692,0.8449858110683351,0.8423849827300821,0.8309330259167245,0.8284684752823263,0.7537689091709379,0.7008444368380625,0.6159291492758222,0.5022090736921753,0.3369552428165275,0.06440184350828942,0,419644.6623024486,0.7601078167115903,7,0.6918238993710691,6
770,5408,0.0,0.0,0.0,0.0,0.0,0.0,0.0,0.9998663938990846,0.9941427913710621,0.9710664426445977,0.9618632807227522,0.9378041908316754,0.9340899322525161,0.9296603806065822,0.9282164696515431,0.9239644253678211,0.9225821117367344,0.9177322856175278,0.9162104845436688,0.9112225286894127,0.9092389125569734,0.9068214674448232,0.9036571652262906,0.8938486955281373,0.8539161655696732,0.8360810312364203,0.7791001122199915,0.7474736532413011,0.6814073400446427,0.6669215964033031,0.6472184474732887,0.6396916694327938,0.6161101758303147,0.6099427496526028,0.5830582677834095,0.5773323990316388,0.42058584131017024,0.32870091801096535,0.21131381494021861,0.1157749154670991,0.035915102498419386,0.0002870152781341825,0,1109.788387887006,0.1491464510332435,1,0.692722371967655,6
771,2976,0.0,0.0,0.0,0.0,0.0,0.0,0.0,0.9991489703857486,0.9631684849580626,0.8287370484018862,0.7796436141789298,0.6625438575635195,0.6458301416432414,0.6263086187220318,0.6200357605319755,0.601817962562377,0.5959747437348477,0.5757791864556046,0.5695400948586781,0.5494057174668456,0.5415283801042042,0.5320099924728426,0.518369532696502,0.4782987898794138,0.34238996200228117,0.2937626923607675,0.17686032606828764,0.13166718415392423,0.06855032174867638,0.058994200668467764,0.04793745252691419,0.044243422267628264,0.03428305939412966,0.03203981726232411,0.023719900387748252,0.02222075943272325,0.0027803115941969925,0.0005589862964323705,3.234687375331121e-05,9.13129718550264e-07,8.562888532155864e-10,2.393135372263266e-22,0,69032.68039888874,0.637915543575921,6,0.6936208445642408,6
772,10315,0.0,0.0,0.0,0.0,0.0,0.0,0.0,0.9991848071996282,0.9646217054222264,0.8347652623574306,0.7870542648302411,0.672583328929912,0.6561611871973196,0.6369437902928465,0.6307566979052287,0.6127366010323424,0.6069418461319661,0.5868685365516328,0.5806478413274074,0.5605238292547554,0.5526375528172002,0.5430945882197411,0.5291013633278113,0.4881084674688751,0.3494310537335539,0.29992656332153655,0.18089693251458153,0.1348478857204516,0.07044864724118796,0.06068382964362873,0.049382149340606224,0.04560555128062262,0.03541728640304376,0.0331213109388547,0.02459769830521742,0.02305997978608371,0.002955972399696835,0.0006059027265150011,3.6274449935009286e-05,9.326608837195052e-07,7.242684370049677e-10,9.085921212859079e-23,0,5550.555049229397,0.3504043126684636,3,0.6945193171608266,6
773,1192,0.0,0.0,0.0,0.0,0.0,0.0,0.0,0.9992236217738125,0.966490792844679,0.8436749967848989,0.7985579751608012,0.6902056327161264,0.6746533415421201,0.6565270482021798,0.6507194542573367,0.6339014073780256,0.628522608611414,0.6099492299682658,0.6042157955926065,0.5857376481585517,0.5785217876050075,0.569828580707271,0.5614034971870853,0.5363088221091147,0.4442486766943565,0.4078312721309116,0.30783744332317264,0.2616476313611661,0.18302149506911242,0.16866331396276482,0.1507549042783935,0.14439474271475325,0.12600147851192378,0.12155460957231835,0.1037213377374486,0.10023008974400623,0.03392430721141654,0.014784300135101631,0.0034248969076478143,0.0007025626043119416,3.227759393538512e-05,9.804520491564335e-11,0,4431.9583242177705,0.316262353998203,3,0.6954177897574124,6
774,2694,0.0,0.0,0.0,0.0,0.0,0.0,0.0,0.9998228225675658,0.9922877189654148,0.9622574261048003,0.9504251972323101,0.9198664207074874,0.9152017784763594,0.909684584312994,0.9079002987150194,0.9026869695606221,0.9010053576795276,0.8951516607252514,0.8933292599624639,0.8874027070786668,0.8850673547618875,0.8822466307165084,0.8802770120629804,0.8742997886795724,0.85027621160864,0.8396583675336246,0.805882108797613,0.7871244805686735,0.747701213678038,0.739035664201899,0.7273812616228975,0.7229881912758888,0.7093775971393511,0.7058581757311085,0.6906396065349563,0.6874229952434394,0.593691055797606,0.5309998411175052,0.4366476048784183,0.36757429683661136,0.2631163763526059,0.06641189044588601,0,inf,0.9622641509433962,9,0.6963162623539982,6
775,7936,0.0,0.0,0.0,0.0,0.0,0.0,0.0,0.9999530839000965,0.9979590397605594,0.9899272343803573,0.9867229590727509,0.9783379190606686,0.9770444366260211,0.9755135439810618,0.9750186921378514,0.9735736997753306,0.9731078977677072,0.9714831477758091,0.9709748756281217,0.9693093403995763,0.9686470318454575,0.9678406981304245,0.9671222721596937,0.9649182720936811,0.9558872966200751,0.9518067845726259,0.9384533201538308,0.9307913947808536,0.914102772297124,0.9103153775624329,0.9051172315778838,0.903121269459604,0.896814739020441,0.8951447685196647,0.8877444784662918,0.8861417101880937,0.836423652142926,0.7998301983516817,0.7384753123375798,0.660672642530154,0.5323342549229602,0.21887996238379664,0,47680840.29858081,0.9559748427672956,9,0.6972147349505841,6
776,5316,0.0,0.0,0.0,0.0,0.0,0.0,0.0,0.9991429010209227,0.9629176955794418,0.8276749253632381,0.7783276588593219,0.6607154347798312,0.643943047240656,0.6243769313553785,0.6180970497740759,0.5998790974760105,0.5940417281867759,0.5739000178344394,0.5676878289778916,0.5476842692179358,0.5398812876207139,0.530440711666292,0.5175618647828009,0.479662050066284,0.3498327885154952,0.3027747551879081,0.18757704974758085,0.1419676877385843,0.07663444369556822,0.06649716017850407,0.05464770294893328,0.05065505833187474,0.03978547191706362,0.03731332712151284,0.028051282067872954,0.026364437326218123,0.003653162442208584,0.0007934110358582281,5.243642712440053e-05,1.6160706986055946e-06,1.7937331367189462e-09,1.0014663074639781e-21,0,15664.85554058233,0.49775381850853545,4,0.6981132075471698,6
777,5272,0.0,0.0,0.0,0.0,0.0,0.0,0.0,0.9992103466920007,0.9657718837017492,0.8399756292261819,0.7936680762155224,0.6823062993453559,0.6662982983706486,0.647574197241197,0.6415521653576884,0.6240482914286375,0.6184335863233325,0.5990312917498681,0.5930378943349556,0.5737012439590556,0.5661339832373317,0.556989360600235,0.5440200647549575,0.5056402023390774,0.37280976082218353,0.32415534010750113,0.2039613849822558,0.15578480620591675,0.08583166642206393,0.07483363152722206,0.06191035606245542,0.05753705772932509,0.04557669848506689,0.04284380058817165,0.03255557467804425,0.030671973396873987,0.004604134015711731,0.0010661398709097027,7.929089107990685e-05,2.909984441494566e-06,4.530033850726184e-09,1.0069631664186444e-20,0,7437.552578505386,0.3908355795148248,3,0.6990116801437556,6
778,6240,0.0,0.0,0.0,0.0,0.0,0.0,0.0,0.9993245715521378,0.9706393948599167,0.8613495726711715,0.8204213884259598,0.7202834082821767,0.7056676152074423,0.6884620154817519,0.6828983250532038,0.6666411768031466,0.6613968031971391,0.6431668550968009,0.637501936090735,0.6191230626705855,0.6118974785668606,0.6031389396628676,0.591812843450159,0.5580996164336438,0.43748779777797814,0.3913275903395963,0.2703739837195023,0.21801522076642815,0.1353645475279028,0.12129648785528377,0.10420739817028443,0.09826313044270316,0.08150342747409856,0.07755424839811395,0.06218284661452205,0.05926762215056767,0.012831076834369052,0.003933877376675895,0.00048011079631932933,3.31113169177774e-05,1.778757136901523e-07,6.929530872798043e-17,0,4683.753041403684,0.3252470799640611,3,0.6999101527403414,6
779,3530,0.0,0.0,0.0,0.0,0.0,0.0,0.0,0.9991958966595573,0.965155660308914,0.8372997697648311,0.7903358624010329,0.6776595386969441,0.6614982879682811,0.6426155238412655,0.6365483179754216,0.6189296627156763,0.6132810721690195,0.593770521124095,0.587744534361445,0.568310781612037,0.5607175325527973,0.5515586486700795,0.5422032529778336,0.5143546055058846,0.4136016362648567,0.37446457481918716,0.26988005120108055,0.22338536800604536,0.1474829442257002,0.13413876269576727,0.11772771280713998,0.1119558721687591,0.09545949200760337,0.0915181575334689,0.07592684584574144,0.07291820705326,0.02020793003427206,0.007528090292983412,0.001308671432714252,0.0001425758535590122,1.8666943738379734e-06,2.8634758017449454e-14,0,69553.64261456217,0.6397124887690925,6,0.7008086253369272,6
780,2975,0.0,0.0,0.0,0.0,0.0,0.0,0.0,0.9990491224673157,0.9588985180625262,0.8103787004312548,0.7567827218230326,0.6305060173972757,0.6126771030257538,0.5919234735439914,0.5852710302506111,0.5659798528829405,0.559802357398303,0.5385003525375702,0.5319351714885316,0.5108137182462927,0.5025842875403201,0.4926697848477571,0.47858270324444097,0.43740072060182295,0.30080840495555555,0.2533810629838415,0.1436338479691131,0.10330625005050187,0.04989293547299225,0.042213668995771746,0.03351736973930357,0.030663613419785338,0.023115371828576342,0.02144826973814278,0.015388261933912281,0.014319482341139094,0.001453037247742549,0.00024922677603595486,1.090716458502875e-05,2.2510962096335999e-07,1.1366329282783676e-10,2.4079025980823776e-24,0,400467.29388619075,0.7574123989218329,7,0.701707097933513,7
781,10488,0.0,0.0,0.0,0.0,0.0,0.0,0.0,0.9999169420782276,0.9963347460262821,0.9817417603229122,0.9758571632346512,0.9602987392909985,0.957871973179591,0.9549589887300055,0.9540036670790818,0.9511734579810537,0.950247838146593,0.9469804410480687,0.9459488831467933,0.9425469598399798,0.941184614608652,0.9395132717021052,0.9375437235610409,0.9314892054676859,0.9068284614200663,0.8957836325632618,0.8602065771316383,0.840185746799984,0.7975549739082992,0.788062688536614,0.7751293093884561,0.7701912259729853,0.7547000570758907,0.750645934958694,0.7329103110454819,0.7291160318124422,0.6178484773470991,0.5433749130342059,0.4319783425882282,0.3278967409438828,0.19064615643351304,0.020038967425353427,0,8997.219210289073,0.4213836477987421,4,0.7026055705300989,7
782,5967,0.0,0.0,0.0,0.0,0.0,0.0,0.0,0.999129599543657,0.9623629573972997,0.8253351277057784,0.7754334419276334,0.6567364611199084,0.639838205021024,0.6201364612315127,0.6138124131540127,0.5954471032653007,0.58955790783487,0.5692166194525807,0.5629366448159432,0.5426959469984536,0.5347935550047608,0.525263026297382,0.5132281500008972,0.47762585437426464,0.3541430976422283,0.3087235448525898,0.19568343128940036,0.15001914374291997,0.08323610143518559,0.07266721083835773,0.06020516604645221,0.05597516779047746,0.044375701061660604,0.04171850878325515,0.03169003598591405,0.029849544261441617,0.004424620435496768,0.0010106253640375937,7.283448920571412e-05,2.712435881943628e-06,4.368159308319216e-09,1.1517770833893223e-20,0,924422.5094571956,0.8005390835579514,8,0.7035040431266847,7
783,5485,0.0,0.0,0.0,0.0,0.0,0.0,0.0,0.9991401181951167,0.9627226024983754,0.826566596435597,0.7768257523306428,0.6581818685358756,0.6412482830552652,0.6214630664196763,0.6151023441896124,0.5966213616848455,0.5906932150433293,0.5702114594942522,0.5638863365248423,0.5434947351442356,0.535531458066967,0.5259246638670027,0.5154239192424459,0.4843307037419984,0.3746820072112832,0.3333858982407479,0.22692515030423807,0.18166279751210965,0.11136281757365256,0.09957000967910355,0.0853668559756286,0.08046285979848024,0.06672515545382829,0.06350695794013378,0.051018542790008226,0.04865662125412295,0.010808440051285078,0.00339630746433999,0.0004366928736396553,3.616195931879079e-05,2.7824541149131974e-07,4.848809394785544e-16,0,3391610.235691553,0.8517520215633423,8,0.7044025157232704,7
784,5319,0.0,0.0,0.0,0.0,0.0,0.0,0.0,0.9998041386249793,0.9914137326861957,0.9577938348960191,0.9444809191790263,0.9099390849467809,0.9046399059221713,0.8983291447290301,0.8962737563950885,0.8902259409312049,0.8882614102425744,0.8813755420827711,0.8792171248089242,0.8721439556144794,0.8693310216986169,0.8659005191936556,0.8611492569142971,0.8464670662640192,0.7875870057658791,0.7617655032727382,0.6813221674526113,0.6380642944623048,0.5510140830933744,0.5325372705586527,0.5077476815992303,0.49838081868617223,0.4694168359567496,0.46192498750653277,0.4296517451196243,0.42286074231128123,0.2533584531746589,0.17010785605549136,0.08326872435625392,0.032237049394190254,0.0050839677806984755,2.481800452851733e-06,0,2017.670484663124,0.21203953279424978,2,0.7053009883198562,7
785,6820,0.0,0.0,0.0,0.0,0.0,0.0,0.0,0.9992315524817722,0.9666425115692983,0.8436579725893893,0.798229669572692,0.6886192969734316,0.6728178472661356,0.6543096736222677,0.648339814718193,0.63091991560081,0.6253082325715177,0.6058335434491691,0.5997922886272883,0.5802418249371953,0.5725784691866522,0.5633078918040482,0.5521131382803232,0.5188638319973164,0.4009481324075206,0.3562883070393789,0.24082160798967406,0.19170969157514323,0.11568204413087098,0.10297747683373358,0.08766118729916708,0.08236659679069905,0.06754372230485753,0.06407576958135919,0.050682533472532855,0.048162723409347005,0.00947139294546868,0.00269360847423388,0.0002871458607958545,1.5373904748268156e-05,5.022346249099967e-08,2.462584420378979e-18,0,105916.06715003008,0.683737646001797,6,0.706199460916442,7
786,7058,0.0,0.0,0.0,0.0,0.0,0.0,0.0,0.9991557796899064,0.9634584988475758,0.8299893038622873,0.7811985337155893,0.6646527547584047,0.6479994552792929,0.6285525089692714,0.6223052042633609,0.6041523802580561,0.5983187336667498,0.5781257426655738,0.5718780716952669,0.5516981173630766,0.5438018885786592,0.5342451688223159,0.5194370466457928,0.47604180341457064,0.33105952537401595,0.28020914541539194,0.16101095945163435,0.11667577920491572,0.0572425098002823,0.048597784692949245,0.038758377309737094,0.03551471792360245,0.026894743319328472,0.024982078186128267,0.01799968570176311,0.016763297880167848,0.0017417107068644618,0.0003036533286389771,1.364027895284345e-05,2.7650151197646826e-07,1.363847846238456e-10,2.7264287781438695e-24,0,10617.963582751723,0.4411500449236298,4,0.7070979335130279,7
787,9754,0.0,0.0,0.0,0.0,0.0,0.0,0.0,0.9989673176859455,0.9552357964401644,0.7941229434389377,0.7363402874047589,0.6012362243983135,0.5822827235946608,0.5601786827408121,0.55307351693587,0.5324334996703356,0.5258144707456512,0.5029733695126631,0.49593646756710286,0.47320865644531634,0.46426269194700204,0.4533604410674294,0.4374521947238678,0.39175259600414836,0.24800145896282122,0.20124264615159884,0.10080745739725837,0.06746672461404714,0.027780769349499707,0.022657354222867538,0.017098229228242737,0.015337869415168903,0.010860491539324698,0.009910984115593567,0.006603308968489605,0.006046520593080962,0.0003671277679754967,4.233459380988957e-05,9.141968152516603e-07,7.488942675994678e-09,6.208131462757029e-13,7.25210587083995e-30,0,1780.2973001899165,0.1949685534591195,1,0.7079964061096137,7
788,6494,0.0,0.0,0.0,0.0,0.0,0.0,0.0,0.9999561148835174,0.9980662830892537,0.9903525633137321,0.9872341078432667,0.9789655366885927,0.9776731783937587,0.976123528185418,0.9756160383471038,0.9741147220170401,0.9736244243233428,0.9718959850441843,0.9713510009523145,0.9695559741595728,0.9688385052970032,0.9679605020308798,0.96705891658967,0.9642912032382047,0.9529555974057055,0.9478313081813134,0.9310804790807312,0.9214913898732935,0.9006642434701898,0.8959485809164917,0.8894808323095738,0.8870007580210749,0.8791804860370855,0.8771230047395202,0.8680652118142779,0.8661135094267821,0.8062389953968495,0.7628851557999573,0.6915265808215225,0.5995006187052869,0.4535417653115063,0.14272177485610824,0,33361.468686770764,0.577717879604672,5,0.7088948787061995,7
789,2892,0.0,0.0,0.0,0.0,0.0,0.0,0.0,0.9989790846389799,0.9557602146795601,0.7965570347382323,0.7394310484916001,0.6056620621141918,0.5868772635063273,0.5649769931284131,0.5579336803434598,0.5374607737135743,0.5308913069677732,0.5082017685536754,0.5011990880951464,0.4786448460018285,0.4698506647961941,0.45923396413393286,0.44533025556818207,0.4049720921745071,0.27315654811669604,0.22815876374640057,0.1257415876641439,0.0889449270177371,0.04139434352152188,0.03472397106042043,0.02724346868224985,0.024808471762869513,0.018425756995144392,0.017029191443352402,0.012002995950318042,0.011126144701800731,0.0009972318302077423,0.00015533247783248665,5.725031483947999e-06,9.530731880439499e-08,3.181254954066215e-11,1.2310632588407127e-25,0,3159.328367941798,0.265947888589398,2,0.7097933513027853,7
790,7896,0.0,0.0,0.0,0.0,0.0,0.0,0.0,0.9999253624930514,0.9967159040569571,0.9836697807781335,0.9784195037814039,0.964564463016046,0.9624078684151958,0.9598119031487293,0.9589559906726633,0.9564067571282259,0.9555685864140822,0.9525940852486291,0.9516499834146657,0.9485198797387452,0.9472606387318117,0.9457090563709052,0.9436012116968474,0.9370986873534398,0.9105432503545503,0.8986214562644852,0.8601525544161129,0.8384989142644511,0.7924339647105286,0.7821824605032976,0.7682022881153147,0.7628576826870892,0.7460730055833202,0.7416736648308284,0.722402975931073,0.7182772947197529,0.5983485182607429,0.5195215217082785,0.40397828833469485,0.27706128410327535,0.1323295440392351,0.0061726465574243475,0,3727.784971230545,0.2938005390835579,2,0.710691823899371,7
791,9245,0.0,0.0,0.0,0.0,0.0,0.0,0.0,0.9999421269142178,0.997451819801019,0.9873072716997767,0.9832150445409307,0.9723892273675896,0.9707005444360094,0.9686775085157383,0.9680155098158731,0.9660586233956906,0.9654200390091449,0.9631706654213715,0.9624620078675555,0.960129814808329,0.9591984377113169,0.9580594695112482,0.9567905755559799,0.9528852906142754,0.9368871847640275,0.9296729893076555,0.9062174966535973,0.892877197867602,0.8641202860217527,0.8576512016597411,0.8488058072943344,0.8454194938196484,0.8347600792901267,0.831960230559688,0.8196585887292133,0.8170168813884363,0.7373769430886474,0.6813576394479963,0.5922292727346347,0.4762358343824443,0.3106975374074019,0.05266619055668161,0,4879.602954011291,0.3306379155435759,3,0.7115902964959568,7
792,7595,0.0,0.0,0.0,0.0,0.0,0.0,0.0,0.9993748951165713,0.9729323871098431,0.8720935113666239,0.834337769369236,0.7418520020817192,0.728351630869674,0.7125423179110316,0.7074564307511556,0.6926441622588665,0.6878805569329551,0.6713564040397754,0.6662298106174928,0.6496213323168939,0.6430995219209038,0.6352113713309925,0.6254020025979873,0.5961528190219831,0.4891912163065977,0.44707307822404946,0.33225771942778476,0.2798135756711697,0.1917029687611741,0.17580532526523332,0.15606469571239381,0.1490779218620533,0.1289578127022053,0.12410575074929411,0.10469953324414025,0.1009097723767544,0.031157550946091073,0.012564975351229692,0.002496441280389114,0.00031792677060248715,5.663470474491696e-06,3.1755174623782066e-13,0,547.2153058441372,0.09883198562443846,0,0.7124887690925427,7
793,3356,0.0,0.0,0.0,0.0,0.0,0.0,0.0,0.9999505939376628,0.997841284596776,0.9893091756385555,0.9858895854829262,0.976900108402725,0.9755069524275755,0.9738500332180282,0.9733118105339542,0.9717324537834875,0.9712208384814236,0.9694318116983585,0.9688722768173885,0.967044172591503,0.96631936721011,0.9654395137180432,0.9646765603288479,0.962340462293959,0.9527846487668232,0.9484785217926731,0.9344620043284709,0.9264686377091158,0.9091641711024151,0.9052604793530107,0.899933158232176,0.8978991208560574,0.8915100560293973,0.8898356569285525,0.8824916319105872,0.8809172886895509,0.8326067348857192,0.7974091484818616,0.73892581395699,0.6730093172404805,0.5599333743690526,0.25977295516185317,0,82002.69868472229,0.6585804132973944,6,0.7133872416891285,7
794,1716,0.0,0.0,0.0,0.0,0.0,0.0,0.0,0.9998406279310311,0.993061248982393,0.9659953277576504,0.9553095959426099,0.9276537657014438,0.9234247947276021,0.9184206354296925,0.9168017908365723,0.9120705209978545,0.9105439808341484,0.9052284177197336,0.9035730139265669,0.8981877624735616,0.8960621995538045,0.8934907813883416,0.8918214351555946,0.8867818650644547,0.866587714931003,0.8576848031348223,0.8294111109053023,0.8137176060932061,0.7807311922391862,0.7734945554115706,0.7638136183491637,0.76018570497863,0.7490063586574918,0.7461314165630927,0.7337623230570395,0.7311611263890848,0.6545993551249422,0.6021463577778778,0.5207496026837178,0.47083220691308436,0.38733111658154046,0.1736609051973871,0,3478.5033123585545,0.2821203953279425,2,0.7142857142857143,7
795,198,0.0,0.0,0.0,0.0,0.0,0.0,0.0,0.9991354112249394,0.9625194290954109,0.8256224369113389,0.7755889395277918,0.6563213652401841,0.6393077780218661,0.6194294357882378,0.6130385173842954,0.594469093045251,0.5885123630957824,0.5679316362448668,0.5615759401908448,0.5410859997975359,0.5330845760400422,0.5234312746034682,0.5092776633991956,0.46787477489259666,0.3291834314093407,0.2802955361666336,0.1646001666356601,0.12079349074775908,0.06096435790950289,0.05210068318232549,0.04193891387171405,0.03856990820393103,0.029559481898544068,0.02754678397242216,0.020143973668281804,0.01882178105136217,0.0021701675993709736,0.00040999211855872867,2.1241315808989727e-05,4.969164673130146e-07,3.215090946145876e-10,1.9092196038869294e-23,0,42705.93424412344,0.5965858041329739,5,0.7151841868823001,7
796,3777,0.0,0.0,0.0,0.0,0.0,0.0,0.0,0.9999127638686235,0.9961666506071157,0.9809841020829774,0.9748933030277636,0.9588717924802251,0.9563853516897172,0.9534150861986802,0.9524456384636146,0.9495872743038908,0.9486568989879076,0.9453883147616438,0.9443626002159099,0.9410018727178459,0.9396657776004261,0.9380387467489848,0.9362876445677759,0.9309224565558314,0.9091103647236213,0.8993559679631071,0.8679539104050787,0.85029421652214,0.8126981239699587,0.8043339295431836,0.7929741319303019,0.7886515213239759,0.7751320516039125,0.7716032977994108,0.7562086215113826,0.7529261233792912,0.6560902422644018,0.5903253100259644,0.4898314710991065,0.39078945896922396,0.25182236982467804,0.04088416084758605,0,1757.6579637553914,0.19407008086253372,1,0.7160826594788859,7
797,7851,0.0,0.0,0.0,0.0,0.0,0.0,0.0,0.9999174125787397,0.9963672547979336,0.9819511801488346,0.9761563905711178,0.9608831707465321,0.9585083599555083,0.9556669974442551,0.9547382035128925,0.9519955343200269,0.9511014595660761,0.9479556145085173,0.9469632914615267,0.9436861636017453,0.9423729286207844,0.9407610632974145,0.9387205888677196,0.9324155835778684,0.906616532544255,0.8950109762432821,0.857482925960883,0.8363096978111362,0.7911527281789541,0.7810792169769099,0.7673095847272444,0.7620271760988697,0.7453809136007112,0.7410029907525205,0.7217621921949624,0.7176292578615371,0.5971562904690855,0.5177091186465752,0.40089762056350337,0.27272006296480833,0.12862050165500888,0.005737895485573177,0,118706.61779572857,0.6945193171608266,6,0.7169811320754716,7
798,10576,0.0,0.0,0.0,0.0,0.0,0.0,0.0,0.9998799727219234,0.9947359431163423,0.9739777337612483,0.9656899666531261,0.9439979121045615,0.9406459749968537,0.936649070471458,0.9353465310977803,0.9315118257840117,0.9302655226432378,0.9258939016850416,0.9245224580967449,0.9200100536186243,0.9182021432983273,0.9159764428353526,0.9136859610590844,0.9067563583861701,0.8790309238868047,0.8668370734464013,0.8282795640488295,0.8070067006384407,0.762605182333969,0.7529065928780778,0.7399203233314253,0.7350429716119471,0.7199843513122594,0.7161031846283178,0.6993530046414447,0.6958195191077001,0.5935730633240229,0.5259813623007558,0.4256005370844132,0.3595254936606514,0.2596800233812805,0.06864029030374214,0,196.4142029784887,0.044923629829290206,0,0.7178796046720575,7
799,7904,0.0,0.0,0.0,0.0,0.0,0.0,0.0,0.9999393056915236,0.9973393889944833,0.9867982462520285,0.9825661510860535,0.9714228948331671,0.9696927731122804,0.9676294239167352,0.966957261965217,0.964979225416923,0.964336626136735,0.9620832151659272,0.9613764520522674,0.9590608443188916,0.9581402024071886,0.9570193649741777,0.9559372859581987,0.9525935783854621,0.9388259948214934,0.9325843921732396,0.9121719128782677,0.900490837348945,0.8751383685688192,0.8693874990537451,0.8614683064290295,0.8584157354809341,0.848740184378536,0.846181254566197,0.8348602925868318,0.8324124007816407,0.7578406352348437,0.7046812464362487,0.6189173760187446,0.5091344600153181,0.3475677605410335,0.07137497621002561,0,6357.373447719288,0.3719676549865229,3,0.7187780772686433,7
800,1904,0.0,0.0,0.0,0.0,0.0,0.0,0.0,0.9993507042260187,0.9718171901705196,0.8668123289261005,0.8275258541829449,0.7314327804884453,0.71741845290081,0.700978196148592,0.6956815911305909,0.6802587974492745,0.6753007526283421,0.6581021352495929,0.6527629166044825,0.6354558032551327,0.6286564803458694,0.6204255653099005,0.6126201675515593,0.589274922487215,0.5021588050882385,0.4669735606008982,0.3677550102979449,0.32038974929809877,0.23668749196045805,0.22084678168961241,0.20078237392894016,0.19356583603399813,0.17240057366859732,0.16721348196451857,0.1461193425855454,0.14192967222914848,0.056533487709651754,0.027902653332603562,0.008004985281379101,0.0019142553342020251,0.00011689112417956063,1.0846547281948292e-09,0,28459.97704532629,0.5588499550763701,5,0.7196765498652291,7
801,8766,0.0,0.0,0.0,0.0,0.0,0.0,0.0,0.9992187714514408,0.9662892060804944,0.8427233527780765,0.7973319020920862,0.688334871799808,0.6726938735166789,0.6544349698031278,0.6485751200824398,0.631560471705639,0.626105294052098,0.6072594583344889,0.6014393378048062,0.5826718541382195,0.575338992794665,0.5664993353133007,0.5578943805196087,0.532086861966072,0.43686969844023305,0.39906048436775277,0.2953579858023117,0.2477853720757252,0.16778841031789576,0.15335155104084827,0.13537040246013657,0.12898473157011253,0.11056276885469268,0.10612126673536365,0.08840402325565226,0.08495692972890162,0.02386658732448331,0.008933857120128265,0.0015505969811666432,0.00016538015512342403,2.0790105744203125e-06,2.731256564198382e-14,0,2664588.7858714676,0.839173405211141,8,0.7205750224618149,7
802,7666,0.0,0.0,0.0,0.0,0.0,0.0,0.0,0.999049742656248,0.9588812792758903,0.8101512925853107,0.7563795485064948,0.629495515860246,0.611554758917322,0.5906326377293954,0.5839135904347803,0.5644119337930189,0.5581641678550855,0.5366295080841774,0.5299956741340109,0.508663262106151,0.5003557428108618,0.49031059933669763,0.47467508140627585,0.42925956528997883,0.28255032571118094,0.23337987401807603,0.12393682203560848,0.0857949593533594,0.038050774367380635,0.03156375406071113,0.0243781964540621,0.022063103907061742,0.01606487111510667,0.014768318718653596,0.010162775482279073,0.009370826305211471,0.000710688725637434,9.737465108731538e-05,2.860817529359002e-06,3.62391710172879e-08,7.112302443488587e-12,3.0910590797210954e-27,0,522.1359336633363,0.09433962264150943,0,0.7214734950584007,7
803,1,33.0,53487.0,0.5,11.0,100.0,0.0006169723484211117,0.5,0.9992031201321269,0.9655221045985943,0.8391064780341065,0.7926784276381879,0.6812617341835465,0.665279785718429,0.6466243881253442,0.6406371771446032,0.6232704012926019,0.6177087644331005,0.5985182334022853,0.5925988724061788,0.573534517358014,0.5660950328531212,0.5571357355314168,0.5485913498224179,0.5230406970400632,0.42932657511189426,0.3923205718622655,0.29122769706701856,0.2449797409339656,0.1672603218735905,0.15324344375704432,0.1358270170126798,0.12965816021179277,0.11188712666626154,0.1076036499368789,0.09048296322959425,0.08714411304070305,0.02635307133337956,0.010477922053953408,0.0020368337384865515,0.0002725615195284606,5.315462583002213e-06,4.256310075401839e-13,0,133034.53496970815,0.701707097933513,7,0.7223719676549866,7
804,6053,0.0,0.0,0.0,0.0,0.0,0.0,0.0,0.9992725523109179,0.9684872793589164,0.8520986631438361,0.8089881245597519,0.7046208882823903,0.6895356474109894,0.6718891194114572,0.6662151462202716,0.6497196854823882,0.6444252967177901,0.6261210911430493,0.6204637468654841,0.6022060051770628,0.5950656765184593,0.5864525293334706,0.5769318614091637,0.5483194833461205,0.4435472301017875,0.4023461157452727,0.2908366422416407,0.24058680165495533,0.15781557571684995,0.143159591896417,0.1250293143765771,0.11862498252599529,0.10027272268278761,0.09588004773190481,0.0785456254070779,0.07521889336579658,0.01898111964896781,0.006560494753110931,0.0009934921461498907,9.063919061010003e-05,8.391289215876735e-07,3.056091210369641e-15,0,1027258.8642768828,0.8077268643306379,8,0.7232704402515723,7
805,1542,0.0,0.0,0.0,0.0,0.0,0.0,0.0,0.9999191407263565,0.9964148784926598,0.9820684358735242,0.9762545164666223,0.9608075959043221,0.9583864921205201,0.9554663419362823,0.9545040760899134,0.9516396598434413,0.950698376091324,0.9473598757525187,0.9463008606029323,0.942791858173189,0.941381054701894,0.9396436090782941,0.9371781297429166,0.9295732173519315,0.8985927177895351,0.8847251418261443,0.840156205637463,0.8151923964743703,0.7623710733391094,0.7506498165096878,0.7346524354156322,0.7285284560978282,0.709279966022176,0.7042302853349305,0.682102243408573,0.6773631361884906,0.5418459503138875,0.45564278274443637,0.3342853145657977,0.23106851464506764,0.11270770191538872,0.0058406634762210915,0,30760.283177428162,0.5678346810422282,5,0.7241689128481581,7
806,8065,0.0,0.0,0.0,0.0,0.0,0.0,0.0,0.9996728397874869,0.9859157923146243,0.9323737828018722,0.9118129047094394,0.8600663161518453,0.8523473516101865,0.8433297836591676,0.8404457493887175,0.8321108338462151,0.8294514128049669,0.8202957830767511,0.817476874587659,0.8084103778272086,0.8048730664743098,0.8006372093651866,0.7985088997222124,0.7921460003518653,0.767001784759123,0.7560794838301552,0.7219294134967307,0.7032762417163941,0.6647134972999497,0.656369124306882,0.6452996798919814,0.6411826981689094,0.6286190654325842,0.6254177810290829,0.6117658738641277,0.6089199967241882,0.5270317127285428,0.4728629632698299,0.39200048118815634,0.3531210991926637,0.2889956664970026,0.12798199392685494,0,13242.39258172663,0.46990116801437554,4,0.7250673854447439,7
807,7499,0.0,0.0,0.0,0.0,0.0,0.0,0.0,0.999266126350467,0.9682146807343184,0.8509056612143177,0.807490751863404,0.7024767178351958,0.6873093715375412,0.6695712274663803,0.6638703170542953,0.6473112712396812,0.6420010409456617,0.6236499938568597,0.6179806263902875,0.5996918760168022,0.5925425070128245,0.5839233645674066,0.5759699963166515,0.5521136954863534,0.463461173272816,0.4278682407363076,0.32843799042555366,0.2816543480841142,0.20055083615632494,0.185493694554328,0.16653735843202264,0.15974887863364529,0.13995908716856942,0.13513554857608648,0.1156459096579077,0.11180216242572256,0.03813601782783861,0.016633692252527626,0.0038094852773034307,0.0007705047198908918,3.410279088973039e-05,8.52650540973454e-11,0,89568.9913584626,0.6657681940700808,6,0.7259658580413297,7
808,2229,0.0,0.0,0.0,0.0,0.0,0.0,0.0,0.9992147705165016,0.9659438773759028,0.8406126334993586,0.7944214805911987,0.6832817901313547,0.6673000294131742,0.6486037611579373,0.642589898610977,0.6251075571731606,0.6194967456272537,0.6000959854176487,0.5940994013536368,0.5747478881161864,0.5671816765134652,0.558051411611374,0.5457117424610035,0.5091058054290839,0.38160358001984257,0.33445116082956444,0.21605851083798788,0.16757315224195174,0.09551049085997844,0.08392423787014688,0.07018377786242563,0.0654983961545304,0.052576848340226606,0.049600533306159045,0.03829136219324993,0.03620009494419289,0.0060618787262882385,0.0015272468105684434,0.00013194624557876997,6.004062658640373e-06,1.4226129180283997e-08,1.817350602969052e-19,0,1037.2113094404426,0.14555256064690028,1,0.7268643306379156,7
809,9021,0.0,0.0,0.0,0.0,0.0,0.0,0.0,0.9992858621220715,0.968979918742247,0.853988192065715,0.8112160329874052,0.7072688463135911,0.6921871416453326,0.674486487395917,0.6687789601663373,0.6521519592068376,0.6468043900424245,0.6282718548394632,0.6225283514354284,0.603933143561505,0.5966379736372376,0.5878104124227373,0.5753941070704031,0.538484905511024,0.4085438215337567,0.35991413760281665,0.2365148690862785,0.18527103417470248,0.10794489159335033,0.09533113890058884,0.0802824761263708,0.07512562653651944,0.060823606523276716,0.05750891569603724,0.04483265512909521,0.04247269573547955,0.007592410754194283,0.0020100425955554674,0.0001893569194423477,9.889326684735607e-06,3.080656978711486e-08,1.2457552469892284e-18,0,17407.16633654037,0.5094339622641509,5,0.7277628032345014,7
810,9597,0.0,0.0,0.0,0.0,0.0,0.0,0.0,0.9990229353949941,0.9578405742226858,0.8059928683298878,0.7513369447833472,0.6228837028803069,0.6047873352964858,0.583725533011169,0.5769737650138813,0.5574111634485271,0.5511535065955311,0.5295995135493705,0.5229562649887186,0.5015597229505779,0.4932145895777818,0.483147556103104,0.4700159161499859,0.4316752488664759,0.303438867636319,0.25830691896613084,0.15163381912171567,0.11128800079306905,0.056194057109758146,0.04803172692644161,0.03867496902325003,0.0355731790329848,0.02727741690780072,0.02542429409346666,0.01860737606093694,0.017389586463220696,0.0020218724545865148,0.00038500414144774256,2.028040666540464e-05,5.227748607306883e-07,4.0864974234544143e-10,5.2919911498246624e-23,0,1479.048127599805,0.17789757412398924,1,0.7286612758310872,7
811,6472,0.0,0.0,0.0,0.0,0.0,0.0,0.0,0.9999465455647818,0.9976408183296707,0.9882220382527545,0.9844118036558331,0.9743033369560267,0.9727222084840503,0.9708233915304579,0.9702005447776578,0.9683549698511161,0.9677512642425522,0.9656196386441853,0.9649459174952846,0.9627142781676088,0.9618172604306846,0.960713213340845,0.9592984344192232,0.9549250309544295,0.9369478305615221,0.928815492428324,0.9023083826608007,0.8872028181479086,0.8545973354360383,0.8472494890800317,0.837168959302206,0.8332959742491739,0.8210639585475025,0.8178409193562463,0.8036483073720477,0.8005937534530562,0.7090348050996675,0.645484586874244,0.5461043910998599,0.4456164122288071,0.300824712307544,0.06010099014153523,0,5722.067760429414,0.35759209344115,3,0.7295597484276729,7
812,3636,0.0,0.0,0.0,0.0,0.0,0.0,0.0,0.9991175422542999,0.9619214908788492,0.8236710920707234,0.7733127633806994,0.6535327912002193,0.6364805715761302,0.6165854851607749,0.6101969856243342,0.5916425158710604,0.5856932424740144,0.5651670406470178,0.5588369702741033,0.5384569522785067,0.5305089561168023,0.5209325770972694,0.5108863032874015,0.48098811923141904,0.3744025423278546,0.3338084071806357,0.22811916967021284,0.182757509810111,0.11183858388991895,0.09987686105648987,0.08539931227540165,0.08037710145368825,0.0662399010463736,0.06291459778779128,0.050006088801458126,0.0475654838501337,0.009617428151433776,0.0027884829815603006,0.00030773839956378223,1.9680295987655116e-05,9.105199954667405e-08,1.894984600938838e-17,0,122412.17736573036,0.6963162623539982,6,0.7304582210242587,7
813,194,0.0,0.0,0.0,0.0,0.0,0.0,0.0,0.9992259318660515,0.9664968200007368,0.8433650595137181,0.798017864534719,0.68888353502622,0.6731782379305952,0.6548144703525411,0.6489136204842911,0.6317775970795102,0.6262835667798397,0.607303410582002,0.6014402952743706,0.5825295865590916,0.5751391005814899,0.5662274619656855,0.554658259012457,0.5201998221355549,0.39817549964961296,0.3521415663441396,0.2339679545427275,0.18425580975334074,0.10836956922829945,0.09586121612847151,0.08084809483795762,0.07567567994835633,0.061264527615200313,0.05791011033878521,0.04504040574110479,0.04263747716153106,0.007385200321897098,0.0018982076825576908,0.0001693982759546668,7.8431567451031e-06,1.9305746765100628e-08,2.9394099376539114e-19,0,188.83018018018015,0.043126684636118594,0,0.7313566936208445,7
814,2772,0.0,0.0,0.0,0.0,0.0,0.0,0.0,0.9990722882100429,0.9598121651364656,0.8140196128902888,0.7611680744801028,0.6361269984014863,0.6184060636360198,0.5977287752878955,0.5910859481383892,0.5717986840385746,0.5656162628542998,0.5442760456636145,0.5376925475631947,0.516491648005778,0.5081700368614398,0.4980553479852384,0.48452388374759575,0.44495997327155695,0.3125010750113018,0.2658516346381437,0.15561292121703077,0.11396555465704113,0.05721895903261921,0.04883253689282955,0.03922384573825163,0.036039620896572186,0.027530976666362044,0.025632322401635182,0.018659394063657988,0.01741621206914301,0.0019391658795126973,0.00035625980818901446,1.7533365005897184e-05,3.859621844080348e-07,2.239752292523909e-10,8.833676554399478e-24,0,101833.23722226107,0.6810422282120395,6,0.7322551662174304,7
815,10171,0.0,0.0,0.0,0.0,0.0,0.0,0.0,0.999220840729445,0.9663206020742899,0.8427093905828263,0.7972468909839421,0.6879685700823077,0.6722725161530774,0.6539326949075704,0.6480400207551942,0.6309284489483036,0.6254424820285589,0.6064915429949392,0.6006393814831754,0.5817497829268761,0.5743614667725114,0.5654452048449827,0.5573134172247042,0.5329922923645751,0.4432226302021625,0.40743784497449415,0.30847942884379487,0.26249027704354616,0.1838127305291166,0.1694437101519306,0.15153166800413753,0.145173874679908,0.12679485614146807,0.12235307231012789,0.10455536113464704,0.10107678557004315,0.03474622845894214,0.015349757096317156,0.003639154978444071,0.0008761583941304303,5.4398791656720684e-05,5.484643380367861e-10,0,5935448.677500752,0.87151841868823,8,0.7331536388140162,7
816,4947,0.0,0.0,0.0,0.0,0.0,0.0,0.0,0.9999412480454909,0.9974353422702702,0.9873168326999352,0.983270801457022,0.9726597586520864,0.9710188885387082,0.969070269018108,0.9684381861589973,0.9665800748102504,0.9659738237940588,0.9638386791621374,0.9631661131427797,0.9609530344693555,0.9600669680745146,0.9589791669452521,0.9577643663812089,0.9540212904419343,0.9386521803730185,0.9317051263436746,0.9090615429179201,0.8961283798497646,0.8681251808150712,0.8617985744997058,0.853114093709236,0.8497765574812947,0.839230360616623,0.8364496684816861,0.8241859772495057,0.8215424907320713,0.7415488958217729,0.6850430640455243,0.5948095762331722,0.504712947150696,0.3675122983987734,0.10014293360237102,0,1852377.0047956004,0.8265947888589398,8,0.734052111410602,7
817,3321,0.0,0.0,0.0,0.0,0.0,0.0,0.0,0.9999420658270345,0.9974709953384243,0.9874922664557259,0.9835017296206722,0.9730351415496045,0.9714164678423294,0.9694780514260782,0.968843853689051,0.9669634687950694,0.9663474455395566,0.9641690475676713,0.9634800648270708,0.9612037664443521,0.9602911611423386,0.9591708128492634,0.9578574863239074,0.953804224862424,0.9371418728644182,0.9295968331867166,0.9049707804008911,0.890913922692533,0.8605127247640221,0.8536501829056709,0.8442285295161518,0.8406065502879629,0.8291593754466857,0.826140481363875,0.8128250760300949,0.8099546403644687,0.7234676809923312,0.6629302491652596,0.5673336549348967,0.47055130089081204,0.3278156373825839,0.0745123744211046,0,8457.987631100143,0.41239892183288407,4,0.7349505840071878,7
818,8375,0.0,0.0,0.0,0.0,0.0,0.0,0.0,0.9999102791833596,0.9960227490976552,0.9801229137380013,0.9736867138042306,0.9566069655975925,0.9539326565187489,0.9506985565842638,0.9496298960755927,0.9464411018140009,0.945390699614903,0.9416563629919947,0.9404689924150609,0.9365254089684542,0.9349361633983837,0.9329741414041538,0.9302251215929744,0.9217473028216213,0.8872843310006937,0.8719003465392916,0.8226615109592323,0.7952263044599072,0.7375629330602329,0.724860846022768,0.70760394234621,0.7010250169084533,0.680436463002131,0.675056014775088,0.6515482336416513,0.646524456724414,0.504609340680611,0.41630426613693083,0.2951754907077105,0.19513631532237347,0.08733156187856578,0.003180831645617892,0,54.618181818181824,0.011680143755615454,0,0.7358490566037735,7
819,2968,0.0,0.0,0.0,0.0,0.0,0.0,0.0,0.9992444813708854,0.9672628657536846,0.8465473996048821,0.8019254451710237,0.6941574107396821,0.6786104369376212,0.6604124398502029,0.6545484983048275,0.6374633432062465,0.6319676599007821,0.6129215109012479,0.6070209986631718,0.5879362847621115,0.5804571075739452,0.5714139044731594,0.562843563595487,0.537175056643057,0.4430457529298409,0.4058553975687626,0.30401322489344457,0.2572163479274865,0.17805555316968635,0.16367341685884337,0.14573772680687452,0.1393661706041339,0.12094873715653656,0.11649857197409645,0.09867645673646946,0.09519306698566143,0.030428026488196373,0.012652409178452829,0.0026728737215896527,0.0003875772499042861,8.879577382213501e-06,1.400801788981692e-12,0,2056927.6388745254,0.8301886792452831,8,0.7367475292003594,7
820,9884,0.0,0.0,0.0,0.0,0.0,0.0,0.0,0.999278755964696,0.9687191779371024,0.8529984339475102,0.8100649257849918,0.7059692212991003,0.690901873524648,0.6732468267514206,0.6675504117745849,0.6509413030336271,0.645594866222655,0.6270504842771795,0.6213001206709159,0.6026834037524876,0.5953801105508705,0.5865439183241504,0.5777939291770106,0.5516860019696149,0.4558509235532392,0.41793506732988267,0.31392574669113865,0.26602688537326596,0.18480184387449483,0.1700211029005421,0.1516049222324352,0.14506917250066026,0.1261882483449301,0.12162844311415753,0.10336825456328014,0.0997989224449704,0.032778913245278186,0.013917874050836235,0.003051147827049106,0.000454371879362578,1.0966498380630532e-05,2.1472595182362443e-12,0,2701569.4398597972,0.8409703504043127,8,0.7376460017969452,7
821,9555,0.0,0.0,0.0,0.0,0.0,0.0,0.0,0.9992626394679117,0.9679221000326739,0.8490902931820941,0.8049687044814128,0.6980092763664564,0.682531620417351,0.6643734276890643,0.658518245443813,0.6414563612433131,0.6359658642319744,0.6169271737291212,0.6110257099029412,0.591927546021888,0.5844389878877664,0.5753799733407414,0.5663029936292079,0.5392320209402376,0.4405450413352499,0.4018282947295893,0.2967537508354793,0.24902243418796827,0.1693011625661581,0.15499455490197786,0.13727325091457165,0.13101412019635753,0.11302777192886095,0.10870013091807253,0.09144671312552566,0.08809010774667378,0.02689888030481235,0.010800411330480734,0.0021449850844034715,0.00034431293730273336,9.611499658136372e-06,3.4233731019593933e-12,0,19096.338016272344,0.5157232704402516,5,0.738544474393531,7
822,2243,0.0,0.0,0.0,0.0,0.0,0.0,0.0,0.9993280205791656,0.9708684719008123,0.8625904968407508,0.8221885607514872,0.7235977378752058,0.709216215999796,0.6923088325233805,0.6868417451556478,0.6708483543889234,0.6656831207384617,0.6477072492239172,0.642114709968403,0.623949529915052,0.6167994862601521,0.6081238135881349,0.5980077251604512,0.5678628404925674,0.4584900054348561,0.4158601952767994,0.30127277700238125,0.2499113700051594,0.16548245587224106,0.15055371545983803,0.1321576753070187,0.12568594925822754,0.10717876544501012,0.1027588979471038,0.0852999552201798,0.08193552158172165,0.022895720163415005,0.008596773720407807,0.001519300913361976,0.0001833132578149419,2.9351629020723986e-06,1.052929010042735e-13,0,1742921.1190755235,0.825696316262354,8,0.7394429469901168,7
823,7671,0.0,0.0,0.0,0.0,0.0,0.0,0.0,0.9992282709774947,0.9666190494160369,0.8439811617686134,0.7988274733199434,0.6900223488582536,0.6743559360865004,0.6560344867549862,0.6501334707481079,0.6329533250338977,0.6274312452487171,0.6083081735965773,0.6023883529823192,0.5832555851112919,0.5757633033752333,0.5667103271281813,0.5561458320259174,0.5248484036008328,0.4132095971432577,0.3705750885726251,0.25878547632857873,0.21022120248592088,0.13302839588406268,0.11979707162635227,0.10372802096518798,0.09814747991170433,0.08241349743962147,0.07870901135912885,0.06426606590214502,0.061519783365827266,0.015486744730035853,0.005385810969240347,0.0008364251901297732,0.00010468539343466379,1.802199323439933e-06,8.763078181924733e-14,0,5196.0958848707605,0.34231805929919135,3,0.7403414195867026,7
824,9769,0.0,0.0,0.0,0.0,0.0,0.0,0.0,0.9992781402636999,0.9687317568555476,0.853154755455583,0.8102370318468248,0.7060989540542916,0.6910141822520355,0.673334856908413,0.6676411808778804,0.6510700559862284,0.6457454054835765,0.6273088496490227,0.6215976121645759,0.603121517028854,0.5958786923929889,0.5871225116122124,0.5777722946890768,0.5499719105794658,0.44884220509433775,0.4092534730435332,0.3019528342763371,0.253215401533951,0.17185031886252658,0.1572552339921666,0.13917436007325246,0.13278701912959137,0.11443312443139214,0.11002417237961205,0.09247326107285078,0.08906391253085685,0.027080865387444898,0.010849268209161387,0.0021504437591166755,0.0003341049762048945,8.749603182276594e-06,2.399297825161623e-12,0,985908.9395901307,0.8050314465408804,8,0.7412398921832885,7
825,9012,0.0,0.0,0.0,0.0,0.0,0.0,0.0,0.9992608312880428,0.9680553644255738,0.8504495650709458,0.8070277465877829,0.7020886809909319,0.6869397967769729,0.6692416354823524,0.6635606659593696,0.6470795317759538,0.6418006328436748,0.6235789606121329,0.6179559893008459,0.5998368804668083,0.5927614292927124,0.5842355352937831,0.5744533498883583,0.545320070668338,0.439736272664863,0.3986355485941803,0.2883144856285979,0.23894768741025307,0.1579330570316818,0.14362984831771902,0.12601852787957893,0.11981301794259741,0.10202518154687291,0.09776355779214245,0.08087132816098755,0.07760584180279526,0.020877092203705486,0.007573237667139668,0.0012447134709024535,0.00011099537384284553,9.787395560490582e-07,2.893332041964912e-15,0,259.6183360278031,0.05480682839173405,0,0.7421383647798742,7
826,10534,0.0,0.0,0.0,0.0,0.0,0.0,0.0,0.9999299697502423,0.9969229864189587,0.984712669572346,0.9798036159692656,0.9668611536583406,0.9648486851786284,0.9624431892122153,0.9616578920929453,0.9593445170245459,0.9585921936552311,0.9559509243438434,0.9551148205267699,0.9523501010415114,0.9512407667702285,0.9498776024866461,0.948311851606762,0.9434871780101148,0.9237376098983022,0.9148426768466884,0.8859903485124664,0.8696346323776314,0.8345272993040863,0.8266505735332067,0.8158777569088513,0.8117506915992747,0.7987549756435484,0.7953400351883714,0.7803347003125932,0.7771121513781868,0.681138484342433,0.6152122411877824,0.5133398019233922,0.38358486463392205,0.2171025738489255,0.020499897040127352,0,4335.001898604707,0.31446540880503143,3,0.74303683737646,7
827,124,0.0,0.0,0.0,0.0,0.0,0.0,0.0,0.9991870318102375,0.9650509624245154,0.8378296810262266,0.7914262433052329,0.6807307471574561,0.664943722091194,0.646623064623824,0.6407683583581142,0.6238048604245114,0.618360332394817,0.5995310378358699,0.5937093855352765,0.5749164522263253,0.5675618041085465,0.5586762785596964,0.5481135188346209,0.5165422272206872,0.403354075301751,0.36005171278094567,0.2468328994914795,0.19802114390623013,0.12144513879575976,0.1084946008481432,0.09279811158286108,0.08734906507140325,0.07202531646055149,0.06842416316259434,0.05445299949879192,0.05181274213130474,0.010610827098904504,0.0031120154682877754,0.00035009319014575434,2.0248770250204537e-05,7.700279559592774e-08,7.072660585955043e-18,0,158839.21603122316,0.7124887690925427,7,0.7439353099730458,7
828,5416,0.0,0.0,0.0,0.0,0.0,0.0,0.0,0.9993096051383819,0.9700105477083211,0.8586031421184175,0.8170785954092938,0.7159338255738914,0.7012334842109665,0.6839741569009342,0.6784059905955695,0.6621724558048201,0.6569415108822865,0.638751511236931,0.6330969517472755,0.6147453061225339,0.6075280136758757,0.5987765452082269,0.5897963866861291,0.5629024908595078,0.4639625414894574,0.4248762813411871,0.31776710888675075,0.26853886687764833,0.18530509749709784,0.17020049210514285,0.15138925032360542,0.14471437930591866,0.12544316845224932,0.12079215016576271,0.10218742879123752,0.09854939101623222,0.03113209562556762,0.012809759207049735,0.0026493128883091654,0.0004021503626341742,1.0063317938491923e-05,2.2771055349075166e-12,0,3058298.130379427,0.8463611859838275,8,0.7448337825696316,7
829,6313,0.0,0.0,0.0,0.0,0.0,0.0,0.0,0.9990940626277739,0.9608595241877855,0.8189157849458977,0.767458381488346,0.6456271175705781,0.628354921661189,0.6082474012419344,0.6018041817739246,0.5831422125960067,0.5771746301424213,0.5566204026971712,0.5502892044877714,0.5299199376948427,0.5219813104723824,0.5124207116329471,0.5024548861236503,0.47292715063831914,0.36811987761598225,0.32836217048762656,0.22510829477043193,0.1808450961415171,0.11157611257421804,0.09987686870992958,0.08573285344990798,0.0808341631581969,0.06707328802106403,0.06384200197444298,0.05129810299489371,0.04892481321893103,0.010875075663611886,0.003417975486737797,0.0004394220711987357,5.34898704936319e-05,8.838885502854338e-07,3.8323200564233885e-14,0,49029.23551004432,0.610062893081761,6,0.7457322551662174,7
830,7503,0.0,0.0,0.0,0.0,0.0,0.0,0.0,0.9993035064505355,0.9698685069417352,0.8584133188468633,0.817038693183601,0.7166130694497205,0.7020532866149354,0.6849897033041797,0.6794926864447329,0.6634893186321479,0.6583456064935941,0.6405048426496546,0.6349696321706557,0.6169999690519157,0.6099291401983331,0.6013522607311091,0.5884893512780729,0.5502061672024066,0.4155401304870749,0.36518162614698174,0.2374465021758663,0.18466400287324494,0.10578735327958583,0.09304265432690734,0.07788776359270741,0.07270784888378398,0.05839100261764089,0.05508480681246103,0.04249687202370323,0.04016481843737469,0.006638921837401482,0.0016505636150733764,0.00013863144269292527,6.319276944537959e-06,1.512629931230805e-08,2.0652371748314978e-19,0,8516.56108342499,0.4132973944294699,4,0.7466307277628033,7
831,5012,0.0,0.0,0.0,0.0,0.0,0.0,0.0,0.9999140279438588,0.9962572479396288,0.981566435800239,0.975723972042752,0.9604863839221542,0.9581418328877181,0.9553657519101397,0.9544678380491721,0.9518452001491697,0.9509995467948791,0.948056285831931,0.9471400737218751,0.9441606953095392,0.9429850439911439,0.941564207271603,0.9404851133811685,0.9371737555294847,0.9236337789093111,0.9175376541430008,0.8977352545902487,0.8864765005109664,0.8622003228002507,0.8567405314518757,0.8492895172941338,0.8464432360966367,0.8375013319567292,0.8351573160197823,0.8248665782615304,0.8226583081885518,0.7556393612219982,0.7078687051943573,0.6306103502164564,0.5534225190253568,0.4292822951336641,0.15051121238331758,0,46661.919532893146,0.6073674752920036,6,0.7475292003593891,7
832,3193,0.0,0.0,0.0,0.0,0.0,0.0,0.0,0.9997868953782191,0.9906489624928807,0.9540551343329927,0.9395772040077335,0.9020006504573258,0.8962268815779012,0.8893303342331902,0.88707326846084,0.8803988157491577,0.8782199102644322,0.8705453234719495,0.8681279071990563,0.8601749028020823,0.8570013556861851,0.8531181667062386,0.8478789204328865,0.8318267751022529,0.7682154125440737,0.7406600661740768,0.655912855601696,0.6110046225304774,0.5219925950856924,0.5033336170224522,0.47850028736667866,0.4691864077563592,0.4405809372162891,0.4332404998853106,0.40198529094085056,0.39550179266374746,0.235657704642193,0.1578395154249716,0.07734058069522323,0.036745823276697384,0.0086614884134374,2.2524541894954056e-05,0,709.6709967972727,0.12039532794249776,1,0.7484276729559748,7
833,3521,0.0,0.0,0.0,0.0,0.0,0.0,0.0,0.9991240415866633,0.962209233065256,0.8249698843152942,0.7751017439075316,0.6566637519591016,0.6398287805438895,0.6202361107823016,0.6139619587935076,0.5958017399139596,0.589998065347639,0.5699892581559048,0.5638229853441561,0.5439825704151947,0.5362490900187723,0.5269390266162162,0.517627576367922,0.48982134431785695,0.38941817640592413,0.3505695196631441,0.2473762119588276,0.20191613285198085,0.12876538948946464,0.11608452530854972,0.100556376003055,0.09511874375640962,0.07967555899241704,0.07601007638387798,0.06162635173989305,0.058871371578077474,0.013646897155017266,0.00439603061128253,0.0005823222376911294,4.148867891906319e-05,2.369299826440512e-07,1.1771599100757538e-16,0,20023.98810825328,0.5220125786163522,5,0.7493261455525606,7
834,5918,0.0,0.0,0.0,0.0,0.0,0.0,0.0,0.9991979937714625,0.9652598683819399,0.8378004763910678,0.7909631775230841,0.6785302548532888,0.6623960619957007,0.6435383464542828,0.6374744276250438,0.6198518683617043,0.6141977506476148,0.5946524206187023,0.5886127878683627,0.5691278281574341,0.5615118124541102,0.5523230232593491,0.5395046836331512,0.5017139731691252,0.3712027315670493,0.32340497472432,0.20484360924994285,0.15706346212118513,0.08726281708355853,0.07622480200113056,0.06322669066287966,0.05882287070178531,0.04676042322717766,0.04399970674032109,0.033581213146390815,0.031668592268362855,0.004901456690170178,0.0011622098095225568,9.016759430510757e-05,3.5621471293449905e-06,6.418126786060846e-09,2.6606161108964174e-20,0,823407.3886417815,0.7915543575920935,7,0.7502246181491464,7
835,5455,0.0,0.0,0.0,0.0,0.0,0.0,0.0,0.9995703357087932,0.981328649265474,0.9103244832273986,0.8831074703727285,0.8148154708907221,0.8046382555275572,0.7926530187585294,0.7887849360407136,0.777504556337852,0.7738726875876181,0.7612613285936692,0.7573454445894653,0.7446462610562159,0.7396507795600175,0.7336139936937561,0.727629284790435,0.7096128166045349,0.6401961594528109,0.6110386710928764,0.5244356723800687,0.48026916196163755,0.3961255110745441,0.37913005712961334,0.35704980375400563,0.3489494682038495,0.3246366157142693,0.3185432515803276,0.2930989312077593,0.28790625642562007,0.16400679384510594,0.10674328497571843,0.05018013188883002,0.026258849483030686,0.007506484816853227,4.416645760631351e-05,0,11862.26016642362,0.4591194968553459,4,0.7511230907457322,7
836,4856,0.0,0.0,0.0,0.0,0.0,0.0,0.0,0.9998440183206978,0.9930853598665391,0.9656058155831906,0.954559467289678,0.925466909513746,0.9209398865218635,0.9154859910138878,0.9136895720845007,0.908344343780813,0.9065885652559723,0.9003650664281616,0.8983923111650769,0.8918610376109014,0.8892377763838633,0.8860075235972815,0.8824499318872202,0.8716212437014527,0.828420774818327,0.8095188258323726,0.7503611262075509,0.7182039820950179,0.6523571129395495,0.6381921702539426,0.6192557313050882,0.6121437074099146,0.5902236264412267,0.5845829393475711,0.5603448503921388,0.5552541379127701,0.41615194279978734,0.33366614437043973,0.2259724668220443,0.15751619576698178,0.07812771146712066,0.004344066886367281,0,246.81736307668734,0.053009883198562445,0,0.7520215633423181,7
837,7587,0.0,0.0,0.0,0.0,0.0,0.0,0.0,0.9992683024750781,0.9683191607953802,0.8512977244959649,0.8079522202180909,0.7030245483942207,0.6878585220479593,0.6701106981369627,0.6644031310736621,0.6478147085123964,0.642482167022175,0.6240086613530861,0.6182875622052926,0.5997884560478492,0.5925401465819659,0.5837783824025162,0.5722288085262515,0.5378729839278197,0.41582553495115687,0.3695540200923293,0.24981352116439784,0.1988913803220102,0.12022487404520026,0.10710072901279279,0.09130753673925103,0.08585786616742955,0.07061767464399053,0.06705536778596104,0.05327765756617705,0.05068081457191476,0.01031806172381697,0.0030185758475912376,0.000339585865365945,2.123303603518336e-05,9.40371667417557e-08,1.6293786284437283e-17,0,4228.366388651385,0.3099730458221024,3,0.7529200359389039,7
838,2071,0.0,0.0,0.0,0.0,0.0,0.0,0.0,0.9999071572003353,0.995911585909134,0.9796831901119465,0.9731595025325414,0.9559657221231427,0.9532918069763436,0.950089361874446,0.9490417131256687,0.9459282592679173,0.9449052244372789,0.9412779775626625,0.940128276306134,0.936321820469983,0.9347926687308832,0.9329108400101181,0.930717179222633,0.9239952069239992,0.8967338445902224,0.8845807537858699,0.8456409025736377,0.8238753522232168,0.7778803830403567,0.7677170351150123,0.7539496816728635,0.7487212023547084,0.7324074049786696,0.7281589750328336,0.7096654796876972,0.7057307496513,0.5917370446286804,0.517411695172343,0.4089235418827887,0.33525109758381566,0.22807870106507197,0.04678405312110205,0,16287.552951564714,0.5040431266846361,5,0.7538185085354897,7
839,7842,0.0,0.0,0.0,0.0,0.0,0.0,0.0,0.9999173215454509,0.9963632577073676,0.9819314672341347,0.9761304258287559,0.9608409092319348,0.9584635882609465,0.9556192318762113,0.9546894611390113,0.9519439134689027,0.9510489020452311,0.9478965332971494,0.9469034851720176,0.9436357468776501,0.9423309738908033,0.9407352353884479,0.9385655226053667,0.9318452796409248,0.9043066574371511,0.8919034031095315,0.8517716260456892,0.8291276005109594,0.7808593575185145,0.7700931973011604,0.7553615213495496,0.7497096436626246,0.7318978017269215,0.7271871233376628,0.7063714556624782,0.701876182693253,0.5712292417644942,0.4862232164121424,0.36373435378723845,0.23920928989433396,0.10563122617528473,0.0035965181651844784,0,143184.712774917,0.7053009883198562,7,0.7547169811320755,7
840,4913,0.0,0.0,0.0,0.0,0.0,0.0,0.0,0.9999353626429786,0.9971637785561326,0.9859144030107684,0.9813953565134191,0.9694901280601486,0.9676405504268581,0.9654326521117321,0.9647126939062415,0.9625919165008109,0.9619022667782136,0.9594815142952959,0.9587215315403023,0.956229161431186,0.9552372983975885,0.9540285459531047,0.9527523305672239,0.9488168765707192,0.9326144127438155,0.9252499094103063,0.9011182441753671,0.8872889841054934,0.8572633808596168,0.8504596957325788,0.8410706251823318,0.8374411145211389,0.8259072825888533,0.8228489245978493,0.8092874974302057,0.8063485499728127,0.7174799674003809,0.6551608686876763,0.5567214666892102,0.43230031963812776,0.263641607835729,0.03391758881287724,0,511885.0367424061,0.77088948787062,7,0.7556154537286612,7
841,2198,0.0,0.0,0.0,0.0,0.0,0.0,0.0,0.999204970235534,0.9655213806049862,0.8388138003118516,0.7921813756608297,0.6800814265264974,0.6639738029538224,0.6451300365930219,0.6390681168696725,0.6214416869030106,0.615778813653224,0.596182096819218,0.5901203369468841,0.5705289748509301,0.5628526621560176,0.5535686471024728,0.5428228730237115,0.5108414993586453,0.39691685346457817,0.35357347547977064,0.24089968304039883,0.1926447337926599,0.11739503382944819,0.1047477562699906,0.08947285632503822,0.08418521223739188,0.06935385952638262,0.06587708121254855,0.05241683569961899,0.049878248393093315,0.010265570451653203,0.003030143940173648,0.00034688733021621216,2.2333513000373224e-05,1.0457810260123662e-07,2.2772495933327778e-17,0,79377.44001806373,0.6549865229110512,6,0.756513926325247,7
842,969,0.0,0.0,0.0,0.0,0.0,0.0,0.0,0.9994324539607227,0.9753099803377988,0.8824541606244156,0.8473406548505198,0.7605094751907328,0.7477247732195086,0.7326797800355807,0.7278210770454391,0.7136294507805118,0.709053104888389,0.6931447090034277,0.6881995254212158,0.6721376018454961,0.6658124879727797,0.658143869254454,0.6485049569152843,0.6195680562323357,0.5126819766561741,0.4700709462385882,0.3524043253055582,0.2979253291453246,0.20531120331029676,0.18842526638769524,0.16730052448676114,0.15977165209964495,0.13796034508553298,0.13267947867555416,0.11151321893133256,0.10737438295858417,0.03212349686262286,0.012630946473856194,0.0023952400837772008,0.0003421184523945599,7.648874364983266e-06,1.1134763781296612e-12,0,1080.853321590387,0.14645103324348607,1,0.7574123989218329,7
843,8333,0.0,0.0,0.0,0.0,0.0,0.0,0.0,0.9997966503963247,0.9911314961801221,0.9566104123476938,0.9430195783301186,0.9079545803597615,0.9026047038202348,0.8962667034034953,0.894213111413067,0.8882015971003778,0.8862588581189987,0.8794839639343648,0.8773710095564782,0.8705044189595017,0.8677984377703744,0.8645276099932375,0.8622736687832426,0.8554777133059182,0.82839273750265,0.8165278899199007,0.7791636010327481,0.7586355310976881,0.7159670303071224,0.7066839044550078,0.6942968441238921,0.6896624931429004,0.675412199914121,0.6717547261381145,0.6560563392671575,0.6527627620477118,0.5578915058770036,0.4953944297948093,0.4028546446586368,0.3573747669094709,0.2848141219893595,0.11442315370641462,0,inf,0.9604672057502246,9,0.7583108715184187,7
844,10498,0.0,0.0,0.0,0.0,0.0,0.0,0.0,0.9999167131212968,0.9963365426672021,0.9817997123512222,0.9759568919748095,0.9605584872449462,0.9581643966863574,0.955300033171917,0.9543637361314984,0.9515864732434925,0.950676941611259,0.947461986917907,0.9464456104193333,0.9430897485500902,0.941745302380862,0.9400955077984156,0.9379063678461692,0.9311417629518128,0.9034877493755192,0.891062274272166,0.8509519745197347,0.8283711643996573,0.7803398376801299,0.7696490293858299,0.7549916225904991,0.7493540908662777,0.7315449292799021,0.7268445915390344,0.7061202584156958,0.7016544766162208,0.5720988458091708,0.4876629038551147,0.3657851779635752,0.24136961075649455,0.10715997945890408,0.0037135114248946503,0,8146.045040784595,0.40700808625336926,4,0.7592093441150045,7
845,5398,0.0,0.0,0.0,0.0,0.0,0.0,0.0,0.999219408258751,0.9662082102199765,0.8420668500670787,0.796365441107615,0.6864670584352925,0.6706745787032548,0.6522283379672226,0.6463046720657325,0.62911213307278,0.6236030817431604,0.6045823568118815,0.5987117224156199,0.5797925351429742,0.5724023039538607,0.5634919961846443,0.5546652752406254,0.5283758708785445,0.43167175742657077,0.3934135985106462,0.2889971823273731,0.24142323148017225,0.1620020390511393,0.14776119001331312,0.1300670588765593,0.1237957944811966,0.10574463176334145,0.10140233178784362,0.08412364582520887,0.08077055312934689,0.022046362215078788,0.008070594867776911,0.0013462140748741985,0.00013206694280149637,1.4091945495710275e-06,9.343887895738553e-15,0,1298617.2550272953,0.8194070080862533,8,0.7601078167115903,7
846,10033,0.0,0.0,0.0,0.0,0.0,0.0,0.0,0.9992689690492317,0.9683689714465873,0.8515509690150908,0.808285737664521,0.7035595526612646,0.6884239807289756,0.670699386371073,0.6649950408592916,0.6483974779088656,0.6430581770263557,0.6245504240059185,0.6188153971059533,0.6002353762428643,0.5929256953910182,0.5840538698305602,0.5706223843662618,0.530941296489163,0.3935151566903718,0.3430385406042654,0.21751818022407485,0.16681260602907955,0.09264034602493762,0.08089884126676426,0.0670699517825402,0.062381305406720135,0.049533183701911586,0.04659164195886391,0.035490718584072774,0.03345310207015812,0.00508766288092206,0.0011882357393474036,8.948336179743275e-05,3.4737328782377456e-06,6.06156507551017e-09,2.2206763907124832e-20,0,859.6598924654235,0.13656783468104225,1,0.7610062893081762,7
847,4492,0.0,0.0,0.0,0.0,0.0,0.0,0.0,0.9992765306868606,0.9686650082309156,0.8529102598210815,0.810022229957122,0.706116804978397,0.691083609116256,0.6734871605545381,0.6678274523935966,0.651375814528268,0.6460961175150995,0.6278199100162307,0.6221603104779395,0.6038527594561879,0.5966719409814404,0.5879865333070107,0.5744774291019676,0.5344037199460209,0.39519936333746614,0.34395522207520146,0.21652379561663834,0.16516308490024958,0.09042444886643027,0.07870321649719314,0.06493510741311653,0.06027664725553048,0.0475582031472548,0.04465771993066888,0.03375838885582303,0.03176693739712484,0.004577922942290743,0.0010252641212917005,7.161507815820113e-05,2.482450519261583e-06,3.4904260150037422e-09,5.3410646151632795e-21,0,4685.757952881775,0.32614555256064687,3,0.7619047619047619,7
848,8116,0.0,0.0,0.0,0.0,0.0,0.0,0.0,0.9991530224449257,0.9634778252442646,0.830563954543403,0.7821381307767209,0.6668138348908113,0.6503639381468376,0.6312028572107418,0.6250634213110893,0.607283366950417,0.601598366744963,0.5820065975823668,0.5759641039567106,0.556500354973654,0.5489025658229802,0.5397459303940613,0.5305375397540307,0.5029611965420583,0.40275087395605563,0.36369502482357696,0.2591095055941706,0.21259332093679742,0.13702662315933764,0.12381659301164648,0.10757308584886366,0.1018645193305075,0.08559348627406174,0.08171787493592494,0.06646546034609867,0.0635397777362432,0.015082631892237675,0.004951559841386385,0.0006792041973153314,5.225161674846724e-05,3.485688880372692e-07,3.3732769514829507e-16,0,342264.96164589125,0.7502246181491464,7,0.7628032345013477,7
849,7782,0.0,0.0,0.0,0.0,0.0,0.0,0.0,0.9999343284990967,0.9971240240067137,0.985746090024369,0.9811848396367508,0.9691930019422236,0.9673337490530519,0.9651187618742838,0.9643982961385348,0.962281313610962,0.9615946127436893,0.9591914971982067,0.9584398114371461,0.9559836471267501,0.9550097539767308,0.9538272313277816,0.9527198627374985,0.9493373055856955,0.9355698277438468,0.9293996857118816,0.9094470050644613,0.8981531564146652,0.8739059894633839,0.8684760670078115,0.861084663332279,0.8582683892378307,0.8494430085807585,0.8471353538332917,0.8370313454372535,0.8348643037029168,0.7690519766284659,0.7220574316543678,0.6458749634571523,0.5595813668748132,0.42302027806445186,0.13365684132864644,0,15621.426389193559,0.4968553459119497,4,0.7637017070979335,7
850,4300,0.0,0.0,0.0,0.0,0.0,0.0,0.0,0.999861737621166,0.9939753563684646,0.9703990187653904,0.9610583342132728,0.9367969559277272,0.9330753342305121,0.9286602363891349,0.9272268719770241,0.9230229191602665,0.9216617481211005,0.9169052080085037,0.9154185919473636,0.910574090495738,0.9086590704713657,0.9063392653970195,0.90482361344352,0.9002630967911452,0.8820271800505872,0.8740022098053418,0.8485456696906593,0.8344236894027734,0.8047233083457754,0.7981892340314024,0.7894363266892908,0.7861526732153507,0.7760219373869659,0.7734136528506458,0.7621775847332252,0.7598116950297285,0.6896878841106305,0.6410591131717505,0.5645250745414868,0.5135595444865279,0.42731408084982614,0.2003110775043614,0,5809.075794774,0.35938903863432164,3,0.7646001796945193,7
851,219,0.0,0.0,0.0,0.0,0.0,0.0,0.0,0.9993491605931262,0.9717208661540211,0.8662697900105267,0.8267883052978817,0.730163777088374,0.7160634372065858,0.6995069013505124,0.69416205406522,0.6785128223146352,0.6734543516660192,0.6558338915947935,0.6503468153735311,0.6325074483788804,0.6254787429836268,0.6169438809210692,0.6053901090593546,0.5710707514080643,0.44846991596349456,0.4016072623272539,0.2788050951550641,0.22557159971556404,0.1413020592746061,0.1269333308500575,0.10949587930954598,0.10343482670937255,0.08634092683148727,0.08231109598648514,0.06660607259685423,0.06362242401616515,0.014856466722906516,0.004851210805800789,0.000667732497322001,6.427340783301428e-05,6.618785849002227e-07,3.812980894449045e-15,0,4158.691888268052,0.3063791554357592,3,0.7654986522911051,7
852,7914,0.0,0.0,0.0,0.0,0.0,0.0,0.0,0.9999354804536482,0.997162491942122,0.9858863526091965,0.9813460937527274,0.9693577204835233,0.9674909779954579,0.9652574398073994,0.964527434844893,0.9623720959954649,0.9616695896456606,0.959198037335154,0.9584209062064858,0.9558685694518771,0.9548513602709958,0.9536098926732883,0.9524354457496264,0.9488317924250493,0.9341052724016259,0.9274796012553891,0.9059780247792417,0.8937679294244543,0.8674813097519654,0.8615774814495839,0.8535257482191195,0.850451656947705,0.8407999545240219,0.8382713658579538,0.8271886437860945,0.8248144800043326,0.7529897101733275,0.7020014290287998,0.6199728884065162,0.5274789719760758,0.3836273919722082,0.10137386815996378,0,2166.008335830652,0.21743036837376462,2,0.766397124887691,7
853,6125,0.0,0.0,0.0,0.0,0.0,0.0,0.0,0.9991731600967024,0.9641785963380459,0.8330584280568527,0.785008526177669,0.6699066771267731,0.6534157049761243,0.6341195510200169,0.6279091424532262,0.6098453282286679,0.604044732159542,0.583980191704461,0.577776466318139,0.5577514746274921,0.549920438805524,0.5404638155343179,0.5266016088138951,0.48596153304202727,0.3483162829841654,0.2991157110102616,0.18066004011535014,0.1347697609708559,0.07053055615939885,0.060780468665992564,0.049490615653806795,0.04571509475422961,0.03552237101043645,0.033223770169960636,0.024685042705384463,0.023143746377472827,0.002975037310479718,0.0006112313762023292,3.675587001244605e-05,9.964651772760664e-07,8.559394480050451e-10,1.6319984952315268e-22,0,71697.29762364652,0.6433063791554358,6,0.7672955974842768,7
854,7201,0.0,0.0,0.0,0.0,0.0,0.0,0.0,0.9993032179363917,0.9698069048887731,0.8580497991969176,0.8165169745523384,0.7155158764730496,0.7008594705596026,0.6836904528121209,0.6781590639969669,0.6620495308527566,0.6568697550374438,0.6389214580032796,0.6333615678708845,0.6153782610778862,0.608326765131801,0.5997987988270127,0.5885368191816374,0.5549200645059329,0.43441927155048565,0.38824297771933447,0.26748128261525084,0.21532978077031514,0.13313470121320256,0.11916644156983214,0.10220154013634142,0.09630058677292762,0.07966959959292222,0.0757526120791015,0.060531216371299816,0.057652675184380685,0.01221749002286492,0.0036876517411807788,0.0004384003736390876,2.8323753732873255e-05,1.3362174908462737e-07,3.009416551564666e-17,0,849.5846283808581,0.1320754716981132,1,0.7681940700808625,7
855,10134,0.0,0.0,0.0,0.0,0.0,0.0,0.0,0.9992938038190892,0.9694468275891477,0.8565220433261673,0.8146431323089298,0.7131006055659526,0.6984065123591283,0.6812307790888558,0.6757064988112654,0.6596483874211075,0.6544923690437597,0.6366407406215224,0.6311118444878803,0.6132320494701352,0.6062248727465687,0.5977588304288454,0.5881302453284916,0.5593569409144754,0.4543838446975379,0.41321362992791794,0.3017803266379615,0.2514246037530645,0.16797024516223372,0.15310355162632483,0.1347127023916611,0.12822084323042934,0.10959996168917323,0.10513547024592988,0.08741646030890847,0.08398606443427001,0.023514160282419795,0.008812186639685702,0.0015398680949012553,0.00020184245666262854,3.855262850155414e-06,3.040004533252272e-13,0,3141.2475009557756,0.2632524707996406,2,0.7690925426774483,7
856,5996,0.0,0.0,0.0,0.0,0.0,0.0,0.0,0.9993489325700979,0.9718443005900987,0.86731629679242,0.8283374112913665,0.7332671224187409,0.719441496088213,0.7032777126367888,0.6980887023889004,0.6830309827470724,0.6782059989485779,0.6615396564702144,0.6563826040651337,0.6397239427402432,0.6332016814774789,0.6253334396022703,0.6146810402382239,0.5828088848255915,0.46708979425733455,0.422019074441409,0.3013315012071333,0.24762291629320662,0.16025545154486653,0.14496186206260725,0.12615619682727236,0.1195481229343003,0.10070866839101213,0.09621811866544501,0.07848660907773944,0.07507398615840292,0.01810318242232801,0.0060056717467215515,0.0008367158744411468,6.281068373986912e-05,3.9977804018246803e-07,3.1963798932833757e-16,0,15752.47524273452,0.49955076370170703,4,0.7699910152740341,7
857,3761,0.0,0.0,0.0,0.0,0.0,0.0,0.0,0.9998776735749213,0.9946587425748762,0.9736954119261539,0.9653725851330419,0.9437394308409457,0.9404195954847118,0.9364881798515526,0.9352159782518975,0.9315010333503685,0.9303021413596362,0.9261250823920318,0.9248234659754537,0.9205865557879045,0.9189131194819291,0.9168880328361778,0.9155791506221489,0.911633501080697,0.8958180039092769,0.8888432143396875,0.8666561367594716,0.8543064352410793,0.8282337812670387,0.8224892026002504,0.8147990352333943,0.8119168120411124,0.8030315700849161,0.8007458694420332,0.7909062352343684,0.7888342268027716,0.7269465321357621,0.6834536112069073,0.6137871126774467,0.5589182715786853,0.46573577014314804,0.21925094112520416,0,inf,0.9838274932614555,9,0.77088948787062,7
858,9598,0.0,0.0,0.0,0.0,0.0,0.0,0.0,0.9956458195109377,0.8265253899216938,0.3882797326538564,0.2865484959069393,0.12855161805296053,0.1134974948764208,0.09788732662976815,0.09330080084172339,0.08106385883915797,0.07746046045392418,0.06608936287661286,0.06289254286725092,0.05349968480925793,0.05018079480921835,0.04643407291926964,0.04415324512330157,0.03790448281569733,0.020386816603055236,0.015439381794905043,0.006263905381486577,0.0037464569291719703,0.0012298790572788528,0.0009568588671435499,0.0006810778917586806,0.0005988290812574114,0.0004009341112719815,0.0003611660884810146,0.0002290345913419839,0.0002078494820095261,1.0018613638915371e-05,1.0076352100434656e-06,1.8342770216424892e-08,1.2766471291893423e-09,7.724070970793315e-12,7.427200443726287e-21,0,inf,0.9874213836477987,9,0.7717879604672058,7
859,9646,0.0,0.0,0.0,0.0,0.0,0.0,0.0,0.9993719575505963,0.9727674749660787,0.8712089208790872,0.8331584453863048,0.7399324934133011,0.7263187632646518,0.7103589951511127,0.7052165082673023,0.690222823939267,0.6853913688141068,0.6686108008780761,0.663400175172745,0.6465055673592844,0.6398662005818555,0.6318259165628717,0.620903433676845,0.5882148643192787,0.4696964635786385,0.4236262976689341,0.3006306848908264,0.24612674947789095,0.1579188890298417,0.1425528479922374,0.123690361329556,0.11707106728887397,0.0982322120531207,0.09375152010694157,0.07615092007958607,0.0727873767655093,0.017279356428745143,0.005702775951165217,0.0007974416651611946,6.0031992911471835e-05,3.798656298145074e-07,2.8278278913442303e-16,0,487.3752373357637,0.0889487870619946,0,0.7726864330637916,7
860,9743,0.0,0.0,0.0,0.0,0.0,0.0,0.0,0.9991573966338348,0.9634552729557254,0.829769309808929,0.7808393156560177,0.6638968560595613,0.6471774569173603,0.6276373549878042,0.6213548056975593,0.6030991591274636,0.5972427001190818,0.5770053100177195,0.5707544932306522,0.5505981809016666,0.5427271355148973,0.5332360035933643,0.5218547436353178,0.488413995740558,0.37184095058866895,0.3284766159360366,0.21830272548433124,0.17228786395066206,0.10226123866157091,0.09073518953823158,0.076904125197828,0.07214163530992204,0.0588632238872268,0.055769317698793036,0.04387028272848109,0.041641791504012704,0.007914854102144701,0.002196043526920789,0.00022465945542045245,1.1925889963304037e-05,3.837161726420922e-08,1.7776846069554125e-18,0,175810.48163791114,0.7205750224618149,7,0.7735849056603774,7
861,7819,0.0,0.0,0.0,0.0,0.0,0.0,0.0,0.9998035985996224,0.9913657873640724,0.9574629570737858,0.9440018034214019,0.9089853577720033,0.9035993821728919,0.8971672693422699,0.895066431392413,0.8888675101299045,0.8868482465569564,0.8797509402623372,0.8775194838336625,0.870187916808193,0.8672579479507888,0.863655016597045,0.858692903220399,0.8434523544639264,0.782659056960439,0.7561311991608484,0.6739271608059786,0.6299589759730697,0.5419572380828922,0.523371867674667,0.49855507398334836,0.4892215715186449,0.46049113518694584,0.45310575114812757,0.4215177821172339,0.41491855464935284,0.25036078531793693,0.16931352383735335,0.0845905912502593,0.03978811047510173,0.009198507735035295,2.2108811286791997e-05,0,722028.8035994968,0.784366576819407,7,0.7744833782569631,7
862,8446,0.0,0.0,0.0,0.0,0.0,0.0,0.0,0.9992160818851445,0.9660616191418047,0.8414099269220875,0.7955421894891922,0.68526115073769,0.6694062391607517,0.6508613497911344,0.6448859744698502,0.6274866179610263,0.6218932272660873,0.6025213864480644,0.5965241104754643,0.577140135082594,0.5695494936497568,0.5603759773013002,0.5516766545760077,0.5257793242856833,0.43098009162004786,0.39362322706627867,0.2917805060426188,0.24528978374125052,0.16729191758714398,0.15323814715125686,0.135784860251141,0.1296057481264557,0.11181298622813296,0.10753013707809868,0.09044938781545508,0.08712528947829698,0.026551201097176874,0.010642296571852982,0.002106614936702877,0.00028398147852589165,5.641331015094666e-06,4.925521525322678e-13,0,28813116.56485576,0.9433962264150944,9,0.7753818508535489,7
863,9022,0.0,0.0,0.0,0.0,0.0,0.0,0.0,0.9992242666607358,0.9664336118325146,0.8431174326808252,0.7977202340891197,0.6885067249636642,0.6728093072468562,0.6544542555505221,0.6485460694617529,0.6313562853359388,0.6258333669082119,0.6066983478174559,0.6007720692048729,0.5816098730781424,0.5741028149813746,0.5650278077600045,0.5556380400176573,0.5276952123847675,0.4264092152693441,0.38696062830238065,0.2806568187898586,0.23285302779482805,0.15408684555103058,0.1401311800471435,0.12290089774611142,0.11682785450591683,0.09944162240209543,0.09528126615469171,0.07880792852741156,0.07562667880853954,0.020378312335049713,0.007408970094329377,0.0012275858313095121,0.00012345800689236654,1.3829032448119548e-06,1.1216205170287243e-14,0,5964422.11242885,0.8724168912848158,8,0.7762803234501348,7
864,8112,0.0,0.0,0.0,0.0,0.0,0.0,0.0,0.9992128311426817,0.9660767958139365,0.8419524947221414,0.7962999335156413,0.6864265771712104,0.6706235625451548,0.6521491341992215,0.6462113292576396,0.6289633801391343,0.6234320056673658,0.6043190741933194,0.5984099344515316,0.5793230618903539,0.5718532143467636,0.5628323400713835,0.5540841799930164,0.5278469979777903,0.4315111681146977,0.3934562365650898,0.2894977370703865,0.24203452801162179,0.1626467519461515,0.14838738105213517,0.13065111977290034,0.12435875089410024,0.10623092850173438,0.10186651985431913,0.08448780302560112,0.08111309257362077,0.02205436969451189,0.008048308458084507,0.0013350326196094238,0.00012665599636703422,1.2662077115811433e-06,6.4307143130872315e-15,0,6143.163553050519,0.36477987421383645,3,0.7771787960467206,7
865,5522,0.0,0.0,0.0,0.0,0.0,0.0,0.0,0.9993160626585356,0.9702529412669149,0.8595514716627304,0.8182170967389903,0.7173709894705003,0.7026915162588828,0.6854397465035165,0.6798683068695516,0.6636089598775539,0.658370414882525,0.6401829801820336,0.6345381294262049,0.6162459810544645,0.6090628945559047,0.6003661484601324,0.590115074128883,0.5596946415486118,0.44998104786038573,0.40748798899489364,0.293967579012303,0.24341060825649702,0.16075845224147423,0.1462085130693718,0.12830683776207402,0.1220178733081232,0.10406101830652795,0.09977471043080648,0.08282794347610548,0.07955934860168996,0.0222274495102384,0.008352759145994723,0.00148063778917709,0.0002184529805688712,5.1975669846255394e-06,9.745866142889496e-13,0,242829.09199517107,0.7331536388140162,7,0.7780772686433064,7
866,10032,0.0,0.0,0.0,0.0,0.0,0.0,0.0,0.9991389929789345,0.9627437609332646,0.8269017984125373,0.7773532292768516,0.6593156855012616,0.6424771998589079,0.6228157370248294,0.6164991680049753,0.5981587639940332,0.5922796015578913,0.5719794481255779,0.5657093097629264,0.5454832569413794,0.5375798964411436,0.5280372254379837,0.5146077556115369,0.47524246499998224,0.34174395092005505,0.2939368106339629,0.17852136407251662,0.13361544178280116,0.07041471008107297,0.06077285718719846,0.049584309907908374,0.04583732423128328,0.03570563590145887,0.03341710811292715,0.02490118034095839,0.023361165361301204,0.0030640556435097468,0.0006393956469172982,3.953959479381686e-05,1.2230159102520237e-06,1.3680882484533396e-09,7.9125492773975455e-22,0,17361.255868045733,0.5085354896675651,5,0.7789757412398922,7
867,9729,0.0,0.0,0.0,0.0,0.0,0.0,0.0,0.9999030483271161,0.9957017688958882,0.9785251684364229,0.9715768750978264,0.9531540258458268,0.950271462978543,0.9467962319342729,0.945651371403482,0.9422443525610681,0.9411250680555485,0.9371565314414226,0.9358981115915237,0.9317309117436006,0.9300565563730798,0.9279954764364526,0.9255589375185292,0.9180959063815809,0.8878994112734067,0.8744718514055801,0.831584786406627,0.8079094154174047,0.7585313678834739,0.747747423687742,0.7332783301308734,0.727833788140866,0.7110009169755331,0.7066418794950895,0.6877396172724071,0.6837329075694275,0.5684782504873274,0.49351928964483865,0.3845809771318369,0.2889652927236077,0.16548390596152843,0.01649865585069353,0,1624.7538315962895,0.18508535489667566,1,0.779874213836478,7
868,3002,0.0,0.0,0.0,0.0,0.0,0.0,0.0,0.9990424469998046,0.958627583713248,0.8092736959321072,0.7554344039975313,0.6287247253960916,0.6108282826896239,0.5899791015244639,0.583290289421696,0.5638941936485465,0.5576845874505515,0.5362774174371983,0.5296815880655374,0.5084672859098743,0.5002040762404913,0.49025084326058177,0.47575418509490225,0.43364713291969165,0.29543069856523996,0.2479286026800934,0.13885246803879006,0.09916807264640701,0.047156914561766655,0.03975684513481163,0.03141180295090031,0.028682851230888016,0.021492328318557935,0.019910482090321972,0.014184196361769024,0.013178803344239239,0.0012736227987160107,0.00021039460755218627,8.618144378418625e-06,1.5857003870529024e-07,6.39965983344376e-11,5.337831635818691e-25,0,855658.8461767348,0.7942497753818508,7,0.7807726864330637,7
869,8021,0.0,0.0,0.0,0.0,0.0,0.0,0.0,0.9998012035547782,0.9913693405381567,0.9579147921971277,0.9447956786604595,0.9110739964540399,0.9059488577110276,0.8999005866729555,0.8979471209015738,0.892246863212919,0.890410553723448,0.8840267916872075,0.8820420066577611,0.8755959423062183,0.8730560489592859,0.8699875815206677,0.8681450099536931,0.8626239681650083,0.8406924246171584,0.8311095589957848,0.8009575591469029,0.784381901117922,0.7498584976447267,0.7423420041261822,0.7323493385399154,0.7286271470568906,0.7172262921873047,0.7143118724666787,0.7018472667882754,0.6992414570197446,0.6231354204728918,0.5714739414455863,0.49203101030421265,0.4458316865801613,0.36887587283287193,0.17029822279510615,0,6790.047205181883,0.38095238095238093,3,0.7816711590296496,7
870,2758,0.0,0.0,0.0,0.0,0.0,0.0,0.0,0.9998702749172439,0.9943608599887256,0.9723432655475108,0.9636381162415267,0.9410712993800026,0.9376169539284969,0.9335275568995243,0.9322045818444239,0.9283379535109141,0.9270903746543586,0.9227439576210692,0.9213856033354529,0.9169511385929016,0.9151946061887054,0.9130626960890301,0.9114148013146096,0.9064285834798497,0.8864087196006096,0.8775489903708318,0.8492988828732625,0.8335542785871871,0.8000867054757715,0.7926429000542284,0.7825501712849384,0.7787170164264193,0.7667488941681851,0.763622056865409,0.7499585935863061,0.7470403742802848,0.6602961415742371,0.6006131553527787,0.5080139231743885,0.44906341309747444,0.35432221157150734,0.13492311512799537,0,60.096638655462186,0.013477088948787063,0,0.7825696316262354,7
871,9316,0.0,0.0,0.0,0.0,0.0,0.0,0.0,0.9999364599789907,0.9972389070110057,0.986401025206615,0.9820891955980661,0.9707873167624221,0.9690403762601104,0.9669660790182801,0.9662932993249908,0.9643220663262583,0.9636844641924426,0.9614582829622824,0.9607630891396552,0.9584952430193724,0.9575970315441524,0.9564995173732623,0.955130828597183,0.9509072390099088,0.9335710994285112,0.9257395375312678,0.9002426236542327,0.8857272272437309,0.8544202734914669,0.8473715274556333,0.8377148285101104,0.8340101279148706,0.8223257909385727,0.8192506914024541,0.8057153669481659,0.8028035217280564,0.7153004071864058,0.6541871235479004,0.557936036347953,0.46143135758592324,0.3197487619604638,0.07116206752318277,0,9908.295809307981,0.435759209344115,4,0.7834681042228212,7
872,10610,0.0,0.0,0.0,0.0,0.0,0.0,0.0,0.9999561494719741,0.9980678052226117,0.9903601279381014,0.9872441025230048,0.978981935594442,0.9776905729683862,0.976142115219416,0.9756350154675537,0.9741348519763277,0.9736446331954832,0.9719144477481952,0.9713682738402841,0.969567224004336,0.9688465068316218,0.9679634974167476,0.9669955616571412,0.9640169570793343,0.9517933029676121,0.946268807129259,0.9282476289948368,0.917954897186796,0.8956023638783194,0.8905402647864461,0.883573840720516,0.8808906972447168,0.8723915277600298,0.870145224627481,0.8602106984147927,0.8580632628361845,0.7922749414368356,0.7448553136273582,0.6672925354415037,0.5783448986385913,0.43759659262569645,0.13867291932225537,0,9733.051452659462,0.43396226415094336,4,0.784366576819407,7
873,6142,0.0,0.0,0.0,0.0,0.0,0.0,0.0,0.9993354990597636,0.9711360224326981,0.863557829096861,0.8232593146343279,0.7245809387370472,0.7101699243029249,0.6932126954933846,0.6877320022706901,0.6717250177861538,0.6665637790334806,0.6486287627621335,0.6430570689251892,0.6249851587782143,0.6178816900815152,0.6092748020344344,0.5986269794241637,0.5670330626471904,0.45338062254405853,0.4095111172278531,0.29286338189642147,0.24107159823588212,0.15685656500887166,0.14211631670172695,0.12402028911686559,0.11767265565847089,0.09959155595008062,0.09528638100449521,0.07832552897121135,0.07506698829783036,0.019459721580097247,0.006880854091014023,0.0010882077558522097,0.00010628939283498057,1.1272893924614869e-06,7.365271035705609e-15,0,6151.645546455359,0.3665768194070081,3,0.7852650494159928,7
874,6571,0.0,0.0,0.0,0.0,0.0,0.0,0.0,0.9998434934202295,0.9931852027956601,0.9666033297114353,0.9561044061879747,0.9289205901109636,0.924762329134691,0.9198413941764291,0.9182493689998926,0.9135961912837951,0.9120947540843377,0.9068662454326509,0.905240116378977,0.8999605304844219,0.8978807619038458,0.895369749227738,0.893660070944681,0.8884991729280431,0.867825370473119,0.8587143513966863,0.8297936750491969,0.8137503827678777,0.7800324668123678,0.7726277415115613,0.7627245317079349,0.7590141042842443,0.7475832042844408,0.7446442374478823,0.7320028307355017,0.7293450222537317,0.6512232848245488,0.597828036084242,0.5151963485579215,0.46708794880716364,0.38629381404265306,0.17701090555073803,0,774342.1165426201,0.7897574123989218,7,0.7861635220125787,7
875,6532,0.0,0.0,0.0,0.0,0.0,0.0,0.0,0.9998020075172204,0.9913627160819279,0.9577164698712053,0.9444592168764433,0.9102261737132972,0.9049993902867524,0.8988051465808907,0.8967975558041235,0.890919036222016,0.8890187427873174,0.8823899355042382,0.8803219344345367,0.8735829018502891,0.8709186652196526,0.8676888268902134,0.8653658468381777,0.8583731922540634,0.830559541495033,0.8184004223496479,0.7801915145064744,0.7592465520955304,0.7158101406591161,0.7063800059607993,0.6938186256564659,0.6891269289492298,0.6747243378606649,0.671033875157342,0.6552197123653969,0.6519072215225101,0.5566764161779579,0.4940792872555037,0.40149723973128787,0.35686758625791765,0.2849080765128661,0.11408741868161375,0,inf,0.995507637017071,9,0.7870619946091644,7
876,10117,0.0,0.0,0.0,0.0,0.0,0.0,0.0,0.999160581301904,0.9635159940495823,0.8297347298622428,0.7806970380994797,0.6633531256932389,0.6465559924209497,0.6268969671886887,0.6205669810943404,0.602147530120727,0.5962302771062689,0.5757558747815797,0.5694236937149476,0.5489800267569309,0.5409760593959078,0.5312072288393459,0.5163426611963737,0.4729751818947628,0.3287996009597465,0.27846465346187327,0.1606898769552606,0.11675411093177891,0.05760785995265403,0.04896936163395607,0.03911958885360113,0.035868591107238564,0.02721954573856964,0.02529820079800977,0.018274954079480987,0.017029095096988165,0.0017991270225663288,0.0003175015283290368,1.4555171157927223e-05,2.9185273180677317e-07,1.408684517709385e-10,2.5695925249420276e-24,0,7393.94647462623,0.3890386343216532,3,0.7879604672057502,7
877,9150,0.0,0.0,0.0,0.0,0.0,0.0,0.0,0.9992229493654352,0.9663174237422105,0.8423911310722665,0.796694807513385,0.6864446357821057,0.6705507319198971,0.6519247692027417,0.6459235742771413,0.6284498912444554,0.6228328828794566,0.6033803074846051,0.5973583762314093,0.5778958356041003,0.5702749054276581,0.5610651498426348,0.5520244690470328,0.5251155149693943,0.4272580101555808,0.3889815812124969,0.2854997007517539,0.2387233387485405,0.16102456527811362,0.14715111745301576,0.1300023560696097,0.12395577414536924,0.10662524374152443,0.10247583759284337,0.08600819390990518,0.08281880911870552,0.025069826932771273,0.0100289922176364,0.0019896665414338628,0.0002828915747336994,6.2366716811548605e-06,8.388228049779064e-13,0,47233602.98427897,0.9550763701707098,9,0.788858939802336,7
878,3187,0.0,0.0,0.0,0.0,0.0,0.0,0.0,0.9998898343306344,0.995174578529207,0.976154485850826,0.9685625903917807,0.948695015494986,0.9456261143713129,0.9419709821904934,0.9407813266216415,0.9372833814717341,0.9361479652167706,0.9321701976493817,0.9309238358610332,0.926844461698613,0.9252238745776653,0.9232406294865623,0.9208439811859382,0.9134598122131796,0.8834066832774541,0.8699677405428631,0.8268085267935648,0.8026396417685977,0.7515196567631709,0.7401981748908427,0.7247843169847397,0.7189105684149252,0.7004116973506263,0.6955417068820411,0.674127120427993,0.6695225971377718,0.5372837747617911,0.45270352234387384,0.3330157702379861,0.22024978938424444,0.09809700951165423,0.0034210859827268673,0,539365.076353494,0.7753818508535489,7,0.7897574123989218,7
879,9665,0.0,0.0,0.0,0.0,0.0,0.0,0.0,0.9991885634127158,0.9648058442995425,0.8356448426602467,0.7881902065687711,0.6743229730365484,0.6579865816762267,0.638875696293494,0.6327270257109101,0.614848725538387,0.6091151617846182,0.589309291261135,0.5831978438252142,0.563509662464874,0.5558255088202044,0.5465663454467347,0.5341160990973336,0.4972291447506918,0.3690443760575974,0.32180366063703375,0.2039920896168464,0.1562918458905886,0.08646796882359031,0.07541277100382451,0.062362913934790334,0.057928479222549,0.045763761595712674,0.04297661327430318,0.03246477837297371,0.03053761322457569,0.004312516981225935,0.0009451603844675366,6.2924219130637e-05,1.9901003283202214e-06,2.333280815259591e-09,1.6639482868455782e-21,0,855.2167457483113,0.13477088948787064,1,0.7906558849955077,7
880,1109,0.0,0.0,0.0,0.0,0.0,0.0,0.0,0.999911688340331,0.9961555845897663,0.9810695420869324,0.9750716019668809,0.9594340427997803,0.9570300065191808,0.9541855673337316,0.953266056097483,0.9505807593274501,0.9497150372443068,0.9467024127329061,0.945764759692971,0.9427161518984322,0.9415133815654718,0.9400599798647503,0.9390807219675861,0.9361040545278017,0.9240290842379216,0.9186345043114416,0.9012365000540931,0.891411178833519,0.8703559375135627,0.8656512783158135,0.8592805361071628,0.8568662375644469,0.8493399920327206,0.8473817273943756,0.8388421463124781,0.8370220272865742,0.781652019512877,0.7417038675464662,0.6761104817312111,0.6080659278522905,0.49445802665401545,0.21022220451765736,0,11752.421365726179,0.4582210242587601,4,0.7915543575920935,7
881,9027,0.0,0.0,0.0,0.0,0.0,0.0,0.0,0.9992772204684417,0.9686930647156978,0.8530287122362196,0.8101676630065062,0.7062779828144937,0.6912426663394607,0.6736390648196015,0.6679755684501362,0.6515086639247704,0.6462206470167678,0.6278858478031012,0.6221954049292637,0.6037319513532265,0.5964728079232894,0.5876715972610282,0.5742357366430961,0.5344610906898551,0.39639520569858155,0.34557163439868527,0.2189905086595407,0.16780091614262485,0.09291654065932275,0.08106520847411247,0.0670835080516116,0.06233728580013008,0.04932682896186876,0.046347691385685445,0.035116408552365135,0.03306497633311749,0.0048754002501256374,0.001114033626635225,8.094469413779434e-05,3.3048282378245183e-06,6.392460016359928e-09,3.699338602605202e-20,0,313.42937116431096,0.06109613656783468,0,0.7924528301886793,7
882,2990,0.0,0.0,0.0,0.0,0.0,0.0,0.0,0.9998820384660528,0.9948408594470269,0.9745504617543046,0.9664700021410674,0.9453724366166587,0.9421205297360842,0.9382535942857578,0.9369969226825355,0.9333075305837024,0.9321117833801428,0.9279290309468532,0.9266204386054548,0.9223463330308173,0.9206525872366801,0.9185960994900244,0.9169990001538523,0.9121589734930036,0.8926769810708985,0.884020041204625,0.8562027183865201,0.8405791995740685,0.8073398884933418,0.7999532644845111,0.7899487849629183,0.7861533309656249,0.7743154633861613,0.7712342806699121,0.7578203659443498,0.7549660539809849,0.6702730668105805,0.6119956918703157,0.5214459564444087,0.4469369687898386,0.3322418733713097,0.0990997227150008,0,209.9269279952784,0.04582210242587601,0,0.793351302785265,7
883,7451,0.0,0.0,0.0,0.0,0.0,0.0,0.0,0.9990494288070653,0.9589143298012166,0.8104557000806815,0.7568831562380937,0.6306737029612226,0.6128568829536817,0.5921213673584464,0.5854760580082748,0.5662270435683056,0.5600712731035482,0.5388712251130051,0.5323441583116487,0.5113559925837523,0.5031767421121857,0.49331242061159336,0.47939284740984556,0.4388282228351211,0.30422252341396594,0.2573277079205294,0.14788225459716473,0.10719335570629479,0.052649322723769564,0.04471468150853487,0.035684978965325465,0.03270961955142135,0.024805557812839323,0.02305217495549633,0.016650083832553546,0.015515612218604174,0.0016449918178304598,0.00029159311093854425,1.351493703934813e-05,2.9816391108320655e-07,1.731789812817255e-10,6.697336543941912e-24,0,539265.2041114246,0.7744833782569631,7,0.7942497753818508,7
884,3944,0.0,0.0,0.0,0.0,0.0,0.0,0.0,0.9992242594587417,0.9664097681276874,0.8429274718490889,0.7974433481815919,0.6879692539619359,0.6722249611771216,0.6538119395243354,0.647889915198016,0.6306465991933298,0.625101852996343,0.6058923470977108,0.5999433741235227,0.5807090893186664,0.5731743687675028,0.564066230034091,0.5554729292722576,0.5299659904011108,0.43656221233828385,0.39962033733148217,0.2984367671779539,0.25196923721735287,0.17348852087699523,0.1592608805534356,0.14154606857443108,0.13526114819345927,0.11712073544058237,0.11274388583887375,0.09524324390421525,0.09182832013925121,0.028822593165311126,0.01181802951994474,0.0024353722657911446,0.0003439486547403991,7.483992263801881e-06,9.533140645106808e-13,0,8137720.992574465,0.8885893980233602,8,0.7951482479784366,7
885,9558,0.0,0.0,0.0,0.0,0.0,0.0,0.0,0.9991135073132597,0.9619054555732088,0.8241768043959072,0.774276779252116,0.6560311604696176,0.639260008798351,0.6197834354792957,0.6135597422776304,0.5955665108526913,0.5898128731724267,0.5699685884770802,0.5638488542299911,0.5440952693315894,0.5363518169417621,0.5269780118892732,0.516516155093555,0.48537671971754015,0.37475260064384486,0.3328218552514474,0.22440262129023103,0.1783147752424879,0.10707861154061034,0.0951921236707075,0.08085959311605426,0.07590347013202794,0.0620314179175574,0.058787107097054175,0.046269912355616186,0.043918619946294424,0.008305620028184628,0.002287869597713402,0.00022972748410737354,1.0046937825887247e-05,2.2164117003480978e-08,2.1595634059470752e-19,0,2483.9549681484036,0.23450134770889489,2,0.7960467205750225,7
886,6891,0.0,0.0,0.0,0.0,0.0,0.0,0.0,0.999685510362848,0.9864260421080372,0.9346345925574125,0.914696658545864,0.8644433269276484,0.8569375026456607,0.8481646765717619,0.8453578112393088,0.8372428256510517,0.8346526013403986,0.8257316928102505,0.8229839608620686,0.8141428968246138,0.8106921226352679,0.8065585845253294,0.8044946867497611,0.798333589205265,0.7739982807169233,0.7634173992151176,0.7303236107667287,0.7122564900113397,0.6749127295542319,0.6668357290446648,0.6561350131140528,0.6521609114137277,0.6400268696096422,0.6369303242735934,0.6236979999732581,0.6209306351873545,0.5408390642908335,0.4874314939109907,0.4071662476383225,0.36793907033424683,0.30293590379281626,0.13719802129857334,0,inf,0.9847259658580413,9,0.7969451931716083,7
887,3288,0.0,0.0,0.0,0.0,0.0,0.0,0.0,0.9999255427786438,0.9967387621039083,0.9838444580052155,0.9786791138827797,0.9651098314791058,0.9630072964145571,0.9605022594507016,0.959686910598333,0.9572885425042658,0.9565092022633294,0.9537757090612279,0.9529182006370095,0.9501081612107903,0.9489907580794958,0.9476299610140378,0.9463002201557679,0.9421995254063825,0.9253759452408834,0.9177792440704613,0.8930548442556367,0.8789823539172673,0.8486339849176417,0.8418023666297167,0.8324475696759551,0.8288605478198888,0.8175527386159938,0.8145781646832344,0.8014910186668683,0.798676813425822,0.714058775500856,0.6549237057880825,0.5616393877005418,0.4642085784992111,0.319890093027188,0.06833806812191939,0,9982868.762176324,0.8975741239892183,8,0.7978436657681941,7
888,2129,0.0,0.0,0.0,0.0,0.0,0.0,0.0,0.9998779251146473,0.9946474802269495,0.9735496252189152,0.9651301152505237,0.9431034938744182,0.939701304731091,0.9356455899318218,0.9343242241934728,0.9304350826840908,0.929171407675672,0.9247399909859222,0.923350147210066,0.9187968325226752,0.9169868633269801,0.9147823026264487,0.9121304017803371,0.9039823062184829,0.8709668944524489,0.8562745514366867,0.8093738444395907,0.7833011268443557,0.7285982061880779,0.7165813837158039,0.7003196621072602,0.6941452773823242,0.6748813673742888,0.669863986375425,0.6480337086994421,0.6433913900544056,0.5118480061522106,0.42906113206840363,0.31358698882405933,0.2188312105221136,0.10947399444679268,0.006473157411827408,0,inf,0.9892183288409704,9,0.7987421383647799,7
889,2991,0.0,0.0,0.0,0.0,0.0,0.0,0.0,0.9992945631167239,0.9694568791763022,0.856630796921851,0.814810522348047,0.7132698361953123,0.6984541986851354,0.6809581978350717,0.6752673237044107,0.6585431881026722,0.6531175162352728,0.6341221709478168,0.6281719254206888,0.6087181392324085,0.601012528364665,0.5915999019854064,0.5783409710506239,0.5391606401780681,0.40293854690647257,0.35264031104238797,0.22665284021339768,0.1752396705804807,0.09915089337396839,0.0869684644767229,0.0725422178399386,0.0676286810242822,0.05409686539111878,0.05098309776942107,0.03916936065444704,0.036998607553253994,0.0060709816181765824,0.0015136321082318608,0.00012955476081595813,8.439830458732718e-06,4.1560474540431474e-08,1.2482303338440451e-17,0,15756.134111387199,0.5004492362982929,5,0.7996406109613656,7
890,6842,0.0,0.0,0.0,0.0,0.0,0.0,0.0,0.9992981006826979,0.9696170503430177,0.8572253267359796,0.8155070420545604,0.7142686185550139,0.6995841048264416,0.6823802054688681,0.676842988180802,0.6607340322910481,0.6555595571140517,0.637636596141596,0.6320807339660826,0.61409845969753,0.6070452413704526,0.5985141690147461,0.5867876937749922,0.5518339114774468,0.4273204688015679,0.3800334372695231,0.2574547482710128,0.20512146442058726,0.12397808723893702,0.11041377171995,0.0940633909285182,0.08841242510999124,0.07259156298480503,0.06888986992949195,0.05458957798782098,0.05189873671581125,0.010386968901309706,0.0030032638037082626,0.00033146290805415106,2.1090836969047223e-05,9.656830235627183e-08,1.9205651946009335e-17,0,35099.431540699064,0.5786163522012578,5,0.8005390835579514,7
891,10448,0.0,0.0,0.0,0.0,0.0,0.0,0.0,0.9999239101260661,0.9966253538454755,0.9831113243230006,0.9776333050755663,0.9630882915649843,0.9608102469034436,0.9580657475337622,0.9571624259932119,0.9544766252004473,0.9535950714220404,0.9504720182308285,0.9494824803326697,0.9462074083915996,0.9448921315077358,0.9432742453717987,0.941407285014262,0.9356849407911385,0.9124275876923401,0.9020316103429068,0.8685920735083437,0.8498084126019977,0.809878777802714,0.8010059540547028,0.7889576371843424,0.7843731934544897,0.7700368809390948,0.7662940314261055,0.749947444200902,0.7464580223460077,0.6438411984346888,0.5750116070283062,0.47182722078653455,0.4062587035843144,0.3047315245509719,0.09437093713745139,0,195.750876350113,0.0440251572327044,0,0.8014375561545373,8
892,7534,0.0,0.0,0.0,0.0,0.0,0.0,0.0,0.9992553105155653,0.967802039307382,0.849271805141767,0.8055064987179978,0.6997693286363943,0.6845134777537557,0.6666799121419362,0.6609266784262711,0.6441526190711625,0.6387528393774475,0.6200007180089468,0.6141700881216957,0.595254814869354,0.5878202029773727,0.5788062838799901,0.5663998139512934,0.5295791965630928,0.4003588765815017,0.35212592183621666,0.2298430055529082,0.17920364445343162,0.10315898095938764,0.09081673250676174,0.07610565381314725,0.07106700633345601,0.05711449303965382,0.053888015975501316,0.04161917445636543,0.03934878345860067,0.006597525521606892,0.001662739367301819,0.00014356763189694182,6.398923542393047e-06,1.4566295320304655e-08,1.5788464613311504e-19,0,13299.5146127386,0.47079964061096136,4,0.8023360287511231,8
893,5699,0.0,0.0,0.0,0.0,0.0,0.0,0.0,0.9992272286909826,0.9665362139105104,0.8434792033537801,0.7981348159473767,0.6889552476351215,0.6732480712710458,0.6548913349994532,0.6489871050330352,0.6318084173319556,0.6262902518467879,0.6071923664795892,0.6012819208480891,0.5821687115256914,0.5746799368746993,0.5656262000429593,0.5570741996535322,0.5315139288810021,0.4376473614324863,0.4005343832481625,0.29892396680562316,0.2522849821029707,0.1735608835269638,0.15929679491644003,0.14154062442879517,0.1352421964761877,0.11706658757720505,0.11268215534995095,0.09515515630211585,0.091735892726659,0.028718997789048704,0.011752078354483721,0.0024132340733459385,0.0003518027435403577,8.144598852358245e-06,1.341753651246121e-12,0,3683209.432654884,0.8553459119496856,8,0.8032345013477089,8
894,1959,0.0,0.0,0.0,0.0,0.0,0.0,0.0,0.9991198603312853,0.9619023996272685,0.8231802058044566,0.7726667696737187,0.6525606375547054,0.6354672025945067,0.6155240286145035,0.6091135463568117,0.5904908928111061,0.5845182472385309,0.5638869748115795,0.5575170890300407,0.53698609576987,0.5289706253055625,0.5193018953717671,0.50503776699812,0.46337742999774173,0.3242485447226242,0.27538236968827046,0.16029263612549144,0.11702290627275738,0.05836879593349381,0.04974354469969406,0.03988793168805894,0.03662944099619984,0.027940968670985663,0.026006201738353257,0.01891325585256976,0.017650873910935852,0.0019622287902559318,0.00036077465635976603,1.784237675038974e-05,3.9986918806508677e-07,2.375741635428888e-10,9.812980651649036e-24,0,5834.396647669173,0.36028751123090746,3,0.8041329739442947,8
895,4780,0.0,0.0,0.0,0.0,0.0,0.0,0.0,0.9997828905342534,0.9904863093237442,0.9533008113307884,0.9385725052542713,0.900358807966018,0.8944939732605101,0.8874946116938999,0.8852096004389536,0.8784704136142105,0.8762753107782679,0.8685543513541136,0.8661256811495326,0.8581312927091018,0.8549386141769387,0.8510274982036737,0.8456742260029546,0.8292627147383893,0.7641894109796399,0.7360008889595495,0.6494131174553652,0.60358914761546,0.512946283964484,0.49400422316624487,0.46883473462558317,0.459407379761223,0.43051631490964376,0.4231218259138732,0.39161337039450717,0.3850511867233668,0.22409314674909595,0.14718328387820934,0.0694013015034105,0.028619085732852118,0.0051006535415422365,4.116939221197054e-06,0,3501.3133562974067,0.2830188679245283,2,0.8050314465408805,8
896,6369,0.0,0.0,0.0,0.0,0.0,0.0,0.0,0.9999115464149283,0.9961098421830551,0.9806556829356723,0.9744363388364471,0.9580261302244764,0.955471419968935,0.9524084176905744,0.9514049383617821,0.9484351250322498,0.947464847490136,0.9440332671343112,0.9429456708528335,0.939345095661096,0.9378987391147573,0.93611901157283,0.9335893220668231,0.92574738075828,0.8936624738150192,0.8792432673095987,0.8327581383798507,0.8066576076892756,0.7512383612110329,0.738875736448243,0.7218950062302473,0.7153518190828282,0.6946591923898067,0.6891973620922921,0.6651286784194702,0.6599453304928348,0.512710902534132,0.42082967519977776,0.29485384273284926,0.18326025961323467,0.07238106317473987,0.001543900100886602,0,152374.43589040486,0.7097933513027852,7,0.8059299191374663,8
897,10317,0.0,0.0,0.0,0.0,0.0,0.0,0.0,0.9993314218740441,0.9710251262296031,0.8634081500236445,0.8232797974810953,0.7254499985638453,0.7112247469177534,0.6945648596211095,0.6892061562241972,0.6736202716268294,0.6686133898170746,0.6512823789470602,0.6459190990035543,0.6285756406628903,0.6217652292726065,0.6135239946467489,0.603182446713391,0.5722707973588456,0.45999953121571846,0.416228656905112,0.2987729041996803,0.24633194129751898,0.16072726602507448,0.14572566963750486,0.12730436104218934,0.12084181436044293,0.1024274956779937,0.09805043722462978,0.08084215737597474,0.07754213685554381,0.02072259387648031,0.00751370432891543,0.0012396544601360625,0.0001302137835739609,1.5929877205436907e-06,1.8863668732294214e-14,0,3227.566797656503,0.27044025157232704,2,0.8068283917340521,8
898,6825,0.0,0.0,0.0,0.0,0.0,0.0,0.0,0.9989719259932669,0.9555300958073548,0.7959916586513938,0.7389324641023952,0.6057710389070575,0.5871265726016746,0.5654583454662052,0.5585190721716882,0.5384332371373524,0.5320140549405872,0.5099270939547625,0.5031354621822071,0.4813364723206563,0.4728646638350559,0.46267424370865295,0.44942540071172826,0.4108403085287075,0.2832593566753898,0.2390075841652715,0.13626432305708164,0.09832582625272587,0.04782365305532044,0.04052709806090166,0.03224725418033847,0.02952550081554727,0.02231336980834207,0.02071757039899541,0.014905935578040623,0.013878765239720828,0.0014322887665065215,0.00024855818393055255,1.1086040372597755e-05,2.3075497176946205e-07,1.1892211986956894e-10,2.7593464798797224e-24,0,6532.523815519616,0.37646001796945194,3,0.8077268643306379,8
899,315,0.0,0.0,0.0,0.0,0.0,0.0,0.0,0.9996458548257869,0.984762781307151,0.92700338174982,0.9048947544748279,0.8494366836986927,0.841187259164666,0.8315577966949746,0.8284798516408775,0.8195901235378348,0.8167557868944023,0.8070056437021079,0.8040060828735635,0.7943662204050047,0.7906083466352226,0.7861110370338502,0.7838655868807259,0.7771446939961042,0.7505856274597115,0.7390518745192212,0.7030529955011848,0.6834562248465526,0.6430934702338158,0.6343876690192695,0.622857506202574,0.618570720012678,0.6054697908562333,0.6021349343518763,0.5879366149953946,0.5849816362425811,0.5004931730329695,0.44519747480708194,0.3636420710412797,0.32604907674915984,0.2645384767837332,0.11300821103104562,0,4769.881125077093,0.3270440251572327,3,0.8086253369272237,8
900,4579,0.0,0.0,0.0,0.0,0.0,0.0,0.0,0.9991928844641356,0.9652974719769785,0.8388919149971016,0.7927265972252959,0.6820919698980068,0.6662272800881947,0.6477212558689556,0.641785746698557,0.6245795639431396,0.6190727200875213,0.6000819663621204,0.5942274361782004,0.5753624943099441,0.5679916874718561,0.5590884429204287,0.5489656545524569,0.5186591102615686,0.4093130440340577,0.36709384128315437,0.2554892344543308,0.20671452574588942,0.1290734040769967,0.11575871485579485,0.09950781604597672,0.09383871750679476,0.0778155598129133,0.07403118151593378,0.05928448766222876,0.05648525936468037,0.012060568517180502,0.0036508666641835476,0.0004340209898944268,2.8025432848904997e-05,1.3212654953920615e-07,2.973223707626642e-17,0,258925.90016725133,0.7358490566037735,7,0.8095238095238095,8
901,4791,0.0,0.0,0.0,0.0,0.0,0.0,0.0,0.9998883105716061,0.9951079946179205,0.9758286591364547,0.9681347332465091,0.9480041184122918,0.9448951020977722,0.94119237547635,0.9399872715849755,0.9364440257664958,0.9352939445036509,0.9312623745390565,0.9299918704002531,0.9258096110394696,0.9241391610945159,0.9220950218528575,0.9195979860517141,0.9119062882155037,0.8806294935508163,0.8666645600295516,0.8219523242644997,0.7970056917998167,0.7444283677081032,0.7328400392290719,0.7171264895836865,0.7111236652250326,0.6922268005097435,0.687261747980638,0.665466351584677,0.660785994589345,0.5267899057131668,0.44159056033313904,0.32186754389271655,0.21142941353373707,0.09292017936747952,0.003065987958784157,0,2440389.1658197427,0.834681042228212,8,0.8104222821203954,8
902,664,0.0,0.0,0.0,0.0,0.0,0.0,0.0,0.999241291085254,0.9670995452631606,0.8458096919157051,0.8009978593349749,0.6928012607325544,0.6771680728988465,0.6588354875485057,0.6529259657377834,0.6357111153684427,0.6301747105261228,0.6109912731929197,0.6050494582289978,0.5858352301170828,0.5783070263102663,0.5692058701235049,0.560604002439988,0.5349482945190402,0.44091593268072493,0.4037821527487895,0.30215876570585304,0.2554999064579805,0.1765969857243458,0.1622573572561078,0.1443844907391923,0.13803809556311325,0.11970265730742612,0.11527453049087696,0.09755039931510322,0.09408812931865344,0.029886451380221963,0.012367278964564972,0.002590356612801953,0.00035376658163927075,7.208785952384319e-06,6.99484966591686e-13,0,12811829.546747454,0.912848158131177,9,0.8113207547169812,8
903,9713,0.0,0.0,0.0,0.0,0.0,0.0,0.0,0.9993109255318645,0.9700109082794935,0.858395986810218,0.8167189573088978,0.714931361651493,0.7000984870107089,0.6826439387674964,0.6770011027113915,0.6605165590792801,0.6552035160159428,0.6367582479878943,0.6310337055994064,0.6124847373792263,0.6052016071294424,0.5963834314278156,0.5831584166567623,0.5440152711965227,0.4075600082198024,0.35702882398379804,0.2301010540158908,0.17814130060428907,0.10102877406100855,0.08864821817590862,0.0739666522040919,0.06896681907977106,0.05520381711687604,0.05203762045760734,0.04002239185269476,0.037803839386231414,0.006148252186788317,0.001511386339268267,0.00012453598209517043,5.189129298287906e-06,1.0422751158449651e-08,6.907831483426454e-20,0,340.0741786637135,0.06918238993710692,0,0.8122192273135669,8
904,9035,0.0,0.0,0.0,0.0,0.0,0.0,0.0,0.9992157080018962,0.9661996052052986,0.8425703498530159,0.797201553575072,0.6882019858496029,0.6725530744747624,0.6543016874607501,0.6484496883163281,0.6314908210393931,0.6260647771425394,0.6073570535381324,0.6015909941795734,0.5830213302590425,0.5757719611122991,0.5670400325425112,0.5585799184932807,0.5332332511015254,0.439884371753931,0.4028504632778625,0.30122745354618025,0.25446750424805525,0.17535871160384983,0.16099541884294508,0.1430923595817776,0.13673423798806753,0.11836656776254773,0.11393121230535372,0.09618514069167294,0.09272026207888596,0.02890780905362624,0.01178122762384337,0.0023967570228009267,0.000291219305623357,4.730318121708575e-06,1.805698589336369e-13,0,147307.5128304223,0.7070979335130279,7,0.8131176999101527,8
905,6017,0.0,0.0,0.0,0.0,0.0,0.0,0.0,0.9992519770774687,0.9675824384562065,0.8479689738270437,0.8037119079798092,0.6967194608816615,0.6812710821791564,0.6631839403635779,0.6573633735283011,0.6404355100116665,0.6350002525656234,0.6161958665269195,0.6103800833548845,0.5915997831223168,0.5842513446552382,0.5753729877056708,0.5669084013758751,0.5416455596547907,0.44824794423113984,0.41103870150896105,0.30839336575583803,0.26090220140815706,0.18017281944803415,0.16545281337031914,0.14704788887859288,0.14049240025081933,0.12150732741308737,0.11691202060959884,0.09846904884791918,0.0948577214053117,0.02879352971034549,0.011448607210742147,0.0022143409690300723,0.00026648582495625636,4.240388879979793e-06,1.4750501280038793e-13,0,16031777.381439954,0.9227313566936208,9,0.8140161725067385,8
906,650,0.0,0.0,0.0,0.0,0.0,0.0,0.0,0.9992949701095482,0.969398039512963,0.8558932119563097,0.8136629967119583,0.7107659926428063,0.695799199551135,0.6782040494304669,0.6725206760985105,0.6559242571142732,0.6505712188512519,0.6319677477929369,0.6261882177464669,0.6074631388561944,0.600113669483523,0.5912173738573246,0.5821625448679624,0.5551682235702478,0.45638992086592534,0.41745869983253486,0.3111812350407903,0.26253986651232536,0.18061957921821023,0.1658056241705272,0.14739700098438635,0.14087809605393592,0.12209152348469614,0.11756542953210763,0.09948757943838243,0.09596343041891212,0.030624063159446296,0.012738507451895819,0.0026933563947067543,0.0004187066457994129,1.0978189235627274e-05,3.014871848184019e-12,0,3909444.301684093,0.8562443845462713,8,0.8149146451033243,8
907,4849,0.0,0.0,0.0,0.0,0.0,0.0,0.0,0.9999237890221145,0.9966367543013702,0.9832375073588643,0.9778302243998235,0.9635222806909944,0.9612890805981036,0.9586081150493923,0.9577288324179353,0.9551237471334568,0.9542717069271405,0.9512638157417658,0.9503141103867542,0.9471818511058023,0.9459283069433219,0.9443917743464773,0.9427159265362052,0.9375634191403699,0.9165332339044943,0.907086374727187,0.8765273478348905,0.859256591673434,0.8223013756371518,0.8140383434671961,0.8027650035589075,0.7984561680467909,0.784920287003573,0.7813717438981004,0.7658166673498584,0.7624840202547601,0.6637469948531237,0.5964493986267414,0.4933883180597368,0.37948687166262585,0.22656564995789075,0.02639888506478434,0,66666.44768533316,0.6334231805929919,6,0.8158131176999102,8
908,5671,0.0,0.0,0.0,0.0,0.0,0.0,0.0,0.9992366189800994,0.9669566373734627,0.8453173372813819,0.8004397046837823,0.6922461649660417,0.676663547948848,0.6584464789335631,0.6525921888531985,0.6355591632719767,0.6300842789720811,0.6111099133880216,0.6052315438967082,0.5862176157981123,0.578765732747672,0.5697550567747887,0.5612416269415618,0.5358408112713098,0.44261910920197867,0.4057426516398557,0.30443852596519594,0.25773882514472957,0.17853200173242226,0.16411699534493956,0.14613958861356893,0.13975300091345524,0.1212914311220416,0.11683043641883335,0.09896422906352002,0.09547207430030905,0.030531350168107322,0.01269989900900769,0.002684601703869871,0.00040067651743691345,9.712671521751623e-06,1.9363654155399198e-12,0,11739946.549895313,0.9092542677448338,9,0.816711590296496,8
909,6583,0.0,0.0,0.0,0.0,0.0,0.0,0.0,0.9996207016781052,0.983622816860417,0.9214604736084001,0.8976491046474756,0.837897114111178,0.8290010827926708,0.8185838659159147,0.8152426653904533,0.8055567490942428,0.8024562978305992,0.7917497228347073,0.7884433860341914,0.7777778636368055,0.7736049848237039,0.7685908715966652,0.7660447923802346,0.7584743215389537,0.7288229267089626,0.716065954499478,0.6766488285131591,0.6554228077229718,0.6121886807786666,0.6029580857739895,0.5908237336837537,0.5863484948461439,0.5727822779008936,0.5693491454146321,0.5548175828884296,0.551810754217459,0.4667281264657097,0.41184267904766575,0.33209356720668326,0.2994570687944463,0.24553849882608098,0.1094472201637378,0,164.92992424242425,0.036837376460017966,0,0.8176100628930818,8
910,5065,0.0,0.0,0.0,0.0,0.0,0.0,0.0,0.9996634456048629,0.9855142460117469,0.9305006893827364,0.9093985416171554,0.8563508717304592,0.8484455487299054,0.8392128752115886,0.8362606420430887,0.8277302686095795,0.8250089980885031,0.8156423606781174,0.812759087937409,0.8034875174749835,0.799871004058724,0.795540905006696,0.7933656209986389,0.7868643470588895,0.761192146466134,0.7500401372801606,0.7151639387729444,0.6961350354809819,0.6568442757442933,0.6483512941514772,0.6370897473941481,0.6328968080491033,0.6200625477592405,0.6167834560444505,0.602772562462487,0.5998465107197704,0.5157325287244672,0.4602921876679947,0.3779373665342457,0.33935266279363574,0.2760412981088367,0.11919771880464904,0,9373.497178806556,0.42946990116801437,4,0.8185085354896675,8
911,4888,0.0,0.0,0.0,0.0,0.0,0.0,0.0,0.9999178290270239,0.9963742426902028,0.9818636788648291,0.9759820720994777,0.96035239682272,0.9579021432132854,0.9549459968130629,0.9539715840122664,0.9510701603529447,0.950116488491042,0.9467348220188665,0.9456623597104268,0.9421096163974354,0.9406815578365886,0.9389225791796914,0.9365012534063049,0.9290370445269599,0.8986392658719384,0.8850375429074141,0.841351309364362,0.8168990783553401,0.7652127379032195,0.7537733883897274,0.7382113012503878,0.7322736070953353,0.7136688931139051,0.708797490368588,0.6874493274239533,0.6828763601602627,0.5515506729622374,0.4673300895446,0.34758783055746467,0.22737136423300489,0.09960922425878274,0.0033115492707333155,0,15528.561151271893,0.49236298292902064,4,0.8194070080862533,8
912,2090,0.0,0.0,0.0,0.0,0.0,0.0,0.0,0.9992031681787006,0.9654708196527909,0.8386768614809579,0.7920434703029925,0.68000547250939,0.6639194448857445,0.6451185943965508,0.6390761053450428,0.6215238079267864,0.6158947655147743,0.5964440891742211,0.5904285572306867,0.5710051069034573,0.5634005647189175,0.5542064771129063,0.5417523320053557,0.5048344917161625,0.37624142215567064,0.3287085567336577,0.20974881992943467,0.1614140877678441,0.09042451250198959,0.07914014010446864,0.06582035899739369,0.06129600767043809,0.04887103409769148,0.046021680497036206,0.03524596794221428,0.03326333462132926,0.005271300935390317,0.0012727630932818298,0.00010195815855048844,4.100582307358815e-06,7.630922733766953e-09,3.577814198693357e-20,0,44654.574088327616,0.6019766397124887,6,0.8203054806828391,8
913,7388,0.0,0.0,0.0,0.0,0.0,0.0,0.0,0.9993356857150905,0.9711937129368851,0.864106623362882,0.8241271082631094,0.7263807475993965,0.7121284755605123,0.6953937714680014,0.6899932595873328,0.6742427637764021,0.669171347321409,0.6515730943079859,0.6461136676777706,0.6284295741429586,0.6214874367502138,0.6130881191186349,0.6023127358599532,0.570214661474882,0.45446787424690843,0.40971611992114026,0.29076430008573795,0.2382505620643089,0.15343547604783683,0.13868346163997247,0.12061776219658611,0.1142858811239115,0.09628082777901953,0.09200547792595806,0.07521327478656076,0.07199744630033536,0.017947834856582037,0.006152163071124228,0.0009199798527974182,0.00010246329845176639,1.404003140219352e-06,2.6484519029024807e-14,0,1349.2341714914764,0.16531895777178798,1,0.821203953279425,8
914,3061,0.0,0.0,0.0,0.0,0.0,0.0,0.0,0.999268982373517,0.9683382162865651,0.8514308088053192,0.8081016677777719,0.7031579891643862,0.6879735518981014,0.670149662432713,0.6644021831682629,0.6476605338392494,0.6422766533930567,0.623620760821178,0.617841832424935,0.5991517194818868,0.5918271623473613,0.5829735608611616,0.5747380227194695,0.5502219343005191,0.45954618558959465,0.42324572130683263,0.32254280876472147,0.275535933245955,0.19467824138625342,0.1797514863788539,0.16101026585239675,0.15431431062615036,0.13484166384616408,0.13010839744180616,0.11103600540863659,0.10728494905687522,0.035986247714445,0.015508118942344072,0.003482075757989882,0.0004901956886318532,1.0524711892667104e-05,1.2317243182498148e-12,0,2509249.5052639083,0.8364779874213837,8,0.8221024258760108,8
915,5281,0.0,0.0,0.0,0.0,0.0,0.0,0.0,0.9992292941797133,0.9665105882350605,0.8429509940869119,0.7972774141109502,0.6869111860986187,0.6709802929112165,0.6523035877250783,0.6462836169471756,0.6287483869451148,0.6231094040497567,0.6035735387536504,0.5975236387083084,0.5779639740644955,0.5703024793941395,0.5610403300176238,0.5489468732661525,0.5131128508563985,0.38759772188908603,0.34083749675226815,0.2226167919371776,0.17376562019360167,0.10044749733346993,0.08854906356763988,0.07438215440783677,0.06953344468507133,0.05610668868803775,0.053000976909600477,0.04115456225296534,0.03895533182585826,0.006783721248151236,0.0017609541565161303,0.00016034058951721355,7.77677797951266e-06,2.0946225395572205e-08,4.613002780144318e-19,0,32293.25720847887,0.573225516621743,5,0.8230008984725966,8
916,4987,0.0,0.0,0.0,0.0,0.0,0.0,0.0,0.9999541581569474,0.9979979283336237,0.9900862316330595,0.9869169767411319,0.9785899480553302,0.9773002009697241,0.9757657074652317,0.9752665113885987,0.9737995021560005,0.9733234205793835,0.9716554237285298,0.9711327310319736,0.9694216896466272,0.9687419805502305,0.9679152971194571,0.9671843729578331,0.9649532482968824,0.9558571130022416,0.9517714628212887,0.9385041549781902,0.9309370767234622,0.9145513657768718,0.9108545140586006,0.9058104295103442,0.9038830770233243,0.8978243327671058,0.8962352651820352,0.8892598824095794,0.8877633624268838,0.8417426033326072,0.8081020640194696,0.7519927097090257,0.6826220169030917,0.5646182686437315,0.2564122847231754,0,24993118.81238372,0.9371069182389937,9,0.8238993710691824,8
917,4969,0.0,0.0,0.0,0.0,0.0,0.0,0.0,0.9999557625156942,0.9980507708162931,0.9902754755883142,0.9871322654174726,0.9787984393161578,0.9774959325961136,0.9759341328483998,0.9754226683926263,0.9739096061907141,0.9734154764216602,0.9716735448490668,0.9711243117472869,0.9693153071518774,0.9685922590471987,0.9677074335226926,0.9667884003638786,0.9639664250480242,0.9523864576362762,0.9471440886534429,0.930011976206787,0.9202079020112208,0.8989221867670247,0.894104303815767,0.8875044415036234,0.8849745932206424,0.8769984109265465,0.8749001730030344,0.8656576079544254,0.8636641958337041,0.8025642244279872,0.7583912294265415,0.6858184882724175,0.5932106288477347,0.44680692105312075,0.13805440211067338,0,72581.15668727034,0.6442048517520216,6,0.8247978436657682,8
918,10446,0.0,0.0,0.0,0.0,0.0,0.0,0.0,0.9998027833634016,0.9914344907887643,0.958192247567361,0.9451340769155294,0.9115133142142271,0.9063951746565032,0.9003479313140167,0.8983930891571056,0.8926833330733409,0.8908417043339429,0.8844154670455535,0.8824094064066809,0.8758681284308819,0.8732804269265187,0.8701416789702391,0.8675068479171654,0.8594647491086693,0.8271121545239053,0.8128122983651326,0.7671667569515156,0.7418088549150027,0.6885773375153722,0.6768663777097921,0.6609799791015109,0.6549328628008053,0.6360359999902249,0.6310975247493951,0.6095230206790775,0.6049165903036707,0.4746241693410288,0.39317007695325573,0.2805365676458668,0.15734491309683946,0.0508911038011513,0.00048109622552114183,0,4161.44929129172,0.307277628032345,3,0.825696316262354,8
919,9197,0.0,0.0,0.0,0.0,0.0,0.0,0.0,0.9998334591351518,0.9927584861149596,0.9645661354438252,0.9534578009574725,0.9247652419891125,0.9203858974637752,0.9152111273254449,0.9135393615188039,0.9086565104412853,0.9070789446993656,0.9015651926567916,0.8998379712082211,0.8941697980212102,0.8919130216833971,0.8891588473083446,0.8858437112599663,0.8756083752929105,0.8341519244151951,0.8157362631034777,0.7570994571114084,0.7245981737309831,0.656761063051855,0.6418810820921402,0.6215790885827255,0.6137975534214705,0.5893473180691685,0.582934225410434,0.5548917469966193,0.5489141066248685,0.3872705158741334,0.29494014379459466,0.1807476155634301,0.0889355119347663,0.022333496358933336,7.39812289344916e-05,0,26811.016315738438,0.5543575920934412,5,0.8265947888589398,8
920,4400,0.0,0.0,0.0,0.0,0.0,0.0,0.0,0.9991908100999165,0.9649910963792279,0.836774063085264,0.7897489381671706,0.6770624143242113,0.6609183666525751,0.6420758032924319,0.6360282653212046,0.6184708667571651,0.6128416311998305,0.5933968490800279,0.587392748293611,0.568036256566814,0.5604757219981541,0.5513604648793583,0.5430019818942344,0.5179304943057791,0.4256455721958108,0.38907472388849945,0.2888699235229816,0.2428824327595268,0.16541363885840712,0.15140572135442676,0.13394822281011748,0.12775977055314916,0.10997009594111638,0.10569403906243476,0.08864441546732678,0.08532757607307268,0.02539252466334872,0.009979524823286063,0.0019030223789678032,0.0002364060559726413,4.003400153534667e-06,1.804336291129608e-13,0,11584763.441195117,0.9083557951482479,9,0.8274932614555256,8
921,10362,0.0,0.0,0.0,0.0,0.0,0.0,0.0,0.9992433239362416,0.9673263991240604,0.8473154754394393,0.8031193405997814,0.6965532678212093,0.6812000878702891,0.6632662342311957,0.6575085304712044,0.6407795017458047,0.6354124908013438,0.6168584560072681,0.6111253849985391,0.5926307446172799,0.5853926933960152,0.5766496548733306,0.5681778278769425,0.5428249189704463,0.44940728656997997,0.41230374550655446,0.31015574106351124,0.262947134846798,0.18266867215085447,0.16802406580045798,0.14973793725102916,0.1432300444504871,0.12438450581363392,0.11982292813250243,0.10152589949196922,0.09794421335883398,0.031282581037554796,0.012991471625998691,0.0027361954967360267,0.00036527373471990275,7.101861858344143e-06,5.614564798717965e-13,0,104440.44467928761,0.6819407008086253,6,0.8283917340521114,8
922,3179,0.0,0.0,0.0,0.0,0.0,0.0,0.0,0.9998296292834762,0.992525645376492,0.9631169029489465,0.9514053225241277,0.9208433694802021,0.9161301289832136,0.9104983846067373,0.9086575089618137,0.9032203366684748,0.9014470618637901,0.8952063752684689,0.893242176908896,0.8867662221262473,0.8841643702575536,0.8809514280127312,0.8760661349442115,0.8610140826931726,0.8008367969375101,0.774526993330993,0.6927946106527129,0.6489613614142752,0.5608954583833179,0.5422412498263844,0.5172690431218685,0.5078541850739982,0.4788003630274288,0.4713112261447585,0.4391486180833381,0.4323997481178321,0.26291149888917853,0.17845238955640633,0.08906492873834158,0.041566380605024995,0.009453293079785938,2.1097906349199625e-05,0,98412.29520156211,0.6765498652291105,6,0.8292902066486972,8
923,9285,0.0,0.0,0.0,0.0,0.0,0.0,0.0,0.9998087887538841,0.9916793351872589,0.959329239462923,0.9466047966444651,0.913800118181996,0.9088001688139442,0.9028889896684377,0.9009778942649443,0.8953957601925849,0.8935957304813681,0.8873318989245401,0.8853824739015058,0.8790450135123341,0.8765460724702521,0.8735284664962445,0.8713926070923257,0.8649136736367081,0.8389164726115197,0.8274493326628352,0.7910767657259589,0.770939282935921,0.7287653850525793,0.7195230979645215,0.7071092575725326,0.7024347982730029,0.6879695766787863,0.684233428861333,0.6680981358246169,0.6646920567813384,0.5661311350602288,0.5010174294110362,0.40440983910212547,0.33497098398829406,0.2324645770158218,0.0517281792614784,0,29.0,0.0071877807726864335,0,0.8301886792452831,8
924,3849,0.0,0.0,0.0,0.0,0.0,0.0,0.0,0.99918212070831,0.9645038170522017,0.834234784422741,0.7863825168868585,0.6716014012846211,0.6551381299595788,0.6358522619992344,0.629638295361074,0.6115369099707522,0.6057125988605894,0.5855269821972751,0.5792771526352006,0.5590353482418325,0.5510860254810954,0.5414459663464578,0.5268777846092599,0.4843052988923951,0.3415817659107807,0.291208794686614,0.17176043511972522,0.12639427043601328,0.06418268862828114,0.05492828353729241,0.04430096234314871,0.040772759092154595,0.03132222049303626,0.029207927303913753,0.021418624371515906,0.020024950985174324,0.0023567854851149444,0.0004523775801548119,2.410804059698192e-05,5.518445938705604e-07,3.457588188923362e-10,1.8761689791331215e-23,0,2180.857110318994,0.2183288409703504,2,0.8310871518418689,8
925,334,0.0,0.0,0.0,0.0,0.0,0.0,0.0,0.9992283994821702,0.9666082338433637,0.8438744927667969,0.7986668946698242,0.6898475906770689,0.6741969021322513,0.6559032728319257,0.6500236955753255,0.632945227435829,0.627468305615025,0.6085431228212604,0.6026972137110969,0.5838459047048247,0.5764843233117366,0.5676146599587883,0.5587995441087008,0.5324536869014703,0.4359766147491526,0.397946543472334,0.29429392635833457,0.2470156239441815,0.16781205165467553,0.15356094345800989,0.13586394869549903,0.1295980503185345,0.11156096546772545,0.10722562282894767,0.08996275652297812,0.08660869915097144,0.025946597389487312,0.010268784539775866,0.001989076258933374,0.0003584062596945383,1.2661731987644143e-05,1.2457497706676738e-11,0,20152.6049363115,0.5238095238095238,5,0.8319856244384546,8
926,2967,0.0,0.0,0.0,0.0,0.0,0.0,0.0,0.9989396271459094,0.9542654197531553,0.790926399532264,0.7327886144935516,0.5977569951056484,0.5789022993039716,0.5569659035121628,0.5499276298928389,0.5295083620091736,0.5229684722149891,0.5004229221814545,0.4934716418555087,0.47108798766844223,0.4623624751675734,0.45183070500124295,0.4366952348013854,0.393083522374113,0.2542179052609394,0.20832387503238006,0.10782517631577332,0.07355676406855832,0.03160403524102454,0.02603012399466635,0.019913572059968184,0.01795833826782209,0.012933382674749715,0.01185612700479998,0.008060686837776911,0.0074137279788438724,0.0005186971307610574,6.677773623242797e-05,1.7562014001519704e-06,1.9480042325971372e-08,2.940386040622904e-12,4.291505302150453e-28,0,4026.8071591650923,0.302785265049416,3,0.8328840970350404,8
927,4912,0.0,0.0,0.0,0.0,0.0,0.0,0.0,0.999914891448107,0.9962163514366564,0.981039384231095,0.9748751493152118,0.9584623349259195,0.9558840745429331,0.9527661313096583,0.9517359142786432,0.9486566713501774,0.9476402831148205,0.944019473824896,0.9428652848387649,0.9390241735330729,0.9374731482063302,0.9355545731401808,0.932719088819639,0.9239872482037648,0.888558912247394,0.8727754805372872,0.8223479813809902,0.7942307496568483,0.7351119885928051,0.7220824378064913,0.7043593769249704,0.6975939518014662,0.6763972372372915,0.6708537770241959,0.6466461157114849,0.6414796278955464,0.4962492385656992,0.40663378383470716,0.2848224776412818,0.17678194448865794,0.07016454074430818,0.0015738825438187762,0,1823.1601046698875,0.19856244384546273,1,0.8337825696316262,8
928,1208,0.0,0.0,0.0,0.0,0.0,0.0,0.0,0.9992061335415686,0.9655340676946345,0.8387343886515843,0.7920210507677896,0.6796324464208874,0.6634699153923643,0.6445431654474368,0.638448399677621,0.6207264827431329,0.6150375509757029,0.5953635960692862,0.5892817433402773,0.569652997251222,0.5619713562573267,0.5526811910184541,0.5391157009064688,0.49923324144689196,0.362933566493475,0.31366868357825434,0.1934549858567665,0.14605123689281557,0.07842455521258741,0.06797208042384703,0.055781655636296966,0.05168231492133075,0.04054719520614029,0.03802028299786828,0.028570549355660675,0.02685255742345219,0.0037325968492476756,0.0008145767818974845,5.452762946083952e-05,1.7451473449405081e-06,2.083338625178343e-09,1.567127539619934e-21,0,2385.0558428588997,0.22821203953279426,2,0.834681042228212,8
929,9002,0.0,0.0,0.0,0.0,0.0,0.0,0.0,0.9991893073009626,0.9648691494715075,0.8360311838499648,0.7887294063274461,0.6753315313176905,0.659077382238149,0.6400859402839058,0.6339833737543076,0.6162607802556623,0.61057363667278,0.5908945995335853,0.5848067199010932,0.5651448093982772,0.5574516458254225,0.5481590733554734,0.5349185392130998,0.4959598438248504,0.3624093891423196,0.31395212418880336,0.19514218303472752,0.14799318544047013,0.08027956001319389,0.06974898138842026,0.05743292839660464,0.053281472479985645,0.04197495113098097,0.039402226546912125,0.029753489914417695,0.02799393169217992,0.0040242522907574345,0.0009012812480348617,6.317246975266923e-05,2.1320713723548088e-06,2.8197335444864727e-09,3.2247314012259004e-21,0,100256.21712407825,0.6783468104222821,6,0.8355795148247979,8
930,3612,0.0,0.0,0.0,0.0,0.0,0.0,0.0,0.9992322792199857,0.9667789383337165,0.844639981039816,0.7996356929382007,0.6912636611196901,0.6756724926665234,0.657439470563664,0.6515731042650249,0.6345152760549622,0.62903932754602,0.6100984097096467,0.6042357498486893,0.5852880824406368,0.5778682326641069,0.5689036341276077,0.560196370770638,0.5341850459606908,0.43884079212547594,0.40120746205403507,0.298395684801901,0.25133625740476284,0.1721478250178047,0.15784297143419143,0.1400763071101519,0.13378670183889713,0.11567167725420961,0.11131008649742533,0.0939050875834823,0.09051552533638554,0.028224191545179418,0.011526152486357064,0.002362662727854866,0.0003336597183636902,7.259255266170183e-06,9.242303377461359e-13,0,148220.7641663978,0.7079964061096137,7,0.8364779874213837,8
931,10316,0.0,0.0,0.0,0.0,0.0,0.0,0.0,0.9992219099652649,0.9663179550194263,0.8423397987809456,0.7966203870785254,0.6864804714979652,0.6706255648991689,0.6520617159448578,0.6460816588185159,0.6286727031459384,0.6230775115874762,0.6037036769704198,0.5977085392085588,0.5783510757679898,0.5707776921765118,0.5616306840314961,0.550066811279616,0.5157139994582268,0.39441883814573336,0.34878575401203105,0.2318761327163162,0.18276923422363484,0.10783297699125138,0.09548172493570677,0.08067007164013856,0.07557175750454244,0.06137148803811158,0.05806664989809496,0.04538014340311889,0.043009402543833376,0.007761831109976799,0.0020638911754085765,0.0001949097542581794,1.0021941211462719e-05,3.038215237880194e-08,1.1125777821352553e-18,0,7613.07978709495,0.3935309973045822,3,0.8373764600179695,8
932,1024,0.0,0.0,0.0,0.0,0.0,0.0,0.0,0.9989834536433914,0.955974224997431,0.7975582339876964,0.7407256822686283,0.6077339524805736,0.5890660590627723,0.5673247572895326,0.5603472272859725,0.5401085792673971,0.5336278612987121,0.5112882121826651,0.5044065022941525,0.48223494472095063,0.4735282220084179,0.46294649336239857,0.4473985053296537,0.4025595605819618,0.25980030681396765,0.21264861901417675,0.10955876522102498,0.0745092379977551,0.0317668097323541,0.026112283986624494,0.01991593698784068,0.017937450857241934,0.01286577177721938,0.01178147808918225,0.007972026290457236,0.007324684062271187,0.0004961478464686291,6.230933157359045e-05,1.5684533806391539e-06,1.491946106404933e-08,1.6557465611413649e-12,6.472722598802557e-29,0,1465.4348772722606,0.17699910152740342,1,0.8382749326145552,8
933,4994,0.0,0.0,0.0,0.0,0.0,0.0,0.0,0.9999115601209987,0.9961522989728773,0.981062821165038,0.9750671693271434,0.9594338726009984,0.9570218993480069,0.9541578997000719,0.9532287678722473,0.9505057355607222,0.949624732217141,0.9465480924185861,0.9455871342876794,0.9424517598955863,0.9412104156137788,0.9397050967124602,0.9385504242397513,0.9350166938427953,0.9206127761975319,0.9141486190189991,0.8932222916923594,0.8813670043241354,0.8558761738919053,0.8501576863264476,0.8423689825808003,0.839399296820259,0.8300875455623458,0.8276512011315732,0.8169862889202324,0.8147045119610538,0.7457575986390622,0.6968869780105577,0.6183119376171654,0.545768835358311,0.42786380916543876,0.1563387248874436,0,746.4054480686344,0.12398921832884097,1,0.839173405211141,8
934,1368,0.0,0.0,0.0,0.0,0.0,0.0,0.0,0.9993415613627232,0.9713482815101093,0.8644165732512602,0.8243803347081305,0.7264168498304826,0.7121216035599397,0.6953217258443062,0.6898993031253472,0.6740836317419083,0.6689908225186084,0.6512994057241045,0.6458041066785808,0.6279819377290856,0.6209771770151716,0.6124915435553753,0.6028536790273563,0.5741924756934198,0.4697934156271472,0.42885624578019954,0.3178348283637987,0.26738868093344964,0.1829987476707372,0.16783033729473143,0.14905264021472914,0.14242607059353687,0.12337143150051574,0.11878688945469142,0.10049749095195522,0.09693396843668431,0.030851768614543574,0.01279510758672031,0.0026938076660238505,0.0004786244291094139,1.6476020986740472e-05,1.4718662545353885e-11,0,167611.1678027212,0.7160826594788858,7,0.8400718778077269,8
935,3246,0.0,0.0,0.0,0.0,0.0,0.0,0.0,0.9997972606261631,0.9911507276131352,0.9566736061198086,0.9430882490513307,0.908007894722854,0.9026512118597398,0.896299855323172,0.8942377096808818,0.8881875977570551,0.8862280037667307,0.8793791578633136,0.877238410530809,0.8702490716882857,0.8674806884403389,0.8641181493620514,0.8616650817907181,0.8542866006808163,0.8250033169759343,0.8122345428034708,0.7722273023771524,0.750368238332234,0.7051942862151298,0.6954383616507671,0.6825238751998625,0.6777316813269819,0.6631154000751597,0.6593941090323663,0.6435480550146225,0.640249630588424,0.5460498284217327,0.4845457140311983,0.39409548401958094,0.3512988783528868,0.28124403214322935,0.1129021457121699,0,42.670329670329664,0.008984725965858042,0,0.8409703504043127,8
936,8883,0.0,0.0,0.0,0.0,0.0,0.0,0.0,0.9989662857003906,0.9554152338724541,0.795801791027782,0.7388214982297883,0.606043721818442,0.5874799295240791,0.5659407184016131,0.5590537419569086,0.539151942301485,0.532802783597386,0.5109934025399823,0.504298108337437,0.4828414236085612,0.4745148439718852,0.4645198772224685,0.45173189824292603,0.4142622455844107,0.2889354416247841,0.2449053422015271,0.14139040238791148,0.10262413868667256,0.050404054122184176,0.04277836163016933,0.034074988966162484,0.031199557910082013,0.02354810848140212,0.021848543633765642,0.01564487811247521,0.014546735991884698,0.0014224533719910388,0.00023495982938995388,9.467115712313962e-06,1.437035291490088e-07,3.969995748486852e-11,6.7646945828412e-26,0,1809.135938009934,0.19676549865229112,1,0.8418688230008985,8
937,6423,0.0,0.0,0.0,0.0,0.0,0.0,0.0,0.9998024689945536,0.991384187015623,0.9578255071108805,0.9446041286411851,0.9104669483249266,0.905255347201872,0.8990800169225796,0.8970788647424855,0.8912201012819927,0.8893264846020827,0.8827219633784491,0.8806618475754227,0.8739495038402435,0.8712962063522496,0.8680802253104357,0.8655638548109112,0.8579567231031683,0.827686211777855,0.8144633879848078,0.7729743441527187,0.7502801109334836,0.7033438975562348,0.6931756266450887,0.6796330415991682,0.6745740855856164,0.6590445567840293,0.6550652572508955,0.6380159224051716,0.6344452266159111,0.5325314222599432,0.4664534321220782,0.37013227380567776,0.3223567444582879,0.24748288198283336,0.08470306536733112,0,inf,0.9748427672955975,9,0.8427672955974843,8
938,729,0.0,0.0,0.0,0.0,0.0,0.0,0.0,0.9992345721501621,0.966840528174817,0.8447183967212306,0.7996319551290324,0.690877536473251,0.6752049323384697,0.6568589365678104,0.6509452394317001,0.6337186460296395,0.6281786021218713,0.6089831975214755,0.6030378916981332,0.5838131386317991,0.576281166394818,0.5671755933644358,0.558278863971043,0.5317223997515568,0.4346699454178025,0.39650205512519254,0.2927153600043509,0.2454931783549512,0.16655797526634034,0.1523831710063543,0.1348044932389603,0.12858818969187752,0.11071165953416508,0.10641422754625839,0.08929955818560088,0.08597696836736089,0.02584611013963222,0.01023910306734997,0.001975999400174822,0.00022918936168056183,3.393078108454021e-06,8.750663831901448e-14,0,28139709.369363878,0.9415992812219227,9,0.8436657681940701,8
939,1395,0.0,0.0,0.0,0.0,0.0,0.0,0.0,0.999210042412034,0.9656997675937078,0.8394522512233078,0.792918097651568,0.6809011533894156,0.664784543915925,0.6459085601134018,0.6398293817774545,0.6221359257349361,0.6164506095008077,0.5967704667814094,0.5906809646290603,0.5710095708877396,0.5633109006509291,0.5540102919795149,0.5446305870873448,0.5167595131483584,0.4160474601923617,0.37696140317265203,0.27233488107491544,0.2256409104602826,0.1491656552987262,0.1356872246173792,0.11911714817404838,0.11330051390453927,0.09670199323346208,0.09274204314760455,0.0770930499197703,0.07407765319253566,0.02097514905324533,0.00797211495450518,0.0014448961900195819,0.0001693963086285916,2.5610346917549857e-06,7.205378223233731e-14,0,11809336.539700577,0.9101527403414196,9,0.8445642407906558,8
940,4967,0.0,0.0,0.0,0.0,0.0,0.0,0.0,0.9999555119827783,0.9980343282629147,0.9901711711395154,0.9869836628301363,0.9785092829384946,0.9771811759052094,0.9755842239665626,0.9750597817149834,0.9735039834062793,0.9729944749858597,0.9711933185775353,0.9706238286165726,0.9687428884022604,0.9679890017150926,0.9670638628571753,0.9659913806687426,0.9626749147943975,0.9490079310937868,0.9428065320109956,0.9225067873672846,0.9108770087245033,0.8856142656132859,0.8798905149057271,0.8720195321006944,0.8689898162885019,0.8593998808631655,0.8568670738030106,0.8456765877903832,0.8432601169990173,0.7696633794852907,0.7171579833163427,0.6323285612872966,0.5371011439449391,0.3904438687948733,0.10414486071679853,0,31243.12772551834,0.5696316262353998,5,0.8454627133872417,8
941,986,0.0,0.0,0.0,0.0,0.0,0.0,0.0,0.9993361340893162,0.9710636315375529,0.8621658391265935,0.8210552413502409,0.7197657174087374,0.7048811398513808,0.6872318638643845,0.6814796096089434,0.6645420070135469,0.6590364197546135,0.6397586713124415,0.6337250628828297,0.6140150236504787,0.6062143607431653,0.5966914171651351,0.5851756281543186,0.5509897413572664,0.42935889695689405,0.3831084546767509,0.2627491533167352,0.21105869029647498,0.13010047360087088,0.1164215466612307,0.09987454681706959,0.09414024893777916,0.07802651466061704,0.07424165820469618,0.05954869339379996,0.05676907294120201,0.01242662211550697,0.003855097371635114,0.0004832722894902101,3.7241999588882266e-05,2.48911767899373e-07,2.4133825375828064e-16,0,108505.95463277826,0.6855345911949685,6,0.8463611859838275,8
942,1582,0.0,0.0,0.0,0.0,0.0,0.0,0.0,0.9999351990349463,0.9971566078697514,0.9858839939335218,0.9813556880449569,0.9694262737586272,0.9675729667296941,0.9653606255745212,0.9646392206438195,0.9625141888321932,0.961823157750957,0.9593975645451148,0.958636064498554,0.9561387278281498,0.9551448921102557,0.9539339366007467,0.9527009533278175,0.9489067159133333,0.933358005003522,0.926322595087749,0.903356021146632,0.8902407540588119,0.8618558064293652,0.8554453397315203,0.846647043865158,0.8432661493593894,0.8325844112472868,0.8297683519589758,0.8173236292695825,0.8146350676848169,0.7331955036245549,0.6757228373226237,0.5841284359556508,0.46413891820193015,0.2960812066997676,0.045900915198272815,0,274199.90068090474,0.738544474393531,7,0.8472596585804133,8
943,6056,0.0,0.0,0.0,0.0,0.0,0.0,0.0,0.9992512872104241,0.9676566835090032,0.8487297622383493,0.8048830061669948,0.6992144271384094,0.6840052476172471,0.6662678498615223,0.6605826867498342,0.6441046624226713,0.6388241470693454,0.6205883080295314,0.6149570349602992,0.5967987926791714,0.5896895307306824,0.5810956091653752,0.5723143784776263,0.545995651520569,0.44915237948446246,0.4107805196330998,0.3056066297427513,0.25732365655534345,0.17585745531005473,0.1610647137955384,0.14258733189647482,0.13601220508829556,0.11700027705698422,0.11240605222878246,0.09403353106902357,0.09044958039863069,0.02616208701999389,0.010016825905630128,0.0018099614268977317,0.0001921225166525246,2.3932411166427564e-06,3.012735484098406e-14,0,349940.63894195424,0.7520215633423181,7,0.8481581311769991,8
944,3820,0.0,0.0,0.0,0.0,0.0,0.0,0.0,0.9992741951665132,0.9686034042902083,0.8527580989010628,0.8098626881737362,0.7058945952593371,0.6908499866129093,0.6732278614229227,0.6675551039852187,0.6510519469282238,0.6457508447256131,0.6274000837399851,0.6217211905191027,0.6033714673424794,0.5961865109005205,0.5875106605538692,0.5771052689945214,0.545903663037708,0.4329095351856333,0.3890917002877854,0.272668914796396,0.22146797563614126,0.13951422161808003,0.12539036139560852,0.1081224225522409,0.10208252850481685,0.08496217194863147,0.08090704436605112,0.06506283662909582,0.062055411023333645,0.013754718686906241,0.004299622334317671,0.0005443236234969465,3.9976039365454166e-05,2.4367404727080594e-07,1.6257602721873657e-16,0,171821.48130969543,0.7178796046720575,7,0.8490566037735849,8
945,8841,0.0,0.0,0.0,0.0,0.0,0.0,0.0,0.9991564533390663,0.9634665186198555,0.8299493833859993,0.7811227574810423,0.6645071694576605,0.647845947190495,0.6283991993838067,0.6221554819977807,0.6040374893950319,0.598233055091037,0.5782011403097721,0.5720153986044086,0.5519893332365391,0.5441357593850956,0.5346222027181208,0.5205041724660391,0.4791403440275384,0.33991030477028766,0.2905303161274567,0.1727764573298098,0.12773030253324963,0.0655023969316127,0.05617987419858002,0.04544157960038894,0.04186736292708572,0.03226819800236837,0.03011494541835969,0.022161264276198623,0.020734270220562092,0.002494212506927381,0.00048713304664895125,2.6818033056928464e-05,7.177171074497335e-07,6.038925590486888e-10,1.0811112121075537e-22,0,423.32596251266466,0.08176100628930817,0,0.8499550763701708,8
946,51,0.0,0.0,0.0,0.0,0.0,0.0,0.0,0.9991560936753777,0.9633757589797821,0.8292848727118142,0.7801708357480719,0.6627249702763841,0.6459183221719466,0.6262506300529401,0.6199185663000385,0.6014950886293392,0.5955771835216698,0.5751027528398188,0.5687712502681828,0.5483319504284427,0.5403394539512713,0.5306854035305506,0.5183940347997432,0.48215145306295165,0.3569361064165832,0.3110555790021502,0.1971848995546462,0.15126181200862285,0.08413819484205308,0.07351769207627339,0.06100513991079064,0.05676158426353501,0.045128046213223846,0.04246331519989281,0.03240072150452262,0.030552373157068217,0.0047075213783041294,0.0011111628765348859,8.534949799155029e-05,3.299040449637821e-06,5.7091460591845175e-09,2.0216714835132466e-20,0,39499.35231610843,0.5858041329739443,5,0.8508535489667565,8
947,9034,0.0,0.0,0.0,0.0,0.0,0.0,0.0,0.999116805775013,0.9616600105130289,0.8216869404306099,0.7706086749422287,0.6489709122634384,0.6316311958565395,0.6113609460173078,0.604844129830766,0.5859092508685076,0.5798015249566332,0.5585143575047465,0.5518828453706053,0.5303212134166456,0.5218318711521744,0.5115004314810908,0.4984636620903676,0.4603858305911475,0.33160959497041737,0.2855901390571785,0.1745076436558314,0.13121525313646154,0.07004112207805055,0.060664882754803764,0.049779889789037836,0.04613437553406787,0.036262687200483916,0.034028731541462846,0.025683279898386993,0.024166723824790647,0.003507796251378232,0.0007958779195863402,5.7686040297230826e-05,3.2565904199993692e-06,1.2152807510169806e-08,1.1684861540170231e-18,0,1354.964823906996,0.16711590296495957,1,0.8517520215633423,8
948,6168,0.0,0.0,0.0,0.0,0.0,0.0,0.0,0.9992277844809601,0.9664434681181931,0.8425592711237083,0.7967475600644793,0.6861228356001692,0.6701599635738005,0.6514144713743593,0.6453620603791437,0.6277006006813138,0.6220107793187454,0.6022819482297935,0.5961675787473061,0.5763728965313588,0.5686079246929356,0.5592059670858254,0.5470350486712877,0.5109253981116308,0.3844973019493975,0.3374511706300606,0.21868455220345412,0.16994779731958395,0.09732529262912873,0.08561927377344686,0.07172546379761938,0.06698485634883367,0.053897805055968376,0.05087870502780673,0.03938792517847656,0.037259331174456435,0.006358176904481678,0.0016244659429312286,0.00014373040541583836,6.484796374045774e-06,1.5180359628984805e-08,1.8795572002395507e-19,0,5588.214155186443,0.3513027852650494,3,0.8526504941599281,8
949,1719,0.0,0.0,0.0,0.0,0.0,0.0,0.0,0.9998010914476414,0.9913153833065074,0.95741821389668,0.9440367005846362,0.9094200485811702,0.9041249662435015,0.8978371948591712,0.8957951622816608,0.8898037481077551,0.8878630659863155,0.8810799303476952,0.8789603621914246,0.8720423251771126,0.8693030211281162,0.8659768980394027,0.8637951620031027,0.8572542203845774,0.8313158870965789,0.8200076826408257,0.78454613915066,0.7651361827498967,0.7249178613613326,0.7161979342021582,0.7046215766987947,0.7003186672566606,0.6871700061112086,0.6838163513033532,0.6695078808822091,0.6665237556395348,0.5804025797024687,0.5230211590713281,0.4366692369144415,0.38868411390860713,0.3101015931972104,0.12241223774717387,0,70.93181818181819,0.017070979335130278,0,0.8535489667565139,8
950,8919,0.0,0.0,0.0,0.0,0.0,0.0,0.0,0.9995025271765112,0.9785103798455752,0.8977364364985687,0.8671561569653295,0.7913586450698022,0.7801875532376391,0.7671170108846462,0.7629237515200872,0.7507663704223239,0.7468748314440821,0.7334404849683376,0.729293367763731,0.7159217677403678,0.7106937955102348,0.7044083741453044,0.7007699069155877,0.6899427275822252,0.6480259536067992,0.6302440280888951,0.576390812366003,0.5481276328611908,0.49218967834138,0.4805346901670037,0.46537002400388416,0.4598224398205096,0.4431551616061568,0.4389730540513899,0.42143264098185734,0.4178359998581517,0.32084923904244045,0.2633945486775947,0.18757850583617053,0.16155705922889838,0.12159468069460527,0.03862335657450358,0,335.03730656963495,0.0673854447439353,0,0.8544474393530997,8
951,9653,0.0,0.0,0.0,0.0,0.0,0.0,0.0,0.9992121895554391,0.9657935807781814,0.8398613966814407,0.7934305524512724,0.6816302212994269,0.6655407471529593,0.6466951591744119,0.6406254458464842,0.6229586177700226,0.6172815628707614,0.5976288828633217,0.5915475155238084,0.5719011997291586,0.5642118328805698,0.5549220742929653,0.5459485469850874,0.5192324701198419,0.42212462426307606,0.38416452329070244,0.2816172087854446,0.23530929962131258,0.15847314699560858,0.14476759464134523,0.12783354077865725,0.12186472824985421,0.10475350594848579,0.10065250992433672,0.08436544685824553,0.08120907539042196,0.024273611362105436,0.009603616206846265,0.0018611255712877304,0.0002476100549875701,4.793907736751399e-06,3.762084371864215e-13,0,7567929.452744641,0.8831985624438454,8,0.8553459119496856,8
952,3842,0.0,0.0,0.0,0.0,0.0,0.0,0.0,0.9991848590519395,0.9648295864915426,0.8364050315220664,0.7894365991037806,0.6771581594240411,0.6611030657500755,0.6423908605015916,0.6363934730191136,0.6190198590641832,0.6134614951274154,0.5942858384853906,0.5883721878406246,0.5693247955908155,0.5618867973788033,0.5529207164337681,0.5443572385927626,0.5187652020114074,0.425033478313599,0.3880819119323115,0.2873347864112603,0.2413543306315332,0.16426011366880094,0.15037754098319814,0.1331352833745271,0.12701793560925953,0.1093735171261002,0.10511975922879853,0.08813867940049969,0.0848322598521487,0.0251372830920955,0.009838360356017392,0.0018595678005843116,0.0002457747620560946,4.7070134359995155e-06,3.5615852173236433e-13,0,88116.55101528297,0.664869721473495,6,0.8562443845462714,8
953,1094,0.0,0.0,0.0,0.0,0.0,0.0,0.0,0.9999432243606129,0.9975172493557615,0.987702336031977,0.9837699535657198,0.9734366932662916,0.9718356978510718,0.9699309990592302,0.9693114805857886,0.9674805864038419,0.9668807559815943,0.9647595372357463,0.9640886120989235,0.9618718817364429,0.9609831189389367,0.9598920097579975,0.9587233571986011,0.9551412783365646,0.9405029466963127,0.9339168190441942,0.9125367414255457,0.9003465289533661,0.8739871802476158,0.8680401825989057,0.8598799834421359,0.8567455020822163,0.8468450007569043,0.844235670673045,0.8327245998634827,0.8302418414988758,0.7548381752611748,0.7012724702190325,0.6151478663772618,0.513300848292781,0.36119784317071535,0.08476539421380583,0,603.2845800726185,0.1069182389937107,1,0.8571428571428571,8
954,8138,0.0,0.0,0.0,0.0,0.0,0.0,0.0,0.9993267967311625,0.9708549956926562,0.8627546050236782,0.8225010703921886,0.7244894140503094,0.7102546718577928,0.6935961781735009,0.6882390633594397,0.6726552051327367,0.6676443457607661,0.6502657909454064,0.6448774232935983,0.6274324778166607,0.6205875763129037,0.6123105773649548,0.6024951069422944,0.5731819194528883,0.46618399371672226,0.42418429189401285,0.3104844158637305,0.25909240376729453,0.1738861984956872,0.1586996361754219,0.13992865535084725,0.13330867388256426,0.1143271402523968,0.10977686202584247,0.09165271001872023,0.0881311068244936,0.02531783245710291,0.009661744041365309,0.0017400500880051446,0.00018347212730370648,2.2553581662486653e-06,2.704575912415553e-14,0,5597.493080585273,0.3522012578616352,3,0.8580413297394429,8
955,1891,0.0,0.0,0.0,0.0,0.0,0.0,0.0,0.9992273402707857,0.9665687552083528,0.8437226638705058,0.7984806108185538,0.6894716377914188,0.6737541709723825,0.6553440992080073,0.6494104876819102,0.6321276489527458,0.6265700829838184,0.6073161500555411,0.6013534137909589,0.5820746172855795,0.5745224519317703,0.5653932208735695,0.5562179773155255,0.5288607633029819,0.42930561562445807,0.39035681644664066,0.28514769300003034,0.23768498868935514,0.15909554718097038,0.14510546423793894,0.127832549135049,0.12174906246684826,0.10432853617193982,0.10015819177463826,0.08362006346683055,0.08042015264310527,0.023346009672237416,0.009024295024096933,0.0016784285628264602,0.00020954312407883162,3.5824333143068162e-06,1.678320952402371e-13,0,29722.611575614777,0.564240790655885,5,0.8589398023360287,8
956,8911,0.0,0.0,0.0,0.0,0.0,0.0,0.0,0.9992882053866031,0.9690921144331932,0.8545292948377482,0.8119316857526028,0.7084224368807114,0.6934045946135472,0.6757692324957855,0.6700789655136397,0.6534872089227203,0.6481432470099671,0.6295942330432034,0.6238386734660502,0.6051932493167617,0.597873520362449,0.5890110641745591,0.5792179304057367,0.5500857460163959,0.44452541050531585,0.4034249790380854,0.2929851598574692,0.24346494085513323,0.16195936886548373,0.14752911055933948,0.12975139742778155,0.12349969397443361,0.1056263760563813,0.10135445820428067,0.08444121593225659,0.08117110478447961,0.023169572899876437,0.008827900050645241,0.001589164107796608,0.00016475186045599057,1.9592523635997198e-06,2.0403313242205248e-14,0,320644.82497629884,0.7466307277628033,7,0.8598382749326146,8
957,3727,0.0,0.0,0.0,0.0,0.0,0.0,0.0,0.9990267784350584,0.9578701836426088,0.8057427707666409,0.750920101853895,0.6219989920060127,0.6038268667640647,0.5826586137792933,0.5758666032106672,0.5561702947877704,0.5498636512953985,0.528112427748728,0.5214024922226272,0.4997249610799541,0.4912451045045902,0.48098407760709194,0.46520591661549743,0.4196790606404561,0.27393687496565006,0.22543506485768366,0.11833145372294762,0.08138678282484764,0.035607422335675265,0.02945006631841007,0.022660415586524547,0.020481206236028435,0.014855707044563161,0.013644120008649582,0.009354697371173799,0.00861963976907715,0.0006392984878955539,8.610024721252227e-05,2.4535755762111734e-06,3.049033659984903e-08,5.743905486460368e-12,2.0705757924084675e-27,0,1315.114424911527,0.16262353998203055,1,0.8607367475292004,8
958,3414,0.0,0.0,0.0,0.0,0.0,0.0,0.0,0.9998723770993427,0.9944400353955314,0.972677715887649,0.9640520925140419,0.9416306432027948,0.9381898777570397,0.9341227312827362,0.9328070099060795,0.9289551414638507,0.9277114866569448,0.9233789732023846,0.922029076163301,0.9176355358296056,0.9159004600086074,0.9138009506228699,0.9124514311347716,0.90838920258016,0.89212156252452,0.8849503340312909,0.8621506147640946,0.849468111518026,0.8227125436533229,0.8168211549364438,0.8089365551370346,0.8059820821844496,0.7968762656106911,0.7945343519649082,0.7844552187997007,0.782331586708112,0.7189900183952203,0.6745821551948259,0.6037968666611486,0.5499820416336998,0.458550693797943,0.21637738825469455,0,56784.40824997692,0.6217430368373764,6,0.8616352201257862,8
959,3801,0.0,0.0,0.0,0.0,0.0,0.0,0.0,0.9990481264008744,0.9588508791800132,0.8101576488261583,0.7564173018407108,0.6295846458629566,0.6116481749587354,0.5907284644574391,0.5840093909200808,0.56450541345916,0.5582550433416443,0.5366870218404396,0.5300354911058635,0.5086371581035485,0.5003037715351283,0.4902667577472629,0.47641775343534326,0.4359202945809124,0.30127115413542455,0.25431346297495805,0.145152638420405,0.10481449567942651,0.05106915017525719,0.04329659234623483,0.03447388927067078,0.03157298491816659,0.023883418403716408,0.022181248647569273,0.015976532046663106,0.01487901365904478,0.0015477855697240055,0.00027038702494741146,1.2212946004088144e-05,2.6496118792663353e-07,1.504320452782474e-10,5.56801913241934e-24,0,4635.5856805459935,0.32345013477088946,3,0.862533692722372,8
960,2159,0.0,0.0,0.0,0.0,0.0,0.0,0.0,0.999225544758297,0.9664645033807803,0.8431662691351596,0.7977426085296313,0.6883959068705953,0.6726676633165721,0.6542873225186127,0.6483821896422994,0.6312092374565803,0.6256929738954932,0.606601321905014,0.6006946207167683,0.5816099665853551,0.5741322919478443,0.5650919067293361,0.5565726604830424,0.5312365043583173,0.43814477448844374,0.4012929174370112,0.3002387389905451,0.2537616438261067,0.17513479391561257,0.16085901708447045,0.1430729101549111,0.1367594031120868,0.11852575907217287,0.1141238407851458,0.09651171782257907,0.09307276525949207,0.029427692072778115,0.012134240816696337,0.002525593599888588,0.00037340540272923667,8.886153128428258e-06,1.6410933478433862e-12,0,3234964.5837938823,0.8490566037735849,8,0.8634321653189577,8
961,5941,0.0,0.0,0.0,0.0,0.0,0.0,0.0,0.9991887260690987,0.9650553693181572,0.8376056620040407,0.7910372898667102,0.6797866506454711,0.6638942664250951,0.645407506190761,0.6394943026084582,0.6223981328338096,0.6169244684246672,0.598031542123799,0.5922020901243736,0.5733952646067729,0.5660400803472242,0.5571640048196144,0.5475631653956872,0.5187821840322955,0.41425996058790704,0.3735685459749833,0.26482352852306074,0.21660713436786685,0.13859001934760887,0.12500347515044613,0.10831674822387645,0.10245749336790672,0.08577845780678975,0.08181103612319633,0.06622512519782744,0.06324136692262128,0.014478399084331685,0.004616427669671603,0.0005998457753025575,3.825219214163172e-05,1.7578039129578975e-07,3.538726730922637e-17,0,1249902.528458543,0.816711590296496,8,0.8643306379155435,8
962,8751,0.0,0.0,0.0,0.0,0.0,0.0,0.0,0.9991491874066547,0.9632134175818405,0.8290533011403952,0.7800930085286536,0.6632795766316196,0.6466051903193273,0.6271479424259191,0.6209017239034472,0.6027789212505087,0.5969737250886439,0.5769419084887892,0.5707632092533358,0.5508659557484266,0.5431043782730308,0.5337569459420565,0.5222029102939083,0.4880329500179509,0.3685817802768807,0.32416169264874406,0.21170208790696493,0.16516018615785732,0.0952985032630865,0.08396176825490319,0.07045950829181259,0.06584544695642337,0.05308839949931654,0.05014094946512236,0.03890527362978655,0.0368205242387576,0.006380936536632855,0.0016511992756568126,0.00014966929494582927,7.68842873274482e-06,2.320459364700211e-08,8.253249185707018e-19,0,3281.3159862767175,0.27403414195867026,2,0.8652291105121294,8
963,10461,0.0,0.0,0.0,0.0,0.0,0.0,0.0,0.9999318919576895,0.9970128115410276,0.9851789311780539,0.9804288608031443,0.9679251674785657,0.9659840561830269,0.963668015607407,0.9629131375339613,0.9606905022639088,0.9599680224908212,0.9574330713658213,0.9566375636166827,0.9540297644584335,0.9529897445480187,0.9517190588873186,0.9506141236451583,0.9472221465030427,0.933348412681206,0.9271034798327432,0.9068234404449512,0.8952968569057062,0.8704521636626288,0.8648662961625704,0.8572446669246052,0.8543337025711292,0.8451902383837919,0.842793808850103,0.832285435470327,0.8300332647232394,0.7617893934271185,0.7132352036401768,0.6348546768671554,0.5527789324325663,0.42181927128859437,0.13712862688059144,0,12543.098139934467,0.4663072776280323,4,0.8661275831087152,8
964,3809,0.0,0.0,0.0,0.0,0.0,0.0,0.0,0.9992744527021469,0.9685354477015887,0.8521893239342021,0.8090471228117937,0.7045035995367885,0.6893787567771303,0.6716680997487181,0.6659663352919605,0.6493702315840055,0.6440370971853804,0.6255698059780325,0.6198531576882835,0.6013763051688614,0.5941397103977178,0.5853984080896104,0.5767146645495049,0.5506976764489829,0.4548281139536454,0.4167435442532586,0.3119834225772956,0.2638421122883295,0.18247757321380584,0.167716424955994,0.1493498784956858,0.14283921237389705,0.12405393931984521,0.11952210981579374,0.10139373148643181,0.09785190486177124,0.03166057046275006,0.013288661427828936,0.002854204267197002,0.0004048401340372654,8.885946731917141e-06,1.1748855073820022e-12,0,4379383.008903037,0.8598382749326146,8,0.867026055705301,8
965,8381,0.0,0.0,0.0,0.0,0.0,0.0,0.0,0.9990668879620698,0.959664623954837,0.8136755680695817,0.7608884050838599,0.6362668880568151,0.618641976152064,0.5981350982747998,0.5915659514629726,0.5725456038198762,0.566465474978254,0.5455327519995514,0.5390913671208449,0.5183800172168905,0.5103131080973011,0.5005690551200004,0.4884193229769535,0.45260734152893356,0.32978768374699957,0.28523328139733073,0.17617343034880717,0.13303923926063782,0.07151776956349319,0.062018386759980774,0.05094573645292444,0.047224139377689586,0.037116460921578255,0.03482276995038687,0.026241871660491526,0.024680938112914802,0.003515369133427638,0.0007827775845680488,5.440739189036511e-05,1.9902192151274653e-06,3.0854352036452635e-09,6.861409021084443e-21,0,1133.0823613894827,0.15094339622641512,1,0.8679245283018868,8
966,4423,0.0,0.0,0.0,0.0,0.0,0.0,0.0,0.9996001988109662,0.9826108195904227,0.9161060636072312,0.8904510267993041,0.8256449350046681,0.8159275623429816,0.8044373700519318,0.8007148733419251,0.7898182255477482,0.7862967723330049,0.7740230989856992,0.7701978312632431,0.7577467293009031,0.7528320832685798,0.7468706593999306,0.7391591549369493,0.7157868953817712,0.6263739753473689,0.5892666937432764,0.481916644019545,0.4290228007737115,0.33225107392517617,0.3133903196334462,0.28920665947814644,0.28042244501158836,0.25437584238354316,0.24792386342178288,0.2213494135429441,0.21600212169803593,0.09966952267967917,0.05506447183593824,0.01930333236937708,0.00533235301424883,0.000430306536134478,1.2517955560442295e-08,0,5619.829292719481,0.353099730458221,3,0.8688230008984726,8
967,4470,0.0,0.0,0.0,0.0,0.0,0.0,0.0,0.999344823071034,0.9715188571262918,0.8651992581523447,0.8253563746832989,0.7277812245267957,0.7134793859075786,0.6965992649060465,0.6911276782955426,0.675102055579806,0.6699202919266322,0.6518659737778232,0.6462425596778201,0.6279566234485754,0.6207510628411549,0.6119984547451777,0.6009837150411625,0.568243730709482,0.45068326754783,0.40544982882524844,0.28586614584713554,0.23341129046895165,0.14923517485750204,0.13468030800554384,0.1169067978797453,0.11069996912013973,0.09310442905003918,0.0889347586798842,0.07258911556556491,0.0694714866540142,0.01729172168105913,0.005942506850122216,0.0008986234001971208,0.00011535046940710682,2.121853228580496e-06,1.4542111457514547e-13,0,675.0680892774326,0.11500449236298292,1,0.8697214734950584,8
968,624,0.0,0.0,0.0,0.0,0.0,0.0,0.0,0.9992622660816903,0.9680045764405951,0.8496183128645708,0.8056701490635692,0.6991029110814404,0.6836478234873319,0.6654801625707437,0.6596105352341523,0.6424741726002547,0.6369509458849887,0.6177718367183151,0.6118185952180779,0.5925271167266453,0.5849528914609979,0.5757764798323145,0.5657379116502799,0.5357938500834389,0.4276049437210777,0.3856953161263948,0.27409284754906155,0.2247272905691258,0.14486240316206897,0.13095057108193203,0.11389649371278068,0.10792063563660043,0.0909250972298089,0.0868849956805142,0.071002508574707,0.06795834045099043,0.016849269901600156,0.005744801870597124,0.0008491930974714681,6.565498803399196e-05,4.4068749863124515e-07,4.3107189691885453e-16,0,1329576.7436389015,0.821203953279425,8,0.8706199460916442,8
969,10180,0.0,0.0,0.0,0.0,0.0,0.0,0.0,0.9991142377205313,0.9616937989009819,0.8224048400872874,0.7717598392152254,0.6514612271181959,0.6343449514404694,0.6143768566889007,0.6079660185087395,0.5893638534900154,0.5834046044715524,0.5628417809347199,0.5564995914792611,0.5360626213485266,0.528080416039522,0.5184413339490338,0.5048764495617638,0.4651507056564471,0.3311439982326175,0.2834875479832438,0.16946981590039567,0.12568129796375696,0.06492566668164668,0.05578372144204496,0.04523661920555369,0.04172151854915362,0.032265874130459164,0.030141196484272065,0.022274488874641438,0.020859321541284122,0.0025835421213271695,0.0005157931645157242,2.9482647189166238e-05,8.534384705270578e-07,8.42703705738638e-10,2.9646968045085716e-22,0,768835.0705975709,0.788858939802336,7,0.87151841868823,8
970,4011,0.0,0.0,0.0,0.0,0.0,0.0,0.0,0.9992582493334482,0.9678785890797953,0.8492973130077179,0.8053475106915011,0.6989264222704025,0.6835377468357818,0.6655026856211262,0.6596934573277341,0.6427832033569378,0.6373477988977424,0.6185090770835604,0.6126722808263866,0.5937915088711825,0.5863911375123273,0.577450070750409,0.5683724394617304,0.5413372542983406,0.4427348861568668,0.40402730024882133,0.2988845398917197,0.2510644546318547,0.1710813788809365,0.15670893590600748,0.138895146126524,0.13260225551290128,0.11452768693684537,0.1101874309211281,0.09290737056681328,0.08954327864233014,0.027817016717156036,0.011327336934522337,0.002310153352318972,0.00037084342171457286,1.0353068469064247e-05,3.688925555466677e-12,0,83792.37494474278,0.660377358490566,6,0.8724168912848158,8
971,7371,0.0,0.0,0.0,0.0,0.0,0.0,0.0,0.9999045721858204,0.9958486052834946,0.9795792235757911,0.9731197679750332,0.956301710801222,0.9537179011007811,0.9506611916723797,0.9496730733553276,0.94678730080227,0.9458569071779143,0.9426191411915846,0.9416113902875954,0.9383267734829588,0.9370277870462788,0.9354543039890808,0.9342779511089905,0.93070953081712,0.9162805106587257,0.909815151010138,0.8888831129442067,0.87702377579366,0.8515453154063148,0.8458346971238158,0.8380632288955226,0.8351025718039441,0.8258267713037857,0.8234018235181613,0.8127954022806554,0.8105272670571397,0.7418876103362654,0.6931640884478663,0.6146664043818085,0.5344466077167979,0.4071445875056583,0.13250057850635452,0,247.85824345146375,0.053908355795148244,0,0.8733153638814016,8
972,10296,0.0,0.0,0.0,0.0,0.0,0.0,0.0,0.9996841124033543,0.9862263123896364,0.9331465924698154,0.9124937950782599,0.8598679104235819,0.851920739194394,0.8425193314390962,0.8394744538284663,0.8305643216673855,0.8276858186503148,0.8176539879215947,0.8145274837967994,0.8043501592785073,0.8003319578917724,0.7954612367365699,0.7922875316920625,0.7828251604370149,0.7458808221464716,0.730059046701443,0.6814837857725118,0.6555366059527897,0.6031778179837964,0.5920850623997285,0.5775377005586464,0.5721810150616484,0.5559744988855297,0.5518795912308816,0.5345788625679683,0.5310055507385665,0.4316958320235724,0.3697226705977079,0.283058668200164,0.2499198360896852,0.19688385867812117,0.0746994207835006,0,97.39758602053683,0.025157232704402517,0,0.8742138364779874,8
973,135,0.0,0.0,0.0,0.0,0.0,0.0,0.0,0.9992799542882518,0.9687389834757884,0.8529647395232477,0.8099675441004248,0.7056265230500968,0.6905106206414436,0.6727904291023534,0.6670820958312306,0.6504522168593998,0.6451013662627079,0.6265496458114826,0.6207980344735836,0.6021234631114527,0.5947702745213165,0.5858470508116813,0.5727568310543909,0.5339879335655616,0.3989102637898079,0.34892672785437157,0.22383483428388376,0.17289346601661923,0.09764689192983907,0.08562028763469011,0.07139190713012175,0.06654975089183927,0.053224189766604785,0.05015999658014883,0.0385407308343886,0.03639698541978065,0.005883577141774768,0.0014410520976299223,0.00011819320395654324,4.62544545965838e-06,8.141830369628246e-09,3.0028318462903677e-20,0,175541.7453743201,0.7196765498652291,7,0.8751123090745733,8
974,6518,0.0,0.0,0.0,0.0,0.0,0.0,0.0,0.9999056114853256,0.9958815679421494,0.9796903090216232,0.9732420507713033,0.9564022433351262,0.9538072755545987,0.9507280977089498,0.9497297805078235,0.9468057872436307,0.9458603463288131,0.9425605344272329,0.9415309922499832,0.9381758203376969,0.9368490397525405,0.9352419424922629,0.9340594141623028,0.9304684077107328,0.9159454034183913,0.9094786018875655,0.8887042176771387,0.8770242390270084,0.851978215796827,0.8463625899387,0.8387191104035497,0.8358016184807227,0.8266394911362441,0.8242386372308689,0.8137131251725188,0.8114577648843725,0.7431915406572341,0.6947123970250212,0.6166191207674144,0.5381960687342662,0.4134125666619631,0.139711453863471,0,1393.0215286180164,0.1707097933513028,1,0.876010781671159,8
975,4469,0.0,0.0,0.0,0.0,0.0,0.0,0.0,0.9992296065421076,0.9665594317584603,0.8432946903531598,0.7977740736241594,0.6879666871221221,0.6721374603937962,0.6535946542867498,0.6476228583582153,0.6302421538003775,0.6246573757235842,0.6053276936433953,0.5993483713906976,0.5800375774949781,0.5724813779333933,0.563358842961826,0.5509596910613127,0.5142553393246263,0.3861522733990217,0.3386744803766933,0.21929412966308834,0.1703119200726086,0.09736118285763358,0.08560908946611068,0.07166066190893099,0.06690118101915574,0.05376441264782988,0.050734745375224016,0.039209325731384886,0.03707554446001239,0.0062434394207604126,0.0015786915171903128,0.00013709635062002918,6.2224593234410366e-06,1.4744492630087993e-08,1.9244165586944935e-19,0,459142.348155308,0.7646001796945193,7,0.8769092542677448,8
976,2455,0.0,0.0,0.0,0.0,0.0,0.0,0.0,0.9992608351463951,0.9679645054457868,0.849684770809763,0.8059073239687204,0.6999993127494503,0.6846897415835952,0.6667437521787348,0.660955435932258,0.6440839738035619,0.6386548894437892,0.6198313148287934,0.6139971200790283,0.5951181523102348,0.5877158909110871,0.5787628356130381,0.5702234316641019,0.5447352816870857,0.4510557975513541,0.41393501268203814,0.3119039436982772,0.2647965906511483,0.18468771662536718,0.17007238226991803,0.15184249688449264,0.14536713305855284,0.1266420154102951,0.12211536685672505,0.10396842286147995,0.10041727468466888,0.03340411226365035,0.01434744486744864,0.003210455006695133,0.0004949330946041247,1.278199014336511e-05,3.313867733890728e-12,0,2082868.8119217884,0.8310871518418688,8,0.8778077268643306,8
977,9841,0.0,0.0,0.0,0.0,0.0,0.0,0.0,0.9992204972984471,0.9662495849972532,0.842228973763557,0.7965681415265256,0.6867220339904566,0.670916942303173,0.6523921627532702,0.6464228900192303,0.6290402282782321,0.6234518607100548,0.6040960940763448,0.5981033712111892,0.5787327085713475,0.5711466850565077,0.5619782918415713,0.5533260004989311,0.5276895462747844,0.43411807337133446,0.397145761202208,0.2960044274072752,0.24963006629661252,0.17144519865897562,0.15729418686053118,0.13968682711233252,0.13344351541079805,0.11543453572590699,0.11109211602915335,0.09374099472322046,0.0903576444932927,0.02813986669642009,0.011468818332874347,0.002338327057823512,0.00032497101086883417,6.852001154568289e-06,7.660097542742543e-13,0,14988074.028973915,0.9209344115004492,9,0.8787061994609164,8
978,4778,0.0,0.0,0.0,0.0,0.0,0.0,0.0,0.9997880217873063,0.9907351725388057,0.9546197304595246,0.9403837175966819,0.9036109714926367,0.8979848117201438,0.8912949042789857,0.8891190907306807,0.8827228873093715,0.8806464388449305,0.8733728596115169,0.8710938275334884,0.8636229107057701,0.860648584136282,0.8570168596713688,0.8523895640796281,0.8381347377748539,0.7810853044275472,0.7561003508463537,0.6782200997553012,0.636295432940133,0.551953740644048,0.5341215742652349,0.5103199560552802,0.5013740519417874,0.4738408798015873,0.46676439915923135,0.4364605276830263,0.4301191264614488,0.26937488983290014,0.18762969175784272,0.09877265329485183,0.04795835353534575,0.011766447439154224,3.579217490039809e-05,0,1343.957240912241,0.16442048517520216,1,0.8796046720575023,8
979,5311,0.0,0.0,0.0,0.0,0.0,0.0,0.0,0.999219726379624,0.9662321725035453,0.842209279549667,0.7965688509534947,0.6868153894501924,0.6710393694078073,0.6526000457137923,0.6466723233724799,0.629412644006606,0.6238644402558139,0.604649510177907,0.5987008804678856,0.5794740802815154,0.5719447849151029,0.562846044256252,0.5519134045648396,0.5195068014348487,0.40442514653422834,0.36074948804934914,0.24728080801142302,0.19862764128890195,0.12248762669145746,0.10962813774038285,0.09407956570563922,0.08868352776483088,0.0734998346793993,0.069928874014458,0.05605256244481474,0.05342507053641533,0.01159408283329683,0.003567516613315026,0.00043969503066986203,3.0314253587406368e-05,1.6152046466358567e-07,5.89410750850036e-17,0,268.9595238095237,0.05660377358490566,0,0.8805031446540881,8
980,322,0.0,0.0,0.0,0.0,0.0,0.0,0.0,0.999199078003758,0.9653060284014692,0.8380072447507494,0.7912307583782033,0.6789445747562343,0.6628277990560326,0.6439727241477576,0.6379063214922114,0.6202671222174576,0.6146046702815374,0.5950096588356815,0.588947098775977,0.5693645780175691,0.5617013734977717,0.5524445507815283,0.5402595743884684,0.5041331793752099,0.37794503352170994,0.3311254674152603,0.2136064078479451,0.16552899156544593,0.09415928061197561,0.08269797380231246,0.06911164120900606,0.06448043965072844,0.05171235742326362,0.04877097021512513,0.03759552417059671,0.035529374837998284,0.0058732803976393804,0.0014635278984172408,0.00012376001943155415,5.441243845711264e-06,1.2084882282750367e-08,1.1929485919035774e-19,0,104977.0594759327,0.6828391734052112,6,0.8814016172506739,8
981,2551,0.0,0.0,0.0,0.0,0.0,0.0,0.0,0.9992524280377941,0.9675747512282448,0.8478921318934041,0.8036120860652046,0.6965705882727459,0.6810851444140226,0.6629189808926428,0.6570615012060869,0.6399937006568885,0.6345031255865824,0.615472854747438,0.6095766773230691,0.5905040487580653,0.5830287850427667,0.5739896844375794,0.5651459311694155,0.5386829455141693,0.44160803959044537,0.4032781214903626,0.2986315587079124,0.2508129997233699,0.17060739162536712,0.15620847283687123,0.13836970939037382,0.13206816202500962,0.11395841172412646,0.10960742758830697,0.09227064369972125,0.08889630696105802,0.02726522361733105,0.010986384301968943,0.002196534981684348,0.00027796913447533444,4.879951163190035e-06,2.551932692079391e-13,0,46908700.12894413,0.954177897574124,9,0.8823000898472596,8
982,1346,0.0,0.0,0.0,0.0,0.0,0.0,0.0,0.9992536690285699,0.9676524831192628,0.848331749156702,0.8042089728237163,0.6975902882694118,0.6822033035334514,0.664167935637572,0.6583566977122508,0.6414351704332683,0.6359953187535682,0.6171526843663333,0.6113182133106791,0.5924457465020646,0.5850466989579327,0.5760980429014174,0.5676471723470959,0.5423741757475027,0.4491016308173832,0.41207400512162573,0.31022268795970986,0.26314434106630535,0.18305558663447138,0.16844001653338833,0.15019137661049742,0.1437023052315261,0.1249244969558288,0.12038228096314146,0.10216972769869487,0.09860560893434028,0.03195390398665,0.01342777791388567,0.0028901820698809515,0.0004123891469843988,9.154963141401817e-06,1.2673118179380388e-12,0,3460891.279765793,0.8535489667565139,8,0.8831985624438454,8
983,10531,0.0,0.0,0.0,0.0,0.0,0.0,0.0,0.9997776888561821,0.9902888054653205,0.9524881516731092,0.9376117331472179,0.8992513876885629,0.893395670894683,0.8864399260167931,0.8841797648686427,0.877544687615933,0.8753943090086773,0.8678745174420197,0.8655227945374602,0.8578407036976287,0.8547901789794361,0.8510627834473093,0.8475713368606096,0.8369916891808253,0.7949901528845662,0.776702713874661,0.7197391285893708,0.6889194018185085,0.6260810666650669,0.6126202386202121,0.5947129782572076,0.5880106440457725,0.56741104184962,0.5621248863089991,0.5394769790939097,0.534736786087515,0.405083146855386,0.3277581432418151,0.22592720966869528,0.17149676668373515,0.10094058843569105,0.01161436325184169,0,117.13664668664666,0.02964959568733154,0,0.8840970350404312,8
984,330,0.0,0.0,0.0,0.0,0.0,0.0,0.0,0.9996965693528428,0.986878410898477,0.9366705668566501,0.9172618707976042,0.8680986149568423,0.8607205309748736,0.8520612476399089,0.8492794169762564,0.8412043752184588,0.8386165409148266,0.8296683736642767,0.8269013054050662,0.8179630639196788,0.8144607257225261,0.8102490344658481,0.8080261456239166,0.8013821278208885,0.775145819079232,0.7637584897389362,0.7282153243071451,0.7088571436981249,0.6689539479335597,0.660342657410355,0.6489430104959724,0.6447117006898233,0.6318008650913705,0.6285125787879916,0.6145038508882901,0.6115865429150589,0.5278251334501793,0.47259498064500877,0.39057144187051573,0.3492030522789953,0.2815995109394675,0.11738510427781927,0,16264.553002621029,0.5031446540880503,5,0.8849955076370171,8
985,5837,0.0,0.0,0.0,0.0,0.0,0.0,0.0,0.9991617690415079,0.963716732445068,0.8311014742878966,0.7825924511338752,0.6666732722970183,0.6500986050831625,0.6307408601465765,0.6245217323089791,0.6064638608583318,0.6006751147913775,0.5806664569686243,0.5744833067450944,0.5545354398338963,0.5467393340867955,0.5373303968656363,0.524628256883392,0.4871436295917385,0.35820793285394115,0.31121877534523745,0.19535076360149947,0.149012349053206,0.08187688123380776,0.07133958230072603,0.05897351687452967,0.054793895706031624,0.04337610640553045,0.04077002137738369,0.030963627125557787,0.02916894513768014,0.004363858448267015,0.0010079868815887265,7.464757281994304e-05,2.7808080160594685e-06,4.480954659619859e-09,1.1844682891279921e-20,0,1540293.1342883345,0.8230008984725966,8,0.8858939802336029,8
986,8935,0.0,0.0,0.0,0.0,0.0,0.0,0.0,0.9991609248151878,0.9636640252395106,0.830828325781953,0.7822312174156559,0.6661110702384544,0.6495143361808985,0.6301353937551436,0.6239108126248345,0.6058438027535568,0.6000557685877422,0.5800792259521531,0.5739144804968281,0.554047565543271,0.5462913646932112,0.5369406319232042,0.5239481708476637,0.48566213066497366,0.35431799664184,0.3066453533293745,0.18983981661351035,0.1435714193309614,0.07731138494571298,0.06703515679369179,0.055022581427538665,0.050975327481063516,0.03996530286094544,0.03746340295316132,0.02809959823180474,0.026396185032628555,0.0035956635744993546,0.0007722867578731703,5.022445868817949e-05,1.581276077778135e-06,1.839894909873109e-09,1.2778261293978068e-21,0,1706.0985507779997,0.18957771787960467,1,0.8867924528301887,8
987,3357,0.0,0.0,0.0,0.0,0.0,0.0,0.0,0.9999459231621217,0.9976218165551455,0.9881054388126858,0.9842466540324225,0.9739855672144515,0.9723768147310577,0.9704401943496395,0.9698034204302466,0.9679120508630523,0.9672918817972558,0.9650968933544036,0.9644020528501258,0.9621056498565591,0.9611852376307116,0.9600556103507653,0.9588761975041166,0.9552565667729785,0.9404615044952933,0.9338035167192562,0.9121921906377216,0.8999169565677498,0.8734807184042913,0.8675409298993971,0.8594370721502601,0.8563419107637984,0.8466204178347824,0.8440725947638521,0.8329014636721075,0.8305074831273686,0.7581374021984967,0.7068738235502632,0.6245607320406655,0.5389548399636767,0.4037698182544763,0.12162665888623894,0,805.4895421081749,0.1293800539083558,1,0.8876909254267745,8
988,9323,0.0,0.0,0.0,0.0,0.0,0.0,0.0,0.999951888263556,0.9979016720503397,0.9896109385832235,0.9862800738905395,0.97750301600318,0.9761395851773554,0.9745143630905919,0.9739852522508005,0.9724291567434062,0.9719239483148041,0.9701530872442485,0.9695977742954439,0.9677786912983529,0.9670555667950022,0.9661754507200457,0.9652346556202135,0.9623373690483457,0.9504188252813442,0.9450166033809922,0.9273427511196652,0.9172185997729159,0.8952187934132435,0.8902299725478786,0.8833677576017308,0.8807261579393615,0.8723628793384901,0.870153630396506,0.8603893944802739,0.8582801970459913,0.7936656398522057,0.7470659423249342,0.6707747424480595,0.5777796000636388,0.4323751999070471,0.13096449624847525,0,337989.1006064422,0.7493261455525606,7,0.8885893980233602,8
989,6809,0.0,0.0,0.0,0.0,0.0,0.0,0.0,0.9993117001738091,0.9701970758637313,0.8596959603881275,0.8185770880807357,0.7184580314980418,0.70390950525962,0.6868545566530576,0.6813624744078065,0.6653795905003849,0.6602444131741346,0.6424632182565488,0.6369588926223131,0.6191670018563311,0.6121973829436727,0.6037812740182962,0.5929010886771384,0.5605294296259615,0.44422712761244376,0.39946133070128537,0.28112704805345595,0.22923123430807785,0.14579194886664387,0.13134477481933046,0.11367247076158979,0.10749217053011,0.0899798771927783,0.08584440099899453,0.06969198479395558,0.06661629882000251,0.015896050214391774,0.005276542515576415,0.0007473649889142053,6.39566618072137e-05,5.227185153275747e-07,1.149398795565814e-15,0,29640.613182189656,0.5624438454627134,5,0.889487870619946,8
990,7556,0.0,0.0,0.0,0.0,0.0,0.0,0.0,0.9992962670240791,0.9694527603746247,0.8561112520807543,0.8138722756052196,0.7110294864630256,0.6960854231114922,0.678534773584895,0.6728715291485593,0.6563690630426837,0.6510611800360476,0.6326643596735717,0.6269642493736636,0.6085084266569741,0.6012372980503328,0.5923973509864913,0.5801235203840093,0.543856595119227,0.4164423761293236,0.3687195760087763,0.24670653912641388,0.19544665087614296,0.11695673079201917,0.10397097607790899,0.08841842877468889,0.08307402773025033,0.06818615796074075,0.06471923780856943,0.051375633967966204,0.04887339101739014,0.010036139500655836,0.0029724970265655026,0.00034497013366344007,2.441267297456184e-05,1.3754035715546466e-07,6.464537482481492e-17,0,12416.022607386909,0.4636118598382749,4,0.8903863432165319,8
991,9625,0.0,0.0,0.0,0.0,0.0,0.0,0.0,0.9991694622744712,0.9640000832682846,0.8321820329964985,0.7838420883147704,0.6679653417611796,0.6513498153003441,0.6318937253431485,0.6256311471981113,0.6074181099532944,0.6015704069890233,0.5813463233746814,0.5750943821134232,0.5549179433883377,0.5470301210992713,0.5375067968107473,0.5233725085794825,0.4818299248960203,0.34147542797601144,0.29162202906674445,0.17293442505760895,0.12765617145879601,0.06527228543999881,0.055949245892829846,0.04522124148962117,0.041653532691460694,0.032079816909724106,0.029933893259122372,0.0220083517586889,0.02058668296353172,0.002457212830892315,0.00047647661574784744,2.5826429449943864e-05,6.045095501975405e-07,3.8953572028611856e-10,2.2265280209355753e-23,0,9129.942900253141,0.4249775381850853,4,0.8912848158131177,8
992,10324,0.0,0.0,0.0,0.0,0.0,0.0,0.0,0.9990685799598186,0.9597204913282229,0.8138565189203704,0.7610874789945276,0.6364532595695453,0.6188189102532909,0.5982785278718726,0.5916875917042547,0.5725618885829591,0.5664346946010834,0.5452958600885097,0.5387776841338325,0.5177966308866151,0.5096173235807914,0.49975970849634377,0.48550814594903513,0.44398307990881963,0.30656128264495464,0.2588522036014732,0.14794070116030206,0.10691052525556048,0.05217816369754067,0.04425364609309792,0.03525300914906154,0.03229104020683605,0.02443368969190506,0.022693204053073693,0.01634796057283551,0.015225427612409666,0.0015853434028572538,0.0002771351634855398,1.2531295750866318e-05,2.652893170865598e-07,1.4140169233359263e-10,3.7816694106496785e-24,0,20764.82306934557,0.5265049415992812,5,0.8921832884097035,8
993,9948,0.0,0.0,0.0,0.0,0.0,0.0,0.0,0.999391921541477,0.9736672069539702,0.8753756602469935,0.8384875730728413,0.7479397134042192,0.7346971314031174,0.7191770606757226,0.7141843027021967,0.6996675082767317,0.6950012140670906,0.6788317864866943,0.6738223157238069,0.6576151942390043,0.6512591848790944,0.643574351941508,0.633771263021326,0.6043957619381551,0.49628035032641465,0.4535835040071019,0.33726592327190796,0.2841589900303658,0.1949406016839337,0.17884343179979284,0.15886330251296576,0.15179496711534501,0.13144542572415102,0.12654273568432012,0.10691387588004464,0.10306952576625897,0.03210417822108666,0.013041486791185218,0.0026259756294483585,0.0003475126699816433,6.686534325016029e-06,5.204417422788583e-13,0,2090.6584330101523,0.215633423180593,2,0.8930817610062893,8
994,1979,0.0,0.0,0.0,0.0,0.0,0.0,0.0,0.9991160830814508,0.9617720969230242,0.8227400771582913,0.7721767207171396,0.6520689409821859,0.6349721208814624,0.6150211685293688,0.6086085291682884,0.589977976078365,0.5840022798203895,0.5633588302848758,0.5569786423995748,0.5363897834862511,0.5283422848687601,0.5186233922833589,0.504906012141812,0.4646476466495485,0.3292250768195838,0.28123082854922726,0.16687718387614764,0.12319553056470965,0.06299530773440566,0.05399677261355237,0.04364233506654798,0.04019890564199628,0.030958818735688627,0.028887835984991502,0.021243854129287927,0.0198734741906164,0.002383034705935736,0.0004640638295049946,2.5365186855940414e-05,6.560961095638019e-07,5.167160950724742e-10,6.938322449261752e-23,0,22907.117503207694,0.5354896675651393,5,0.8939802336028752,8
995,6416,0.0,0.0,0.0,0.0,0.0,0.0,0.0,0.9998634412859368,0.9940696822220927,0.9709454179878558,0.961808506123409,0.9381381959563354,0.9345153219008278,0.9302310739967121,0.9288462921863638,0.9248025810313079,0.9234990091433054,0.9189634952991713,0.9175521343856614,0.9129643396544888,0.9111548498921609,0.9089679362161437,0.9074328329217105,0.9027813309179142,0.8840553788474128,0.8757596888570559,0.8492770340398127,0.8344960675327633,0.8032320412930962,0.7963257069464182,0.7870333725254542,0.7835308144529645,0.7726748946684907,0.769866998593028,0.757716928033412,0.755142261456606,0.6786550491814249,0.6257052410734772,0.5427179434111672,0.4796106672307821,0.3774340391203313,0.14097352549278475,0,inf,0.9757412398921833,9,0.894878706199461,8
996,2863,0.0,0.0,0.0,0.0,0.0,0.0,0.0,0.9991084246193035,0.9613725962012024,0.8207632138512769,0.7695989762940229,0.6480581470418808,0.6307731498403978,0.610597635556271,0.6041149138593216,0.5852674232292484,0.5792179371681686,0.5583067972070287,0.5518462486580751,0.530921625125672,0.5226734581291732,0.5126268914359745,0.4971876375047402,0.45239391430576126,0.30598421836951684,0.25593948605245787,0.1417835782270228,0.10062203803393548,0.04718360071277649,0.039651755931978575,0.03119017075446522,0.028431801858245908,0.021188815650756667,0.019601086210567338,0.013874948043809765,0.01287348351649988,0.0011893464047950438,0.00018968084285252073,7.293167917362265e-06,1.3192127911910656e-07,5.257810086907141e-11,4.561932407688825e-25,0,325.9303374655647,0.0646900269541779,0,0.8957771787960467,8
997,3188,0.0,0.0,0.0,0.0,0.0,0.0,0.0,0.9999083560393768,0.995942162123318,0.9797421227944326,0.9731932391014464,0.9558377777750655,0.9531238447730617,0.9498553762654666,0.9487798281857157,0.9455826287523789,0.9445334401735348,0.9408174677342704,0.9396365913235576,0.9357146285925115,0.9341306852969841,0.932171019370336,0.929174755458221,0.9199264455267789,0.8823330764893456,0.8655554091273456,0.8119251613867753,0.7821097138575974,0.7196458546161963,0.7059209465204873,0.6872715555707618,0.680158308090213,0.6578953081125035,0.6521010670974202,0.6270611151475365,0.6217721404499845,0.4752935466062612,0.3865930172622262,0.2681744637646449,0.1767181069168069,0.07865336566738543,0.0028086286556234397,0,2934.018492014927,0.2551662174303684,2,0.8966756513926325,8
998,10514,0.0,0.0,0.0,0.0,0.0,0.0,0.0,0.9999366119850395,0.9972207328132668,0.9862097151602645,0.9817911112241873,0.9701628130502897,0.9683581925446385,0.9662058707516382,0.9655044488003472,0.9634370964016674,0.9627642655880847,0.9604005980676789,0.9596579229250861,0.9572203017463233,0.9562494231868578,0.9550647939858554,0.9535880996649886,0.9490361543087431,0.9304151426301089,0.9220326340634503,0.894845488312463,0.8794304530233895,0.8463237399103402,0.8388991856457714,0.8287591414291292,0.8248805427086335,0.8126845232552194,0.8094850346642023,0.7954439994853851,0.7924315117477333,0.7023998032018333,0.6400990082136147,0.5428912662228369,0.45933266199391753,0.33182151399051185,0.08671320530717312,0,950692.2252025548,0.8023360287511231,8,0.8975741239892183,8
999,3241,0.0,0.0,0.0,0.0,0.0,0.0,0.0,0.9999410729951282,0.9974173674443274,0.9871856736302812,0.9830778653880589,0.9722606987604464,0.9705810883888218,0.9685781174541768,0.9679226459380623,0.9659790602962481,0.9653428559102569,0.9630949528274103,0.9623845749674717,0.9600395306968856,0.9591001442967213,0.9579478532163251,0.9567048585366421,0.9528812276218294,0.9372077237346499,0.9301220647140299,0.9070256419730933,0.8938585644177511,0.8654096730330749,0.8589953753116686,0.8501709225761185,0.8467668941467669,0.8359710891691768,0.8331141498656157,0.8204652312717016,0.8177277408145122,0.7347054309214933,0.6760697125630001,0.5826000960727351,0.4632983506737554,0.2961824288601796,0.04643533397015965,0,631356.5031873833,0.7807726864330637,7,0.8984725965858041,8
1000,1599,0.0,0.0,0.0,0.0,0.0,0.0,0.0,0.9998833695122996,0.9948770357016573,0.974637271172398,0.9665413335699572,0.9453331249363026,0.942053342094102,0.9381421669138528,0.9368681989265593,0.9331194685628641,0.9319017126375533,0.927632301043534,0.9262935703176642,0.921908675019187,0.9201660213706357,0.9180440056919382,0.9159008770146738,0.9092979088370584,0.8823771430411422,0.8703118595814693,0.8314982921865541,0.80972081450361,0.7635408503126125,0.7532940307778039,0.7393503280190036,0.7340896973647553,0.7178004251846942,0.7135904069612592,0.695399599223033,0.6915577215142348,0.5809642236161126,0.5086729394551023,0.40280791793323517,0.3265743920428688,0.21743905936489638,0.04083177369311148,0,36244.46968357338,0.5813117699910153,5,0.89937106918239,8
1001,3154,0.0,0.0,0.0,0.0,0.0,0.0,0.0,0.9998223840766721,0.9922487870891015,0.9619893948239673,0.9500346545833723,0.9189951812149953,0.914231914964925,0.9085584536144563,0.9067097529408653,0.9012625684281224,0.899490115936617,0.8932665851089109,0.891312255913564,0.8849020263613466,0.8823512018234596,0.8792391651396351,0.8752444724167953,0.8628881322248527,0.813001564212684,0.7909426767179242,0.7214207740764638,0.6834816904491957,0.6057781076885903,0.5890211981045052,0.5663167367740425,0.5576647920629536,0.5306604409967317,0.5236235902390634,0.49307085248161103,0.4865890639388192,0.31747226686459895,0.227307187933064,0.12451449781235722,0.05242353812328024,0.009725818234006733,9.327563805562674e-06,0,2444.6187318392017,0.2336028751123091,2,0.9002695417789758,8
1002,4552,0.0,0.0,0.0,0.0,0.0,0.0,0.0,0.9991971101104087,0.9652222492560328,0.8376432958481117,0.7907754752986985,0.6782986975203759,0.6621621619339205,0.6433067713419293,0.6372479886039485,0.6196527407022505,0.6140113191513034,0.5945242834336179,0.5885070877255395,0.569108241904045,0.5615172608789325,0.5523337529163014,0.5403147584298127,0.50462638430948,0.3795956844031642,0.3330474933886899,0.21551388883677663,0.16713240861680878,0.09500626604333215,0.083383548118817,0.06956493510699356,0.06484134329985813,0.05180064188030088,0.04879348274984609,0.03736949690553498,0.03525861436351869,0.005498549480100251,0.0013055927332668823,0.00010139218274760139,4.148237180355003e-06,8.047616946043084e-09,4.63768739103075e-20,0,5524984.9815702895,0.8688230008984725,8,0.9011680143755616,9
1003,7615,0.0,0.0,0.0,0.0,0.0,0.0,0.0,0.9993126954740902,0.9701837858971052,0.8594040747145271,0.8180921216340066,0.7172722164084095,0.7025887346694466,0.6853257523339921,0.6797503530009849,0.6634784855737218,0.6582355973020171,0.6400314142464415,0.6343808562887815,0.6160686332401832,0.6088749107739468,0.600148640741669,0.588264005461401,0.5530947381980553,0.4286559185935895,0.38161177775817634,0.2598879755765338,0.20796874292755022,0.12718163861486811,0.11361068875816178,0.0972381615501646,0.09157716563426584,0.07570655897797564,0.07198741528760058,0.057582772523881436,0.05486410867515971,0.0118091949401155,0.0036191721548404798,0.00044460476500326915,3.646515591267301e-05,2.7637305039880675e-07,4.586928405395159e-16,0,1962.1586670378083,0.20934411500449238,2,0.9020664869721473,9
1004,5368,0.0,0.0,0.0,0.0,0.0,0.0,0.0,0.9992720800431657,0.9683661545840022,0.8511934048127747,0.8076806983456436,0.7021186613941564,0.6868279726897714,0.6688897615473495,0.6631063933345535,0.6462087225468998,0.6407491143071798,0.6217424426251863,0.6158277011870528,0.5966013880795553,0.589019505002976,0.5797960978272869,0.5660348269851929,0.5255085651182587,0.3861075708551212,0.3353001067804128,0.21006475001493816,0.16002597024164367,0.0876359948122174,0.07629598258470924,0.06298864839077677,0.058490212836159475,0.04620401413982108,0.04340057084784461,0.03286042300419097,0.030934285580536527,0.004522522130366004,0.001025495916983804,7.3396973530319e-05,2.588223534521253e-06,3.745651941291203e-09,6.3356959286567484e-21,0,5402.968937124343,0.348607367475292,3,0.9029649595687331,9
1005,9789,0.0,0.0,0.0,0.0,0.0,0.0,0.0,0.9996740877850927,0.9857036092506624,0.9303302963606574,0.9086862876160646,0.8533078336473164,0.8449146710264205,0.8349360605697733,0.8316875764400341,0.8221330846736876,0.8190307489696844,0.8081711854645344,0.8047719909749147,0.7936629122502923,0.789259744180546,0.7838999196936788,0.7793984424859621,0.7658702683345425,0.7130839907470258,0.6905430675595204,0.6220157135613318,0.5859678094239529,0.5146842136350462,0.4998200782262843,0.4803209981748843,0.47312137996867937,0.45131634326930503,0.44580062978265456,0.4225075759675763,0.4176990840819425,0.29202341309821933,0.22262343741345839,0.1386241062469791,0.09908434826190661,0.05195077044453958,0.0037324902231957065,0,11965.072781052322,0.4600179694519317,4,0.903863432165319,9
1006,1508,0.0,0.0,0.0,0.0,0.0,0.0,0.0,0.999937221553851,0.9972361256045952,0.9862388272184877,0.9817998781276596,0.9700200272699891,0.9681765961149095,0.9659601607841782,0.965231953615743,0.9630700850815226,0.9623615735800596,0.9598552175147105,0.9590622285503466,0.9564414105254069,0.9553903417628636,0.9540994724043592,0.9525244059336997,0.9476814609556131,0.9278991055680416,0.9190080865184473,0.890226525844739,0.8739427544260886,0.8390483632136483,0.831237344602903,0.8205804043187545,0.8165077413649438,0.8037139378031071,0.8003600636768834,0.7856546556943542,0.782502604699454,0.688647183796222,0.6240807854363941,0.524075188022743,0.39960279828328243,0.2347283502423679,0.02564504108351992,0,376093.3437383573,0.7547169811320754,7,0.9047619047619048,9
1007,4833,0.0,0.0,0.0,0.0,0.0,0.0,0.0,0.9999121233634365,0.9961276491052917,0.9807394078237731,0.974530133139111,0.9580915745497323,0.9555239048418992,0.9524362680304445,0.9514218113388908,0.9484109090617887,0.9474243922540685,0.9439357427679214,0.9428323501521925,0.9391718993464687,0.937696067192778,0.9358733560312491,0.9330647675077501,0.9243801903162849,0.8889980456157116,0.8731708244366343,0.8223805668565205,0.7940015864809721,0.7342220018797243,0.7210220940904775,0.7030127455289857,0.6961164778536806,0.6744455430965646,0.668761299584767,0.6438703942148488,0.638543607876127,0.48903149008416685,0.3973241271702186,0.2738164708857801,0.16616614239751576,0.0627151532791212,0.0011137933189060974,0,3776.1879697568907,0.29469901168014373,2,0.9056603773584906,9
1008,10056,0.0,0.0,0.0,0.0,0.0,0.0,0.0,0.9993220294592722,0.9703019443972585,0.858995080077406,0.8171578352614811,0.714491255319348,0.6994602748091806,0.6816837556123347,0.6758782802086196,0.6587457706345333,0.6531645132793076,0.6335809454005681,0.6274390611244237,0.6073362805262235,0.5993653735205825,0.5896145204900752,0.5769573520269384,0.5395696291780023,0.40904677764574415,0.36053178131836044,0.23765999110345915,0.18666906961133173,0.10961934988193094,0.09702839067984301,0.08201681722956002,0.07687717892303016,0.06262065927706656,0.05931513791245349,0.046654184845725616,0.04429220560953919,0.008521717719855666,0.002399421178858165,0.0002550234967786902,2.2940732818220396e-05,2.1151829949069482e-07,8.369364760551697e-16,0,802.3626889705837,0.12848158131177,1,0.9065588499550764,9
1009,7841,0.0,0.0,0.0,0.0,0.0,0.0,0.0,0.9999269102140995,0.9967743067329521,0.9839187474911528,0.9787288897518117,0.9649906983701015,0.9628456940687808,0.9602703616942401,0.9594256652280686,0.9569228630380042,0.9561042153883051,0.9532139684789176,0.9523013299103951,0.9492910563398771,0.9480862171161714,0.9466092956459713,0.9449497307846476,0.9398552464867022,0.9190897901110651,0.9097783245940372,0.8797127801279555,0.8627461643009797,0.8263970131672786,0.818256229328357,0.8071352191435668,0.802879295535766,0.789492781268064,0.7859780589062036,0.770542031480062,0.7672289739166613,0.6685936096536762,0.600937685857503,0.4967215585492571,0.3814357896740866,0.22643436689823065,0.025478030719877455,0,11227.824489196833,0.4519317160826595,4,0.9074573225516622,9
1010,7716,0.0,0.0,0.0,0.0,0.0,0.0,0.0,0.9992242343032056,0.9664365876485799,0.8431233496467772,0.7976948642160293,0.6883383293605687,0.672608894010365,0.6542272341203723,0.6483193160059778,0.6311161002457926,0.6255840779904763,0.606418294656881,0.6004827358151078,0.5812913559655801,0.5737732140414862,0.564685075089128,0.5560725167066425,0.5305093310493219,0.43684434198431,0.3998095388235042,0.29840785407484344,0.2518615512618567,0.1732880237807303,0.159050240505345,0.14132630502594232,0.13503916376906888,0.11689564077928222,0.11251883277950113,0.09502180889312414,0.09160829076434637,0.028688532703662506,0.011742596227270271,0.002412372883062439,0.0003375276648103213,7.211130548199874e-06,8.514280222041604e-13,0,13102254.6586304,0.9137466307277627,9,0.9083557951482479,9
1011,7599,0.0,0.0,0.0,0.0,0.0,0.0,0.0,0.9990574284430623,0.9592350187887801,0.8116231326544618,0.7582418678161547,0.6322421756897442,0.6144231039564669,0.5936548464860083,0.5869896209114908,0.5676564952753484,0.5614654604075786,0.5401163632672089,0.5334894195726314,0.5119603183788068,0.503491409216345,0.4931906390199738,0.4780755010769988,0.4341668427139878,0.29101916575175946,0.2423239458500292,0.13207278533987915,0.09277657988987002,0.042460206605022165,0.03546978164447657,0.027656382514143554,0.025123257379672265,0.018514976203966797,0.017076502955990502,0.01193076094277565,0.011038823389378822,0.0009351052199077742,0.00013961996144285332,4.7794158791568544e-06,7.047445934222488e-08,1.8489449617925906e-11,2.596956175466377e-26,0,1914.697817039189,0.20664869721473497,2,0.9092542677448338,9
1012,2060,0.0,0.0,0.0,0.0,0.0,0.0,0.0,0.9996988972138721,0.9870045276573856,0.937355965489837,0.918187932377858,0.8696911130221576,0.8624220035394353,0.8539038705736147,0.8511717397195049,0.8432569448830428,0.8407300562447927,0.832025196044533,0.8293433559206832,0.8207122016218249,0.8173424873288472,0.813305365902485,0.8111046551917285,0.8045165863598497,0.7784561780841064,0.7671253891916293,0.7317035663440964,0.7123831933000143,0.6725007143853972,0.6638823768461656,0.6524773076965285,0.6482493384689709,0.6353723389283856,0.6321007389782183,0.6181763848745266,0.6152794020128175,0.5321080411844177,0.4772252365469364,0.39547823613502264,0.35380288260996656,0.2856719857081539,0.11946618076333299,0,289.02492211838006,0.05929919137466307,0,0.9101527403414196,9
1013,9010,0.0,0.0,0.0,0.0,0.0,0.0,0.0,0.9992338809061642,0.9668428186083649,0.8449032134000267,0.7999586356693517,0.6916988517981867,0.6761119070386413,0.6578867042110648,0.6520230087774626,0.6349448210920424,0.6294566218273047,0.6104577420373277,0.6045784230759124,0.5855827762153845,0.578146436295366,0.5691645049326879,0.5603037438996813,0.5338482109126829,0.43707514897264976,0.3989740007030807,0.2952188324266034,0.24793638999105333,0.1688058076949799,0.15457951929915667,0.1369372990526133,0.13069949898614153,0.1127328217177157,0.10839669348568402,0.09106630261641481,0.08768683720955858,0.026318491072120347,0.010398855572060713,0.0019974735054571436,0.00024672628932287486,4.130987878201931e-06,1.7747944824531342e-13,0,751613.0224925404,0.7852650494159928,7,0.9110512129380054,9
1014,5855,0.0,0.0,0.0,0.0,0.0,0.0,0.0,0.9992680260092442,0.9682718989193607,0.8510354560874798,0.8075804375820658,0.7023287524689957,0.6871071733906925,0.6692659440383426,0.6635161913830933,0.6467666166397972,0.6413670406156541,0.6225791320036949,0.6167354165949978,0.5977607777782795,0.5903041829171752,0.5812699724050893,0.5691538448896216,0.5331349460698026,0.4060970789199094,0.35839044306708423,0.23677989955970666,0.1860445810925405,0.10911116055596824,0.09650353620563513,0.08143176493372023,0.07625824101449297,0.06188413813291655,0.058546744779720314,0.045760108671338624,0.04337502823049153,0.007885789603850278,0.0021142763738872957,0.00020356044010112659,1.0059166162021621e-05,2.8124651429106514e-08,7.264270847442644e-19,0,4889.7211192015075,0.33153638814016173,3,0.9119496855345912,9
1015,1158,0.0,0.0,0.0,0.0,0.0,0.0,0.0,0.9991730181732446,0.9644583302639308,0.8352708896675163,0.7881962897513397,0.6759813412140055,0.6599428697576496,0.6412641812225217,0.6352819902858295,0.6179649350099783,0.6124303590724224,0.5933398470513074,0.587448457262965,0.5684652824825499,0.561054108331154,0.5521245804839593,0.5422710908409669,0.5127503493481829,0.4060223530543386,0.3647098843065046,0.25514899972663596,0.2070799376610377,0.13024522437349767,0.11701651870856643,0.10084900953639382,0.09519521427938298,0.0791738924812842,0.07538022364768053,0.06054958877628803,0.05772491100761444,0.01254032516612283,0.0038472575284823635,0.0004684048745591113,2.9682371203559323e-05,1.352251897632664e-07,2.6668535225119273e-17,0,7246093.286783757,0.8814016172506738,8,0.912848158131177,9
1016,6969,0.0,0.0,0.0,0.0,0.0,0.0,0.0,0.9999272670086027,0.9968091013140244,0.9841697940267674,0.9790974421909584,0.9657485281932623,0.9636764905213375,0.9612037037795206,0.9603979589749103,0.9580261997908184,0.9572554908211176,0.954552213036152,0.9537041642160653,0.9509231724263204,0.9498080873726786,0.9484388040228183,0.9467327631867234,0.9414590769749032,0.9198237701412657,0.9100437527967904,0.8782200242368294,0.8601335628711244,0.8212401526968284,0.8125004762979743,0.8004935794222313,0.7958678594751782,0.7812212765149759,0.7773491191474557,0.7602377579575432,0.7565420988936415,0.6470752709956111,0.5729860017021247,0.46042535705568716,0.32776183977731177,0.1683744145260312,0.010562535100628248,0,inf,0.9928122192273136,9,0.9137466307277629,9
1017,4799,0.0,0.0,0.0,0.0,0.0,0.0,0.0,0.9999156425757273,0.9962683208972031,0.9813658305891342,0.9753387256653677,0.9593569674620319,0.9568568047678079,0.9538463283929173,0.9528559249864902,0.9499125684333024,0.9489469233463531,0.9455211602718719,0.9444340583905756,0.9408306614722199,0.9393813808637126,0.9375958545428349,0.935549018107339,0.9292692417642451,0.9037528661432117,0.8923535587876228,0.8557334615620491,0.8352051526163099,0.7916888722470796,0.7820408282124506,0.7689451615526736,0.7639628085521555,0.7483872775382339,0.7443235148799928,0.7265991469501893,0.722820682221056,0.6126525116408811,0.5395010723217866,0.4307382126615234,0.3358548768238138,0.2067982255201183,0.0278462535069424,0,338.63700107874865,0.06828391734052111,0,0.9146451033243486,9
1018,9249,0.0,0.0,0.0,0.0,0.0,0.0,0.0,0.9999161815419466,0.9963100292214082,0.9816558490296096,0.9757611778936786,0.9602140604120819,0.9577949394747975,0.9548981653470727,0.9539504608633039,0.9511510778825425,0.9502385526919036,0.9470279362623193,0.9460176218154007,0.9426899146541201,0.9413564646929062,0.9397198250184797,0.9375226506442736,0.9307342207153562,0.9029883599461109,0.8905242562941624,0.8502957434237106,0.8276513187636633,0.7794922325392354,0.7687744337548731,0.7541412288416837,0.7485394448611548,0.7309030663122013,0.7262638314934493,0.7058745873276803,0.7014950183895045,0.5746424712324818,0.49181468475415907,0.3715637803439653,0.24440286201270692,0.10781169215426507,0.003637002517310904,0,7958.859966265507,0.40161725067385445,4,0.9155435759209344,9
1019,7930,0.0,0.0,0.0,0.0,0.0,0.0,0.0,0.9999454263612483,0.9976115805589811,0.9881597311957346,0.9843688336241946,0.9743525856911723,0.972785795888918,0.9709041686862042,0.9702869528229544,0.9684580428452098,0.9678597815880791,0.9657473517560576,0.965080220697871,0.9628788098800255,0.961994973981671,0.9609057071437589,0.9595007784993075,0.9551622789324852,0.9373453747673022,0.929291597275529,0.903035961413214,0.8880704344282956,0.8557588187909891,0.8484755898134075,0.8384828096993013,0.8346442261196102,0.8225303924860903,0.8193403266397138,0.8052913166572424,0.8022673253819714,0.7115586630715397,0.6485165180562759,0.5497773296561004,0.4463027538585368,0.2982844859679577,0.05719583595335122,0,40728.69162173246,0.5867026055705301,5,0.9164420485175202,9
1020,673,0.0,0.0,0.0,0.0,0.0,0.0,0.0,0.999290040007907,0.9691662056263523,0.8545861774710566,0.8118863017458808,0.7079415858154783,0.6928310285419256,0.675056126578332,0.6693107634286872,0.652529681959047,0.647118538377443,0.6283324453390555,0.6225056883810811,0.603637342984742,0.5962338251690501,0.5872737855096112,0.5781613631152652,0.5509087421338186,0.45138576218844617,0.4122574661920072,0.3057765076454092,0.2572372696359292,0.17585242407608553,0.16117505305765528,0.14294181169806003,0.1364853105845255,0.11788763841115675,0.11340948941567618,0.09554116193032733,0.09206192469496836,0.02838091740988217,0.011479565276996076,0.0023097530090285296,0.00035083464854800594,8.790349215238284e-06,1.9995647982928535e-12,0,24997376.40419958,0.9380053908355795,9,0.917340521114106,9
1021,27,0.0,0.0,0.0,0.0,0.0,0.0,0.0,0.9991927303977548,0.9650439329820629,0.8368985505667761,0.7898573354433056,0.6770450450888146,0.6608708219046588,0.641969996308803,0.6358895130450349,0.6182011479038807,0.6125188319686555,0.5928539560202808,0.5867707045205112,0.5671176739088544,0.5594251505834289,0.5501302871314602,0.5380072191581405,0.5021847438331185,0.37734279049834374,0.33109610839461934,0.21471964777398655,0.1669163175535784,0.095627519601253,0.0841284301720264,0.07047389252754452,0.06581295359471244,0.05294169124846843,0.049971509477795564,0.03866505595301806,0.03657035951544786,0.00620986812460086,0.0015804336688746293,0.00013885748298691304,6.407839671809105e-06,1.5610060190968595e-08,2.2402258235890213e-19,0,32737.50896024961,0.5750224618149147,5,0.9182389937106918,9
1022,9116,0.0,0.0,0.0,0.0,0.0,0.0,0.0,0.9993465030373542,0.9716510753042548,0.8660695429222617,0.8265942102596762,0.7301189275128961,0.7160512392367993,0.6995323485914695,0.6942056101756093,0.6786832575120487,0.6736894369397406,0.6563727875493763,0.6510040460264124,0.6336238553654187,0.6268056484032053,0.6185632080881904,0.6082751881245824,0.5776521520553111,0.4666402325501698,0.42339663964157565,0.3071744337706171,0.2550663235497567,0.16934360964057635,0.15417434704129934,0.1354836857567625,0.12890958296175378,0.11011432565160069,0.10561173788505913,0.08773120586613307,0.08426789553768496,0.023426907133508944,0.008736428089777,0.0015178557882161066,0.0001766950078450543,2.6501528661207373e-06,7.390637539432112e-14,0,267936.1617816391,0.7367475292003594,7,0.9191374663072777,9
1023,5467,0.0,0.0,0.0,0.0,0.0,0.0,0.0,0.9992469490842567,0.9674263730885821,0.8475785660571334,0.803378330158231,0.6968234816389103,0.6814804472883024,0.6635686079484923,0.6578212434597811,0.6411537122062163,0.6358170938941944,0.6173923460333645,0.6117034458929863,0.5933183814909043,0.5861018422195259,0.577355149552091,0.5662173017100954,0.5330313315092344,0.414465043725019,0.36922670189803886,0.2513770169625262,0.20082597033813923,0.12196605991548397,0.10869632984053224,0.0926340700947415,0.08706156909379545,0.07141149988142519,0.06774103045367313,0.05358258350842437,0.05092252071626314,0.010065318769403999,0.002879683401870644,0.0003113920820282905,1.940671270952199e-05,8.548034171041473e-08,1.4587980264233096e-17,0,7687.105543183349,0.3953279424977538,3,0.9200359389038635,9
1024,5480,0.0,0.0,0.0,0.0,0.0,0.0,0.0,0.9999495049870574,0.9977753476037035,0.9889071557976862,0.9853240001909045,0.9758291166241695,0.9743457975408278,0.9725671015571548,0.9719845446734319,0.9702609802296752,0.969698042738871,0.9677133617926943,0.9670875334982291,0.9650260767986651,0.9642020669716247,0.9631935511059688,0.9620768034445438,0.958637502769992,0.9445253640113543,0.9381480306110825,0.9173579600569758,0.9055094196150095,0.8799046240712713,0.8741327782624769,0.8662354914896266,0.8632107854216676,0.8536813968665811,0.8511740858482311,0.8401375395728108,0.8377594751788683,0.7653832740400168,0.7137636056510823,0.6303629496616167,0.5323422855582401,0.3840444149562306,0.1007588588053124,0,4269.970981499848,0.31176999101527403,3,0.9209344115004492,9
1025,7783,0.0,0.0,0.0,0.0,0.0,0.0,0.0,0.9996037719644171,0.9828149488339665,0.9173952776521203,0.8922761612843807,0.8291183708488673,0.8196933416686202,0.8086109129136578,0.8050325311785014,0.7945916659941302,0.7912283916209992,0.7795426615950495,0.7759119006361972,0.7641296486056668,0.7594933296270259,0.7538937656448997,0.7488909563495567,0.7337035847286888,0.6742031858992339,0.6487078459338094,0.5711150969406017,0.5304270797858649,0.45060395441906104,0.4340521953118313,0.4122215212325421,0.4041123262866355,0.379447842846592,0.3731817476488449,0.34666052677445053,0.3411752781159946,0.2057110707389533,0.13940855194853055,0.06999583864017246,0.03508890703117884,0.009166559194659168,3.608764234748044e-05,0,8017.017000173145,0.40341419586702604,4,0.921832884097035,9
1026,2134,0.0,0.0,0.0,0.0,0.0,0.0,0.0,0.9992688525260494,0.9683451985907588,0.8515316910727023,0.8083014436326466,0.7036664526254383,0.6885441538784014,0.6708525489535483,0.6651648070124957,0.6486389516921398,0.643335300508365,0.6249793393955144,0.6192924929688477,0.600892695046009,0.5936753578377651,0.5849406479595659,0.5729709520106923,0.5372870519214981,0.4108576289613185,0.3631451811079632,0.24069311091584888,0.18924209202759149,0.1109257932809731,0.09805123928941863,0.08261844475963893,0.07730731387267974,0.06255909516129989,0.05914224819657973,0.0460802879135852,0.0436494891319409,0.00778617663909238,0.002061302116556017,0.0001947405161792717,1.0200863900204866e-05,3.197465552936539e-08,1.3286748001287327e-18,0,2886.634804751299,0.25157232704402516,2,0.9227313566936208,9
1027,5988,0.0,0.0,0.0,0.0,0.0,0.0,0.0,0.9992609567616683,0.9679476615864987,0.8494755798427828,0.8055371340161737,0.6990812681073496,0.6836799350066616,0.6656186404653627,0.6597972571897214,0.6428411059939434,0.6373885041583125,0.6185014889205933,0.6126391437332531,0.5936419647817248,0.586182945186151,0.5771482328617176,0.5656750556520094,0.5314810629697039,0.4099086302733287,0.3638253770022372,0.24507840767120095,0.19476363588116014,0.11714857019853428,0.1042202464501324,0.08866210013991084,0.08329244334971496,0.06828071914492283,0.06477333158353592,0.05124275755547239,0.04870042317695414,0.009635978552793883,0.0027590334656644104,0.0002987657987715116,1.7581130500942348e-05,6.922038775747555e-08,7.419050837685305e-18,0,25231.25393861157,0.5462713387241689,5,0.9236298292902066,9
1028,4615,0.0,0.0,0.0,0.0,0.0,0.0,0.0,0.9992995885199512,0.9695963601705938,0.8567151883074727,0.8146711951492934,0.7123380891093667,0.6974500242359263,0.6799464896840491,0.6742926718919433,0.6577898681343868,0.652471921860971,0.6340187000134881,0.6282952546060744,0.6097611307144042,0.6024882605256177,0.5936875568320416,0.5828204910610466,0.5503954676283261,0.43385450763575517,0.3890260470884746,0.27087300859894453,0.21947128720977313,0.13792708483526916,0.12397844172374926,0.1070206270699999,0.10111240624447382,0.08440184394345861,0.08045155064748756,0.06501781750326578,0.062078893152346534,0.014234635352821443,0.004567089446536605,0.0006054505437491031,4.492456292410093e-05,2.778032355611054e-07,1.9212891830933266e-16,0,45493.860714393064,0.6046720575022462,6,0.9245283018867925,9
1029,1984,0.0,0.0,0.0,0.0,0.0,0.0,0.0,0.9991462759148925,0.9630559556724775,0.8282526527774055,0.7790398464728473,0.6616955376300494,0.6449490399134808,0.6254004577130751,0.6191218651901204,0.6008965111629703,0.595055737849139,0.5748925458854134,0.5686707559167605,0.5486270149411199,0.5408047955249062,0.5313765332629357,0.5188012496597644,0.481766274507731,0.3543322733906005,0.30787348844030593,0.19327745571888225,0.14743410515869484,0.08103337682377972,0.07061783769938323,0.058393857493333735,0.05426159028110955,0.04297096526741069,0.040393384306430295,0.030692006291852474,0.02891609533397205,0.004340837769817318,0.001005382951295986,7.48217762902521e-05,2.884445602741562e-06,4.98489358347957e-09,1.78338419742116e-20,0,504796.55573221383,0.7699910152740341,7,0.9254267744833783,9
1030,824,0.0,0.0,0.0,0.0,0.0,0.0,0.0,0.9999364476818299,0.9972149536327948,0.9861870311124304,0.9817621418066628,0.9701183631985137,0.9683115287350359,0.966157421743518,0.9654559137289292,0.9633921598198784,0.9627219218427907,0.9603723314893463,0.9596356365878433,0.9572227292367357,0.9562637123516924,0.9550965011444108,0.9541166158605808,0.9511122441065444,0.9388291421491488,0.9332986774814959,0.9153257412193929,0.9050990901072123,0.8830234237114205,0.8780501462711594,0.8712561573707236,0.8686586422202323,0.8604904669672709,0.8583472916942648,0.8489380984711289,0.8469190837873141,0.78539917584374,0.7412125038586961,0.6690805759113805,0.6030069583239033,0.4934072281724677,0.21713876095914814,0,2660.3453267329683,0.24528301886792453,2,0.9263252470799641,9
1031,7029,0.0,0.0,0.0,0.0,0.0,0.0,0.0,0.9992310185015996,0.9666976262076612,0.8441838941592036,0.7990182086729056,0.6902157342710648,0.6745561396724713,0.6562527343741439,0.6503559097586613,0.6331785939070441,0.6276544356430707,0.6085141093993817,0.6025858634941572,0.5834162306751542,0.5759058030612012,0.5668261757307009,0.5582728761380672,0.5328721031413796,0.43965411842380325,0.40274230115009374,0.3014887111442946,0.2548992769154974,0.17604351917285102,0.16171970310842182,0.1438703479544535,0.13753340434129968,0.11922886687252177,0.11480906371369985,0.09712201489819121,0.09366775091399344,0.02968045106340833,0.01225901243564043,0.002559158679925332,0.00037281028992817284,8.618938559912458e-06,1.4117210398229422e-12,0,15478439.786256243,0.921832884097035,9,0.9272237196765498,9
1032,7146,0.0,0.0,0.0,0.0,0.0,0.0,0.0,0.9992834997251727,0.968815831699963,0.8530321498742589,0.8099288328792148,0.7051154179197613,0.6899003633433269,0.6720239543126793,0.6662522346911455,0.6494125284871324,0.6439883485256672,0.6251634301424904,0.619310056217354,0.6001977830149947,0.5926369856102661,0.5834104490956343,0.5729159677623454,0.5418179749274878,0.4304104463366761,0.38761732639825813,0.2745287713348281,0.2248782677976044,0.14499992632268766,0.13115240783739188,0.1142481102212764,0.10834456996257626,0.09158185358943856,0.08760281788468952,0.07196907234627471,0.06897333233793705,0.0179131091132355,0.006354057573200206,0.0010144202256045839,0.00011338636891483919,1.5761607064078402e-06,3.2534996751114104e-14,0,29674.689023981966,0.5633423180592991,5,0.9281221922731356,9
1033,9790,0.0,0.0,0.0,0.0,0.0,0.0,0.0,0.9992233926991305,0.96634978768722,0.8423635689086555,0.7965606050669826,0.6860516982144587,0.6701210213432678,0.6514533709272554,0.6454390738758828,0.6279281776565935,0.6222995067143425,0.6028076974737726,0.5967739901970446,0.5772746161906436,0.5696397815480346,0.5604136208364918,0.5503663782492425,0.5203345301520914,0.4119919651478753,0.37013823161007325,0.2594389853013212,0.21101107444976816,0.13361925952057813,0.12029050323611402,0.10402205471656988,0.09834145157021094,0.08225197541785356,0.07844313420829341,0.06354142581785407,0.060701634418526676,0.014171759557462015,0.00461416085947819,0.0006287333780698778,5.0370999953557735e-05,3.6168935668035327e-07,4.63880746543461e-16,0,42754611.29858347,0.9523809523809523,9,0.9290206648697215,9
1034,10642,0.0,0.0,0.0,0.0,0.0,0.0,0.0,0.9999028310137728,0.9957604995645999,0.9790983056055806,0.9724647448326441,0.9551471361749518,0.9524793358338289,0.9493140125509457,0.9482878303640189,0.9452824064796292,0.944310694102822,0.9409213289257763,0.9398641041426882,0.936419230819837,0.9350571877353071,0.933407586719946,0.9322316930793739,0.9286607994043096,0.9142186238544153,0.9077875415951058,0.8871267725256043,0.8755098998247383,0.8507351993616706,0.8452230430090273,0.8377781484272043,0.8349633398584331,0.8261780552816618,0.8238804098304205,0.8138259595568107,0.811670783570543,0.7463067671834152,0.6997269664251975,0.624389830776949,0.548131184244247,0.42565944636120434,0.150271256414638,0,3894.465574881129,0.29739442946990113,2,0.9299191374663073,9
1035,8905,0.0,0.0,0.0,0.0,0.0,0.0,0.0,0.9993296192804669,0.9709779905983591,0.8632606549995784,0.8231212923436367,0.72532212564918,0.7111004955295084,0.6944286904722914,0.689051680689975,0.6733714219249664,0.6683134860895039,0.6507309888467974,0.6452668874899858,0.6275374919606779,0.6205658720168206,0.6121166703922981,0.6000160008885631,0.5638837757442907,0.43514926119988423,0.3862293159407378,0.25957733555101253,0.2057368261770556,0.12288878737701404,0.10912960023770851,0.09259952369857619,0.08690248135951878,0.07100276468548843,0.06729442800671924,0.05301761698150899,0.050340929398777316,0.009666638600530129,0.0027031166452874925,0.0002803953323393084,1.654911639928419e-05,6.54864228783676e-08,7.144560163401917e-18,0,4527.779594281389,0.31985624438454624,3,0.9308176100628931,9
1036,7946,0.0,0.0,0.0,0.0,0.0,0.0,0.0,0.9999480184440621,0.9977099282196545,0.9885828449338088,0.9848967178654421,0.9751333772820961,0.973608760961321,0.9717811040511964,0.9711826871696226,0.9694127157854157,0.9688334926847795,0.9667855632055237,0.9661379484758225,0.9639986592338717,0.9631411111841861,0.9620885495834407,0.9609555703175101,0.9574662076125577,0.9431499000537868,0.9366828286792735,0.9156100786904943,0.9036059515892727,0.8776817843687155,0.871841455883536,0.8638540766986067,0.860794995537318,0.851139994533328,0.848597313022596,0.8373951757352345,0.8349830539484598,0.7617394811048958,0.7096474402613492,0.625724207496599,0.5442395170160723,0.4156459730394425,0.13772596327566408,0,53999.60775297165,0.6172506738544474,6,0.9317160826594789,9
1037,8676,0.0,0.0,0.0,0.0,0.0,0.0,0.0,0.5807199305385584,4.0765097769432315e-11,1.1210079167700041e-52,1.5480940807513269e-69,2.0774219925396514e-114,1.9234178519849704e-121,7.163130537442725e-130,1.2513673409977362e-132,8.855943324031704e-141,1.9418550150077231e-143,8.368472364234911e-153,9.378805376533898e-156,1.8277484889200665e-165,2.4185462883737013e-169,4.396105511522286e-174,4.137082621925194e-178,2.2215856136183187e-190,1.540266509588504e-240,3.755391213853764e-263,0.0,0.0,0.0,0.0,0.0,0.0,0.0,0.0,0.0,0.0,0.0,0.0,0.0,0.0,0.0,0.0,0,inf,0.9739442946990117,9,0.9326145552560647,9
1038,1498,0.0,0.0,0.0,0.0,0.0,0.0,0.0,0.999759960184952,0.9895111050247983,0.9487337793946321,0.9327103684486906,0.8914606978962965,0.8851765467781596,0.8777204834701535,0.8753001411009081,0.8682018148795575,0.8658990464280809,0.8578238097570141,0.8552913634165382,0.8469962993645919,0.8437003871018425,0.8396827664653741,0.8351546377199305,0.8213676316764291,0.7668023019270097,0.7432903400922752,0.6711539241043945,0.6328580183793252,0.5564838488823135,0.5404295816278835,0.5192137959759524,0.5113234622723796,0.48726210532468545,0.48113427299913875,0.4550925588956576,0.4496831558845448,0.3085300663680837,0.23138355604566085,0.13948867151331695,0.083189229948283,0.030471685431795608,0.0004856616558342593,0,12402.696876414888,0.4627133872416891,4,0.9335130278526504,9
1039,2670,0.0,0.0,0.0,0.0,0.0,0.0,0.0,0.9993516075222181,0.9719210956386781,0.8674517637957165,0.8283764550247694,0.73281641284974,0.7188794527454399,0.7025345294052084,0.6972708176002755,0.6819374303806336,0.6769988667144916,0.6598554050528388,0.6545350166276248,0.6372768895341805,0.6304802829291167,0.6222331719827124,0.6119471547740287,0.5812832947151442,0.4699194832876751,0.4264645745010003,0.3095044383098816,0.2569946368159754,0.17053160790503122,0.15521940202309295,0.13633692117021057,0.12968989814490536,0.11067483464053457,0.10612766392697176,0.08812393006283607,0.08464668728546774,0.02357333120452695,0.008810642114173537,0.0015392199427365267,0.00016760024131007618,2.1979454681088797e-06,3.447265649368819e-14,0,1866.728216213201,0.20485175202156336,2,0.9344115004492363,9
1040,8933,0.0,0.0,0.0,0.0,0.0,0.0,0.0,0.9991235144537105,0.9620881288139261,0.8240966844005136,0.7738653996447671,0.654446554025268,0.6374543892427097,0.6176445467148155,0.6112833595545192,0.5928205886143979,0.586907425870267,0.5665161078386772,0.5602112039184974,0.539840702936,0.5318674572958215,0.5222265384275532,0.5084941799896351,0.46816183930219185,0.3320207669045181,0.2836014566463203,0.16829374862297883,0.12428147082697033,0.06360063546923225,0.054525490156212796,0.04408067463407254,0.040606575380673485,0.03128236586413415,0.02919211070369849,0.02147535797345087,0.020091616277849896,0.0024151946678878764,0.000471463767554232,2.5914518980257393e-05,6.414449190498354e-07,4.621615687947125e-10,4.2384765548777227e-23,0,18873.74022828799,0.5148247978436657,5,0.9353099730458221,9
1041,8916,0.0,0.0,0.0,0.0,0.0,0.0,0.0,0.9992647270482558,0.9682049049400885,0.851045852078874,0.8077498481479047,0.7031530119484094,0.6880634869257007,0.6704298286239153,0.6647670090094112,0.6483313808165009,0.6430649400961339,0.6248628263480316,0.6192349345559325,0.6010656041750225,0.5939572427949392,0.585381345391716,0.5742584920560415,0.5410480171161833,0.42214873334073805,0.37666671232031335,0.25779439733319165,0.20658627442971278,0.12631441698948606,0.11274195585393883,0.0962774550252738,0.09055489730976751,0.0744521620941826,0.07066621308879992,0.05598165619971709,0.053208892510421116,0.010550482954977226,0.003024276890202685,0.00032783965840713005,2.0195909070929498e-05,8.688004658842605e-08,1.3392353427041734e-17,0,7876.83772062711,0.40071877807726863,4,0.9362084456424079,9
1042,2249,0.0,0.0,0.0,0.0,0.0,0.0,0.0,0.9999338455841025,0.997091323487833,0.9855370259466739,0.980886724441819,0.9686130460652411,0.9666999475184824,0.9644029345443852,0.9636495472218128,0.9614173772882546,0.9606872805285572,0.9581097049473984,0.957295805304018,0.9546107686021753,0.9535356478229184,0.9522172996193434,0.9507762076460853,0.9463428149280413,0.9282090935331572,0.9200465463941353,0.8935713133523736,0.878557442201957,0.8463032237925332,0.8390540548522615,0.8291287413227595,0.8253229902336577,0.8133268182294626,0.8101714153486133,0.7962909872507558,0.7933066944860209,0.7038752905331445,0.6417692349515209,0.5448147059334791,0.4615341978699521,0.33492482815209096,0.08995932178818646,0,inf,0.9811320754716981,9,0.9371069182389937,9
1043,9731,0.0,0.0,0.0,0.0,0.0,0.0,0.0,0.9992743585570714,0.9685273507509475,0.8520520338533487,0.8088275504881323,0.704014823289922,0.6888408856506548,0.6710429183833122,0.6652961936380967,0.648537923292906,0.6431440237451548,0.6244376616087135,0.618638266403141,0.5998668234018041,0.592504562340996,0.5835981837320225,0.5748390688953352,0.5487098363677931,0.4528677234096683,0.41498300001242355,0.31117542859724445,0.26343706784788207,0.18260996345531721,0.16792251986376708,0.14963383221194512,0.14314661587780358,0.12441637449703653,0.11989546436686153,0.10180177053778326,0.09826714316292026,0.0320904599223596,0.013589540674702907,0.0029745984504904745,0.0004941287890181774,1.4767754008341889e-05,7.016280374642634e-12,0,3349581.414768901,0.8508535489667565,8,0.9380053908355795,9
1044,4032,0.0,0.0,0.0,0.0,0.0,0.0,0.0,0.9992401636459434,0.9670928137696712,0.8459116521560366,0.8011851513955208,0.6933116075849,0.6777695093483113,0.6595740871862299,0.6537144701688349,0.6366561686180928,0.6311690943451521,0.6121526639427924,0.606261324029368,0.5872061573491267,0.5797385090686762,0.5707092064329146,0.5621301796352619,0.5364374449142163,0.44211864743271206,0.40487328995222865,0.3029499156849948,0.2561564874314732,0.17707803594850433,0.16273306420026687,0.1448554385505283,0.13850588960931196,0.1201565744632648,0.1157239504064666,0.09797681208184107,0.09450903327746925,0.03011734644998356,0.012493859826796896,0.002628425525424621,0.0003946825888842949,9.681728478263978e-06,2.0276964563956174e-12,0,7049158.410617439,0.8787061994609164,8,0.9389038634321654,9
1045,6931,0.0,0.0,0.0,0.0,0.0,0.0,0.0,0.9999389057721182,0.9973347724065598,0.9868261160309804,0.9826266278041312,0.9716171634780456,0.9699086849527504,0.9678722981786211,0.9672092982850088,0.9652472040031327,0.9646046615186508,0.9623333824456732,0.9616153071962537,0.9592407996918202,0.9582865892519986,0.9571118608463023,0.9556189694214903,0.9510169923178879,0.9321469115452443,0.9236326101125586,0.8959577059375496,0.8802334783712752,0.8463979996699559,0.8387950646543033,0.8283952006166072,0.8244116972664907,0.8118691699158964,0.8085680120452212,0.7940372024208411,0.7909111069075843,0.6974151830388514,0.6327727224198068,0.5321336301030036,0.4348170697445684,0.29437213797523565,0.05955608722426462,0,465.9756353663314,0.087151841868823,0,0.9398023360287511,9
1046,6099,0.0,0.0,0.0,0.0,0.0,0.0,0.0,0.9999458202086259,0.9976119743132793,0.9880917473746645,0.9842459097282517,0.9740572908537922,0.9724658389241791,0.9705572100079657,0.9699319885068955,0.9680818701313811,0.967477492215461,0.9653463553885261,0.9646742361062122,0.9624599460111478,0.9615747121767969,0.9604902130061622,0.9593394849450994,0.955803805807192,0.941327747910436,0.9347898286423862,0.9134915313796484,0.901350158278491,0.8751011779836426,0.8691778993449653,0.8610564418835966,0.8579391640375799,0.8480891445299965,0.8454925087873992,0.8340536594463818,0.8315907796358503,0.7568853570786244,0.7038571931209797,0.6186277168053915,0.5300175289799685,0.3931662612127679,0.11562253201006391,0,6361.200986731859,0.3728661275831087,3,0.9407008086253369,9
1047,9702,0.0,0.0,0.0,0.0,0.0,0.0,0.0,0.9991185570102787,0.9618530413226228,0.8229579385449881,0.7723894326428292,0.6521716406694845,0.6350621321252009,0.6150787644057353,0.6086557305419323,0.5899976551916659,0.5840139828729446,0.5633459023486534,0.5569589391930253,0.536354929209583,0.5283041121333193,0.5185842270720196,0.5051754943243578,0.4658818515851821,0.33301284039868284,0.2856283930776137,0.17187973515923188,0.12796337348367492,0.06667293075601294,0.05739775625057284,0.0466720956767161,0.043090607000086024,0.03343587371254406,0.031261742130064184,0.023196273462580935,0.021742398306611305,0.0027761863801987205,0.0005679559145492587,3.395238618505568e-05,1.083470612031639e-06,1.292424984169703e-09,9.890422137099746e-22,0,1722.4183681606612,0.19137466307277629,1,0.9415992812219227,9
1048,3803,0.0,0.0,0.0,0.0,0.0,0.0,0.0,0.9992438763398792,0.9672221147549117,0.8463914289079139,0.8017483416187559,0.6939754351777627,0.6784341283431891,0.660249431976683,0.6543977944175566,0.6373526091523555,0.6318719758714249,0.6128852536076937,0.6070053661820853,0.5879942303903614,0.580546491511172,0.5715446738076682,0.5610241803033396,0.5295899735788515,0.41656474946313066,0.37309038153959523,0.258625351137055,0.20882626384442057,0.12989047935646028,0.11640587335182616,0.09998350483662985,0.0942575706107735,0.07810297281144048,0.07430113503499927,0.05952058133600866,0.05672069503739782,0.012226119064737074,0.0037385048616792485,0.00045471809113128194,3.1797483681254405e-05,1.7597512796979396e-07,7.841520950169886e-17,0,124186.51898810652,0.6981132075471698,6,0.9424977538185085,9
1049,7157,0.0,0.0,0.0,0.0,0.0,0.0,0.0,0.9992259458585206,0.9664815858347662,0.843240817309859,0.7978360297727843,0.6885291106793933,0.6728058809426462,0.654431155839774,0.6485203585874337,0.6313231240043344,0.6257990900701143,0.6066603044802378,0.6007328901130333,0.5815671250900767,0.5740587123132592,0.5649818286550772,0.5564284752331803,0.531018193085149,0.438241712566437,0.4015396338995483,0.3008138502685641,0.25443925829757635,0.17589428649666408,0.16161812171326556,0.14382352280808305,0.13750467766022245,0.11924805002846497,0.11483876577241137,0.09718922768280983,0.09374136147541835,0.029792287792816896,0.012333405481834031,0.0025851529594841647,0.0003743191700170089,8.551755914098672e-06,1.333459913686502e-12,0,23922207.736891344,0.9353099730458221,9,0.9433962264150944,9
1050,4860,0.0,0.0,0.0,0.0,0.0,0.0,0.0,0.9999245896983948,0.9966931432139102,0.983603711217692,0.9783564277607881,0.9645761173278594,0.9624414855817127,0.9598897906501183,0.95905228557606,0.9565691474776553,0.955756394149367,0.9528850600754071,0.9519777941547624,0.948983268566567,0.9477839421247473,0.946312815728106,0.9446785876354192,0.9396670024587528,0.9192578411260257,0.9101136122009748,0.8806082854228791,0.8639712197686267,0.8284471392353088,0.8205232716062387,0.8097455628595395,0.8056390923564579,0.792777618815222,0.789416009569153,0.7747223780538066,0.7715832276490671,0.6784480712541702,0.6146186681388656,0.5160687454558903,0.4403894300963538,0.32422000627284253,0.09249277884934212,0,23.130769230769232,0.0035938903863432167,0,0.9442946990116802,9
1051,2293,0.0,0.0,0.0,0.0,0.0,0.0,0.0,0.999237108155996,0.9669211282995781,0.8450288667538973,0.8000181762883016,0.6914261734786259,0.6757747601000494,0.6574594498205357,0.6515676882996134,0.634439073154135,0.628935046577229,0.6098623390601016,0.6039543534890061,0.5848479733145572,0.5773613661754242,0.5683099952125504,0.5596591321394804,0.5337614191637189,0.4386223631781229,0.4009701418622147,0.29777021817776206,0.2504654046650272,0.17103292577039123,0.1567092648949711,0.13891484269552257,0.1326132303652015,0.11446213819500037,0.11009169491943649,0.09265577117024205,0.08926137385909806,0.02730670130455847,0.010977464491929538,0.002184351640242362,0.00028055814962582907,5.0703612490877e-06,2.9904848809661846e-13,0,7308789.507055868,0.8823000898472596,8,0.945193171608266,9
1052,6304,0.0,0.0,0.0,0.0,0.0,0.0,0.0,0.9991336367100884,0.9625171712164858,0.825932357233704,0.776146164325967,0.6576238894623034,0.6407315998210558,0.6210105930079318,0.6146756636874479,0.5962810962894649,0.5903811397489215,0.5699981009382038,0.5637038382175149,0.5434127661491521,0.5354890627051567,0.5259307871004506,0.512578066341151,0.4734136988377491,0.34050395920770327,0.29287577424817124,0.17783973869443406,0.13307600103261627,0.07009633696184987,0.060491315813284076,0.049346978453776544,0.04561520596646759,0.03552587469295776,0.033247196540192786,0.02476903698332966,0.023236068129344416,0.0030429524164056862,0.0006342151947825932,3.9122042239840534e-05,1.2101470879269131e-06,1.3534299986574864e-09,7.812648224342222e-22,0,194195.85369724338,0.7250673854447439,7,0.9460916442048517,9
1053,7009,0.0,0.0,0.0,0.0,0.0,0.0,0.0,0.9991242787142827,0.9621211000054841,0.8242399795231035,0.7740210517741589,0.6544721218324647,0.6374395664975291,0.6175566247019497,0.611169616014905,0.5926267165732143,0.5866833080521586,0.5661647330141498,0.5598319332320835,0.5393983009147112,0.531415111103461,0.5217820703799045,0.510884105689918,0.47860471479593,0.36508995033409414,0.32256286123863276,0.21402150236215467,0.1685994550011077,0.09947328263736585,0.08810540396413609,0.07449839533363835,0.06982295743759372,0.05681621287960021,0.05379231024402738,0.04218861963610687,0.04002049097088642,0.007462288773351552,0.002041401080463355,0.00020391962125580808,1.1206848440685029e-05,3.851662194250947e-08,2.327986254271365e-18,0,22458.330415582972,0.5345911949685535,5,0.9469901168014375,9
1054,7351,0.0,0.0,0.0,0.0,0.0,0.0,0.0,0.9992331841067709,0.9668160877927426,0.8447972115727851,0.7998305809088136,0.6915336928907302,0.6759513264871685,0.657738291105831,0.6518781928153496,0.6348381305320775,0.6293662303753218,0.6104227308655737,0.6045602161037871,0.585617753395239,0.5781963951085018,0.5692222340079566,0.5605219104950272,0.5345733839780753,0.43945781845707677,0.4018958820437606,0.2992131617140702,0.2521740875294806,0.17294734627568503,0.15862083819891734,0.14080195861011394,0.13448562627797406,0.11627245542254068,0.1118823451813052,0.09434739336402424,0.09093279742902016,0.0282648040532414,0.011514731385644862,0.002350195577091711,0.000347189633460432,8.249110462916495e-06,1.5133924923090709e-12,0,1588760.8850200209,0.8238993710691824,8,0.9478885893980233,9
1055,6046,0.0,0.0,0.0,0.0,0.0,0.0,0.0,0.9992700741423926,0.9682257670545258,0.8503734296675526,0.8065576552305503,0.7001655453876724,0.6847400441476383,0.6666168909594836,0.6607648852555359,0.6436996054068608,0.6382094501729196,0.6191790500750943,0.6132812642009388,0.5941874785656541,0.5866976637819215,0.5776338643239385,0.5669012936163988,0.535085282315414,0.42149684546909133,0.37809850308457377,0.26424771204987046,0.2147555774146643,0.13603209193824545,0.12252948123026682,0.1061126906690948,0.10040152940833615,0.08426990846326175,0.080460597753399,0.06558433507782334,0.06275273450134472,0.015521888030965507,0.0053136532703545805,0.0007993603540469958,9.552507401280771e-05,1.5172370169115134e-06,5.50267361145939e-14,0,1510.9016511049797,0.18059299191374664,1,0.9487870619946092,9
1056,9109,0.0,0.0,0.0,0.0,0.0,0.0,0.0,0.9991831066716471,0.96462058774923,0.8350125454786698,0.78747710508968,0.6735929260103528,0.6572554034310693,0.6381332917928443,0.6319778018566148,0.6140706161163311,0.6083193095833622,0.588421055491316,0.5822673646238434,0.5623995368572372,0.5546286166464581,0.5452442710962782,0.5357638235439648,0.5076046862164199,0.40617104573691587,0.3669634905533535,0.26258008601475136,0.21633090241474387,0.14120763543518094,0.1280688847132036,0.11197572256998534,0.10634578597100412,0.09031369309618695,0.08648860083574138,0.07138492136508413,0.0684762663100439,0.018257173248213243,0.006593808410450373,0.001082619308180606,0.00011170777266383826,1.3156519929649798e-06,1.3138648154786855e-14,0,5258560.491535602,0.867026055705301,8,0.949685534591195,9
1057,3862,0.0,0.0,0.0,0.0,0.0,0.0,0.0,0.9998071297319626,0.9916165417998101,0.9590556040641626,0.9462248762077919,0.9130883982043154,0.9080289484164663,0.9020359983666867,0.9000947322371327,0.8944129218673058,0.8925768447094629,0.886174103762225,0.8841744758331788,0.8776472363554058,0.8750564222800529,0.871899918853848,0.8679874738802124,0.8558730602679536,0.8068464951606871,0.7850870976122792,0.7162418690076221,0.6785299762256976,0.6011621301448595,0.5844616817368276,0.5618782905486128,0.5532889528092036,0.5265291786636764,0.5195686697237917,0.48939853353657553,0.48300856949770576,0.3163039541758807,0.2272669564525344,0.12542101392587657,0.05396328921823274,0.010440838093401154,1.1801422836001645e-05,0,3422.4188106086003,0.27672955974842767,2,0.9505840071877808,9
1058,9191,0.0,0.0,0.0,0.0,0.0,0.0,0.0,0.9998151870627142,0.9919389596839814,0.9605065581029845,0.9481068818172087,0.9160475228346652,0.9111476731477852,0.9053409905701619,0.9034592726490802,0.8979421542208736,0.8961536165585773,0.8898968274832963,0.8879379857744479,0.881528514942255,0.8789841566223915,0.8758857275998406,0.8723397638745506,0.8613913594102309,0.8171090230642936,0.7974540840804194,0.7350720946750435,0.7006977303284271,0.6294234039377611,0.6138874710691267,0.5927862219855004,0.584730957055994,0.5595294313924941,0.5529573120092699,0.524410903273039,0.5183517083383657,0.3567660379470208,0.2666530665869145,0.15814207179648077,0.07386846003741719,0.01677987939274233,3.687077492187832e-05,0,24967.024072503722,0.5435759209344115,5,0.9514824797843666,9
1059,3126,0.0,0.0,0.0,0.0,0.0,0.0,0.0,0.9992367164140006,0.9669403535184964,0.8452444918019296,0.8003482052632975,0.6921151922161889,0.6765275770557726,0.6583049024911322,0.6524412187897661,0.6353589109174559,0.6298644428892552,0.6108236634644368,0.6049251841114396,0.5858482734682194,0.5783726752734926,0.5693341993670716,0.5608028888136699,0.535434815850969,0.4423276739817699,0.4054969487373011,0.3044848449716583,0.25796155645608043,0.17896690223149853,0.16457598406637033,0.14662098139103732,0.14024013467438873,0.1217879347436795,0.11732746686799964,0.09945576912744462,0.09596100114699851,0.030837597507782505,0.012875463955144642,0.002739850461665315,0.0004079801160935591,9.845207563478857e-06,1.9264091048145797e-12,0,7940988.7071402315,0.8876909254267744,8,0.9523809523809523,9
1060,5506,0.0,0.0,0.0,0.0,0.0,0.0,0.0,0.999081945382004,0.9603405997980888,0.8166850323256067,0.7646808055985705,0.6417367652571352,0.6243291941864705,0.6040691467738049,0.597571965646565,0.5787374424495154,0.5727018024144707,0.5518690172450471,0.5454413002474927,0.5247384621030685,0.5166621034401474,0.5069244709455606,0.4936440937798384,0.4546670806300549,0.32297256185994166,0.27609086908884334,0.1640106223554642,0.1210642910934188,0.06175087683238158,0.05287253346944181,0.04263511003238811,0.03922307084989989,0.03005790582142177,0.028002419774978218,0.020436643303082,0.019086996790740707,0.0021730684550351647,0.00040689103485490395,2.0779741373425384e-05,5.126628399607886e-07,3.6895078760575747e-10,3.441900867947956e-23,0,5109.4480143085475,0.33692722371967654,3,0.9532794249775381,9
1061,7694,0.0,0.0,0.0,0.0,0.0,0.0,0.0,0.9993531062949703,0.9717546256380535,0.8659126265085584,0.8261040693628183,0.7282958548544055,0.7139668025022378,0.6970655433725508,0.6915905943631436,0.6755651001326192,0.6703865759599172,0.652354350686843,0.6467411459529554,0.6284988742214861,0.6213234874091552,0.612623813492223,0.603162245539071,0.5748213229085207,0.4708025507096489,0.4297484292821686,0.3179716511777395,0.26702820873339705,0.18170755339502617,0.16635866933388432,0.14731077132116407,0.14057120565422107,0.1211771968820071,0.11651190385680145,0.09791824979119375,0.09430217868545715,0.028574317199460266,0.011404281391995971,0.0022408804891737967,0.0003342865709997989,8.18017718915767e-06,1.770481166225254e-12,0,10180999.63946187,0.8984725965858041,8,0.954177897574124,9
1062,2027,0.0,0.0,0.0,0.0,0.0,0.0,0.0,0.9992610632522114,0.9680272509418633,0.8501868621555697,0.806634683818623,0.7013378249272172,0.6861310908301731,0.6683445328151209,0.662627156875296,0.646017717659262,0.6406853033438823,0.6221871315622085,0.6164370441220025,0.5977770306418606,0.5904397033753568,0.5815412807034633,0.5701440813588453,0.5362284255868776,0.4154720004488634,0.36952005124781,0.2502143638863873,0.19926424869268042,0.12016819395623339,0.10691998543932588,0.09097016146007814,0.08546483987749588,0.07007232847633388,0.06647561414428112,0.05259895635131033,0.04999129800538665,0.009903766136919104,0.0028384445259495876,0.0003078924676121997,1.8444527993478845e-05,7.513275966612974e-08,9.238880507147298e-18,0,29958.611209183393,0.5660377358490566,5,0.9550763701707098,9
1063,1079,0.0,0.0,0.0,0.0,0.0,0.0,0.0,0.9992999204026227,0.9696220407382921,0.8568421009173377,0.8148301659248661,0.7125692453698459,0.6977147485501756,0.6802819352019652,0.674661043280523,0.6582830168943428,0.6530144813063099,0.6347513265191574,0.6290914520584395,0.6107484872538972,0.6035447621565163,0.5948214824514872,0.5835363823386266,0.5500104581775397,0.4304152598500711,0.3849332957758627,0.266483518776121,0.2154382880394148,0.1349292338962742,0.12118837552351243,0.10449391339801771,0.09868717305570546,0.08230293583352136,0.07843870427962865,0.06337126098003405,0.06050758547084213,0.0138990585045961,0.004463442946292051,0.0005921610966606582,4.692275089370252e-05,3.306704506824423e-07,3.968288312349739e-16,0,10820.110471985874,0.444743935309973,4,0.9559748427672956,9
1064,4389,0.0,0.0,0.0,0.0,0.0,0.0,0.0,0.9992865005669654,0.9690416107320788,0.8543890431487725,0.811800976787139,0.708420377592179,0.693440702142776,0.6758888123932099,0.6702339517298053,0.6537621628731772,0.6484515082125382,0.6299886556898715,0.6242507338153722,0.6056337184811137,0.5983144597197942,0.589440338577501,0.5786800597672274,0.5465192493871869,0.4309059647574951,0.38649296679565026,0.26951992977578665,0.21853059094693042,0.1373940830941256,0.12347870016829939,0.10652570476703872,0.10061498593153158,0.08390292993566795,0.0799540814411602,0.06453537580388152,0.06160122631058702,0.013998623573038677,0.004459628503203548,0.0005836449208859903,4.3545791158624844e-05,2.714297782813626e-07,1.9177550770988576e-16,0,82033.1394148624,0.6594788858939802,6,0.9568733153638814,9
1065,1081,0.0,0.0,0.0,0.0,0.0,0.0,0.0,0.9991854416704561,0.9645858770668748,0.8343616348773437,0.7864674610985464,0.6714520521471397,0.6549230318351407,0.6355402501762197,0.62928851694017,0.6110664712881221,0.6052029503411018,0.5848805773457517,0.5785848791100118,0.5581577618146151,0.5501281074488329,0.5403807382599713,0.5260081281867979,0.48393283285874,0.3424306491672081,0.29233731932331897,0.17316918843906492,0.12772854252324892,0.06517154414234327,0.05583125600644237,0.045086622861899475,0.04151403197236414,0.03193066545221393,0.02978360124175329,0.021863427068400984,0.020444518047697917,0.0024167355559311533,0.0004649937376432475,2.482876825953471e-05,5.548332280601305e-07,3.2652421666340017e-10,1.2808808742941645e-23,0,4298.696798419866,0.3135669362084456,3,0.9577717879604672,9
1066,9618,0.0,0.0,0.0,0.0,0.0,0.0,0.0,0.9993069412054681,0.9699756166017786,0.8586444879212286,0.817188570667091,0.716269980927341,0.7016111107002406,0.684424431953255,0.6788888146905618,0.6627760564460032,0.6575981412455844,0.6396660116896146,0.6341143870714993,0.6161694582416063,0.6091399866434388,0.600650924037124,0.5904649633012857,0.5600730639956163,0.44991526659411024,0.4070593883668241,0.29226824538673923,0.24109381756206652,0.15755865677554293,0.14288531266998392,0.12483883631203875,0.11849865324933202,0.10041078177503526,0.09609747519181881,0.07909180722595194,0.0758336952931243,0.019927403334609926,0.007124207299659596,0.0011517606453926707,0.0001154109243542322,1.2852427269317828e-06,1.0229480141812346e-14,0,29380.104802162972,0.5615453728661276,5,0.958670260557053,9
1067,1840,0.0,0.0,0.0,0.0,0.0,0.0,0.0,0.9991117228585288,0.9615848700077847,0.8219476042068028,0.7711954838966955,0.6507275886368157,0.6336097819671621,0.6136621786696497,0.6072649255989021,0.588709153452561,0.5827591065797099,0.5622096845553033,0.5558662204747955,0.535423924544752,0.5274444199922113,0.5178207785696733,0.50754857416029,0.47695181858904495,0.3681874022858434,0.32693929948523326,0.22026145117816504,0.1749196919921212,0.10488826918316356,0.093245108610848,0.07924369801864371,0.0744141421849524,0.06092178891557966,0.05777070708228982,0.04562024453231242,0.0433384826367442,0.008451764619357913,0.0023912474552543156,0.000253161990825133,1.5161011487095286e-05,6.205506618390963e-08,7.96142744889486e-18,0,26768.791101683993,0.5534591194968553,5,0.9595687331536388,9
1068,7308,0.0,0.0,0.0,0.0,0.0,0.0,0.0,0.9992126921457954,0.9657715956251721,0.8396563801905238,0.7931247242059407,0.6810169567837673,0.6648714135346282,0.645940191218383,0.6398331971239916,0.6220409587084842,0.6163182285112012,0.5964898522188364,0.5903487858173028,0.5704932270702453,0.5627158359846637,0.5532554204894402,0.5389587734481236,0.4970618000355245,0.35537263316586404,0.30482264498872796,0.18340333660381591,0.13650568474263525,0.07105203778676875,0.06114771184698234,0.04968984527149445,0.045861825169315876,0.03554009532415211,0.033215436903011965,0.024591622012311853,0.02303804282620684,0.0028866790378308327,0.0005812415776014889,3.3697028232291673e-05,8.500438356924401e-07,6.391685893979929e-10,7.161947909195234e-23,0,14460.851588470043,0.481581311769991,4,0.9604672057502246,9
1069,3338,0.0,0.0,0.0,0.0,0.0,0.0,0.0,0.9999493685517925,0.9977907321099385,0.9890719832391541,0.985584279470321,0.9764334066241593,0.9750179370333525,0.9733375630075645,0.9727927166742012,0.9711968325411761,0.9706808034124967,0.9688796205677513,0.9683152995331363,0.9664663348888043,0.9657311847417039,0.9648362457142078,0.9640713677508452,0.9617244197984751,0.9520701765259716,0.9476953376180687,0.9333770609796234,0.9251675076525683,0.9073018080051366,0.9032455092128208,0.8976687011367044,0.8955234985067306,0.8887355052332522,0.8869434329222353,0.8790261239741434,0.8773165633508617,0.8246000315829534,0.7860263097634904,0.7217669182442301,0.640102772267345,0.5069372761035492,0.19391984366496542,0,14627821.449951028,0.9200359389038634,9,0.9613656783468104,9
1070,3275,0.0,0.0,0.0,0.0,0.0,0.0,0.0,0.9997190724509744,0.9876509900400946,0.9395387771739317,0.9206100640708429,0.8718512452781738,0.8644122974352368,0.8555434672914417,0.85265123899035,0.8441300227248646,0.8413584384874027,0.8316338213356017,0.8285825784068469,0.8185838037406784,0.8146097139991214,0.8097609940231727,0.8055866327728178,0.7930334477616303,0.7438547622630526,0.7227522107148144,0.658105856116705,0.6237736708505298,0.5551624553567914,0.5407232665849242,0.5216968794001717,0.5146453843862224,0.49320224917304123,0.48775670214651845,0.4646639701645317,0.45987697992665166,0.33255640574628403,0.2600352070941697,0.1691761180673355,0.12427953212595515,0.06863108320809859,0.006074568236401454,0,3983.0165396525776,0.30098831985624436,3,0.9622641509433962,9
1071,4964,0.0,0.0,0.0,0.0,0.0,0.0,0.0,0.9999560269484046,0.9980771511198598,0.9904332408621676,0.9873406610197034,0.9791344934734841,0.9778509295274671,0.9763107161278735,0.9758059549240402,0.9743116415013354,0.9738232812289146,0.9721005865421475,0.9715572709644803,0.9697672702839996,0.9690499371689254,0.9681691009840817,0.9672701280540246,0.9645201285370898,0.9532833832435407,0.9482261833317079,0.9317926924830066,0.9224401423490627,0.902241513667475,0.8976941404070954,0.8914939080140366,0.8891282682578769,0.8817036936921473,0.8797594462571182,0.8712393902034873,0.8694132283394883,0.8136137578987472,0.7732840190922918,0.7069221488010853,0.6399880351941055,0.5264544738142292,0.23346021669539843,0,330636.4105794565,0.7484276729559748,7,0.963162623539982,9
1072,10515,0.0,0.0,0.0,0.0,0.0,0.0,0.0,0.9998797087372241,0.9947237414190303,0.9739153771701692,0.9656068414415692,0.9438585788064978,0.9404976497865185,0.9364901530413565,0.9351842570618107,0.9313399471508907,0.930090612518238,0.9257106808673551,0.9243376143918087,0.91984131029106,0.9180548312227846,0.9158803608338404,0.9139580043350821,0.9081219366407539,0.8846410742443912,0.8742510966600672,0.8411642691750673,0.8227633172156451,0.7840220805537872,0.7754944052165708,0.7640217619911374,0.7596965495865414,0.7462927761259269,0.74282604768743,0.7278287530530136,0.7246554404401779,0.6316423036150846,0.5688502076565026,0.4733529471699072,0.4002832439124193,0.2890370962494122,0.07554194812759106,0,1930.849790165262,0.20754716981132076,2,0.9640610961365679,9
1073,2872,0.0,0.0,0.0,0.0,0.0,0.0,0.0,0.9999180121618816,0.9963820625619734,0.9819764885481522,0.9761669709747395,0.9608056137590142,0.9584062653066133,0.9555135170166338,0.9545598995232827,0.9517200947061903,0.9507827584056642,0.9474403545955539,0.9463743973342921,0.9428234633603153,0.9413881635508765,0.9396110937695581,0.9366815747501538,0.9275640272085164,0.8902014602997986,0.873396745572375,0.8192638617793654,0.7889175587378537,0.7248415166322664,0.7106531909875355,0.6912189962145563,0.6837460816602886,0.6601768622603865,0.653972012580276,0.6267172152761472,0.620866909687491,0.4589633281404153,0.36277700348194364,0.2379952315561802,0.14013759171767554,0.04973009979127746,0.0006816526845188162,0,506.40684162885213,0.08984725965858041,0,0.9649595687331537,9
1074,2673,0.0,0.0,0.0,0.0,0.0,0.0,0.0,0.9992679912838239,0.9683756091543038,0.8519116915285601,0.8088906064605348,0.705016520670688,0.6900424510381578,0.672576090506623,0.6669776545416299,0.6507590305995745,0.6455715259142204,0.6276853493937173,0.6221693679166528,0.6044054428840533,0.5974723993561111,0.5891228886372246,0.5799524270732473,0.552490477214775,0.45181427310605404,0.4121030142692527,0.30387786231387165,0.25455480767917515,0.1720668821880604,0.1572493790989587,0.1388487041695756,0.13233225442028443,0.11357633342411194,0.10906412817674396,0.09109282885943795,0.0876010864630019,0.025206441543956144,0.00961391439826075,0.0017258978535864425,0.00019600558813467415,2.7922521303671262e-06,6.208777058232806e-14,0,513.6407473580279,0.09164420485175202,0,0.9658580413297394,9
1075,9941,0.0,0.0,0.0,0.0,0.0,0.0,0.0,0.9991725718783705,0.9642160405317444,0.8333702225189376,0.7854224367401846,0.6706577425158726,0.6542303751620322,0.6350425843922791,0.6288780699186801,0.6109788019762904,0.6052408937329803,0.5854307660100841,0.5793172527082945,0.5596193617187444,0.5519303588799787,0.5426635211479792,0.5330257242309445,0.5043561127964764,0.4012146533119294,0.3616153050553159,0.25693326932015886,0.2109211242269076,0.13674421686612098,0.12385908831269797,0.10812697735697888,0.10263671174946905,0.08706328228913864,0.08336923229155806,0.0688101155225345,0.06601036505185628,0.01766775626475565,0.006409473864599491,0.001063522809514772,0.00011731432799351429,1.5803078024797282e-06,2.811056500470704e-14,0,26534.726386448114,0.5525606469002695,5,0.9667565139263252,9
1076,2807,0.0,0.0,0.0,0.0,0.0,0.0,0.0,0.9998489599319322,0.9934285859070352,0.9678235677993303,0.9577240714231523,0.9316073826716266,0.9276178415647169,0.9229053128973874,0.9213836743399775,0.9169455986553241,0.9155185054829155,0.9105658402763828,0.9090285402672451,0.904043715212334,0.9020825265302229,0.8997178615858209,0.8983301210221651,0.8941550427875821,0.8774092775528898,0.8700164357431212,0.8464832459616837,0.8333792760163933,0.8057120465648986,0.7996138700788645,0.7914395492437067,0.7883713623583293,0.77889986667824,0.7764599524806296,0.7659427634169699,0.7637249661452837,0.6975237816453788,0.6511894516057627,0.5775589626914618,0.5182288552775447,0.4194451025587503,0.1748240692698738,0,2058.161932650073,0.2147349505840072,2,0.967654986522911,9
1077,10276,0.0,0.0,0.0,0.0,0.0,0.0,0.0,0.9992710823654114,0.968353898796333,0.851205624918292,0.8077216093365925,0.7022645659412039,0.6869870197060944,0.6690617398845528,0.6632817847362431,0.6464394664677887,0.6410212807614108,0.6222403658481057,0.616420860569579,0.5975939004818407,0.590211082528022,0.5812592233596371,0.5688022449694294,0.5317958722168291,0.4018295856462615,0.35329146789632354,0.23060036334729747,0.17992991965602734,0.10392609424745902,0.0915986968951856,0.07692636297813782,0.07190826551959252,0.05802133590232139,0.054809936971480885,0.04255781071933687,0.04028254715524148,0.0070042326614612686,0.0018151096448134022,0.00016461835717497496,7.801245130485394e-06,2.01401508093235e-08,3.73686095685476e-19,0,53916.34969968156,0.6163522012578616,6,0.9685534591194969,9
1078,1426,0.0,0.0,0.0,0.0,0.0,0.0,0.0,0.9999463271158602,0.9976342902287922,0.988202501981414,0.9843921506988164,0.9742968702398284,0.9727199082201876,0.9708286249747166,0.970209078120576,0.9683757301582061,0.9677768232388687,0.9656649520905939,0.9649990547211005,0.9628058129194677,0.9619292128330605,0.9608563985148764,0.9597908011007507,0.956530413292028,0.943227069320778,0.9372497359003805,0.9178693241446972,0.9068693112507464,0.8831871013632603,0.877869633598912,0.8706185453736277,0.8678438948670378,0.8591118240204569,0.8568188584282752,0.8467446751894925,0.8445813875232677,0.7787761346971271,0.7316941731855916,0.655216443426905,0.57416790960518,0.44517968020447946,0.157363702803591,0,1718.6446073587538,0.1904761904761905,1,0.9694519317160827,9
1079,4936,0.0,0.0,0.0,0.0,0.0,0.0,0.0,0.9999468174081768,0.9976689814300242,0.9884285161606376,0.9847161425015645,0.9749343122103531,0.9734147126448836,0.9716024619605368,0.97101214762622,0.9692751255593074,0.9687108748115871,0.966732349924659,0.9661118434725727,0.9640789694502969,0.9632707746607633,0.9622869599896648,0.96128039937291,0.9581839651087559,0.9454843825172385,0.939748587318843,0.9210422696104212,0.9103382504861501,0.8871049231564943,0.8818463091010443,0.8746290935495528,0.8718539108260848,0.8630710735908869,0.8607518510202862,0.8505058898122928,0.8482935650179149,0.7806846563233977,0.7321325723420071,0.6530495784650565,0.5627120366464706,0.42133396128476847,0.12784211793050906,0,2314.61639599563,0.22282120395327945,2,0.9703504043126685,9
1080,2978,0.0,0.0,0.0,0.0,0.0,0.0,0.0,0.9993009649771698,0.9697483259233282,0.8578387488774989,0.8162950240139224,0.7154642769100887,0.7008569833878032,0.6837608153914182,0.6782609484929147,0.6622709744469781,0.6571375926091223,0.6393585896492308,0.6338537244560744,0.6160563382099744,0.6090818195021388,0.6006370219983713,0.5922048486428063,0.5669020410953208,0.4730847933324239,0.435552403621804,0.3313392267174385,0.2826764892772442,0.19901746411275084,0.18362433951909993,0.16433507198012187,0.1574552421842157,0.13748109529688415,0.1326337435222781,0.1131292763063315,0.10929856601294845,0.03660785241114049,0.015768985846608758,0.003542172662607791,0.0005648637571254321,1.5601917967194614e-05,5.36799374255659e-12,0,1276280.5626796656,0.8185085354896675,8,0.9712488769092543,9
1081,7891,0.0,0.0,0.0,0.0,0.0,0.0,0.0,0.9995899481397691,0.9823005062428493,0.9153175612344672,0.8897473525286669,0.8258086761197075,0.8163175658851104,0.8052104038379102,0.8016491568495401,0.7913308229901559,0.7880301226653839,0.776640273443134,0.7731255281947378,0.7617961594000171,0.7573670805373783,0.75204776123306,0.7492933744165926,0.7410890343035957,0.7089642558977203,0.6951541554881764,0.6525614412326681,0.6296892387536939,0.5832691078579327,0.5733852539104608,0.5603895824513434,0.555593595429382,0.5410493577817804,0.5373670009726038,0.5217766823259679,0.5185499553775512,0.42812321822074567,0.3708882259868171,0.2895737139939032,0.25725646666097557,0.20525475624486728,0.0822902732417639,0,74.54807692307692,0.017969451931716084,0,0.97214734950584,9
1082,9271,0.0,0.0,0.0,0.0,0.0,0.0,0.0,0.9997199787822233,0.9877918077678823,0.9406033922474426,0.9221769574320847,0.8751004359552135,0.8679895389794602,0.8595992444348879,0.8568897803958845,0.8489842664776007,0.8464377483385639,0.8375875223801539,0.8348368136866642,0.8259066612065,0.8223899146375528,0.8181398887111128,0.8154627352961162,0.8074640947609917,0.7759841736089211,0.7623759089888376,0.7201381116443887,0.6972940530891247,0.6505782118624958,0.6405642749903891,0.6273434612608431,0.6224463231439666,0.6075388646797558,0.6037505087548961,0.5876508905149926,0.5843062753318085,0.48965744526690363,0.42882856960222365,0.3409636747700994,0.30498322102672293,0.24622828732326016,0.10305804615865878,0,inf,0.9973045822102425,9,0.9730458221024259,9
1083,5407,0.0,0.0,0.0,0.0,0.0,0.0,0.0,0.9991050147733735,0.9611914004591975,0.8198298359524993,0.7683675268892807,0.6460875020185122,0.6286918488317431,0.6083691938659859,0.6018406589864062,0.5828870404914702,0.5768120899567951,0.5558421362369187,0.5493723790930715,0.5285349870303461,0.5204064509014636,0.5106063463945449,0.49620913414779644,0.45409160012584526,0.3143534752182498,0.2656930684362491,0.15229829545231874,0.11022841161940487,0.05395878792794685,0.04579119864142998,0.03650456783540256,0.033446776489261656,0.02533036348922103,0.0235313922971393,0.01696878852683191,0.0158070177673267,0.0016570171721421837,0.00029115088140418765,1.3283533413769294e-05,2.7034628080347644e-07,1.3321010256592835e-10,2.55615084770246e-24,0,41567.710250074255,0.5938903863432166,5,0.9739442946990117,9
1084,4730,0.0,0.0,0.0,0.0,0.0,0.0,0.0,0.9992733008403291,0.9684206750238082,0.8512904868034122,0.8077363939934772,0.7019538681587351,0.6866141753440412,0.6685967728923059,0.6627831364535328,0.645838334536786,0.6403858007294545,0.6214815026549647,0.6156224724614323,0.5966637554037896,0.5892304845455514,0.5802392280407395,0.5712968249569514,0.544642935181115,0.4471834518368217,0.40880721272937914,0.3041671157687961,0.25634670673446536,0.17594262504701225,0.1614249594365318,0.14339604053783572,0.13701492225000844,0.11863619130807308,0.11421092930916824,0.09654699706284102,0.0931057947344099,0.029498484561261015,0.01218857644713192,0.002547893875211922,0.0004012382221134011,1.0789163547829997e-05,3.2901663378619244e-12,0,9336702.001770793,0.8948787061994609,8,0.9748427672955975,9
1085,2552,0.0,0.0,0.0,0.0,0.0,0.0,0.0,0.9993942488989196,0.9736597921334974,0.8746501427329312,0.8372483962333189,0.7449148155891306,0.7313337301574291,0.7153111902528445,0.7101219794143468,0.6949359614490627,0.6900296680573694,0.6729456977283345,0.6676274657865129,0.6503417260109375,0.6435323351177213,0.6352684188595523,0.6248882365607786,0.5940334863541407,0.48210166347137234,0.43843952830501387,0.3207462883927378,0.26772819871884823,0.18001563072054957,0.16442341005426464,0.14520648453766416,0.13844292506001996,0.11905505766972975,0.11440876987919178,0.09595588194756846,0.09237964204424567,0.027755086739686484,0.011026845325813437,0.002154537579075205,0.00034376828868753036,9.5152539014778e-06,3.324588470045196e-12,0,101677.72491248396,0.6792452830188679,6,0.9757412398921833,9
1086,7476,0.0,0.0,0.0,0.0,0.0,0.0,0.0,0.999238201947788,0.966869884137759,0.8444452007401343,0.799122905618048,0.689550983957928,0.6737251159961228,0.6551559077893147,0.6491660186433855,0.6317054562299123,0.6260863456974203,0.6066049774925149,0.6005700291641166,0.5810520567134825,0.5734035732219231,0.5641537552534583,0.5521993931825022,0.5168475865444146,0.3929107558301046,0.34664108456225534,0.22899190967660107,0.17997657053707009,0.10570047357340102,0.09353370069001979,0.07899969330218372,0.0740136994075455,0.06015998050024103,0.056943035918482446,0.04461264756338786,0.04231224066835558,0.007865974505622514,0.0021508165416952094,0.00021473315755193273,1.0873133726974432e-05,3.16583892855345e-08,9.392694241431243e-19,0,184.22565567960305,0.03953279424977538,0,0.9766397124887691,9
1087,8877,0.0,0.0,0.0,0.0,0.0,0.0,0.0,0.9992837155405984,0.9690089273830883,0.8545628360730131,0.8121639228618998,0.7094748085399644,0.6946022872422992,0.6771761131184538,0.6715660370479327,0.6552441221211521,0.650001415884956,0.6318540094603167,0.6262383428634121,0.608078907355557,0.600960076388477,0.5923552189652693,0.5829798119063269,0.5549121758097234,0.45218633970250743,0.41175496971459996,0.30190437011645455,0.2520477474762132,0.16907086487084194,0.15421118354593083,0.13576497652860425,0.1292327983136684,0.11045551551546372,0.10594770157651792,0.0880344199836417,0.08455164755199471,0.02328075621215875,0.008572515587415949,0.001442611613919617,0.0001438312353165649,1.5860886899427431e-06,1.2120458605609854e-14,0,2789546.0762769943,0.8418688230008985,8,0.977538185085355,9
1088,8816,0.0,0.0,0.0,0.0,0.0,0.0,0.0,0.999090087961566,0.960747104894158,0.8186359611534488,0.7672002356890656,0.6455849668113336,0.6283659076288248,0.6083477388458822,0.6019421703025735,0.5834151124981412,0.5774989944958794,0.5571500016816656,0.5508932071442099,0.5308058243255264,0.5229937224687604,0.5136053225430537,0.5039633331388786,0.4754153790371468,0.37371215272022545,0.3349283430043868,0.2334024468393509,0.1893842927485322,0.11955799147183299,0.10761143155177033,0.09311134445476447,0.08807636443320349,0.07387905621197699,0.07053204588087372,0.05747179928276713,0.05498682220993245,0.013576794708542015,0.004632233901808476,0.0006903065335518548,8.588390698873029e-05,1.4661428457640626e-06,6.977845935588094e-14,0,17744.461463893807,0.5103324348607368,5,0.9784366576819407,9
1089,3706,0.0,0.0,0.0,0.0,0.0,0.0,0.0,0.9992454650293384,0.9672819638198707,0.8466089355049473,0.8020009889294238,0.6941750992827103,0.6785887611441009,0.6603088096831766,0.6544157124090408,0.6372471716609668,0.6317251668813848,0.6125897244748923,0.6066621661395887,0.5874920227160964,0.5799802350048,0.5708982692306676,0.5620690846339707,0.5357552553161741,0.4395762763930665,0.40172254786467093,0.2985729958407985,0.2514730401866044,0.1723550394335524,0.15808196905371025,0.14036293676017722,0.1340932376425287,0.11604122975577563,0.11169603427107151,0.09435793832685582,0.0909814831024612,0.02869119917927436,0.011828049227091984,0.002468800812748908,0.0003699086898981344,9.035521453427576e-06,1.859280905462204e-12,0,46034464.7649699,0.9532794249775381,9,0.9793351302785265,9
1090,2417,0.0,0.0,0.0,0.0,0.0,0.0,0.0,0.999287484832689,0.9692126332586278,0.8555497080380706,0.8134458014073793,0.7113998341044036,0.6966312058243066,0.6793618369349326,0.6738137512809665,0.6577048120673309,0.6525408825605513,0.6347003247298719,0.6291891687500623,0.6114113401850301,0.6044613520121914,0.5960708745218338,0.5865049655241994,0.5579020930550277,0.4534632002836044,0.41246626285060006,0.30140649405503317,0.2511745127699137,0.16786139016000703,0.15300974058429773,0.13462848798216293,0.128137042345782,0.10951019865401476,0.10504265968237442,0.08730682951508738,0.08387236024237539,0.023393585372151648,0.008737326578396551,0.0015194205448208487,0.00018824981148452428,3.1737194267519384e-06,1.4056262484183327e-13,0,173560.530110607,0.7187780772686433,7,0.9802336028751123,9
1091,6989,0.0,0.0,0.0,0.0,0.0,0.0,0.0,0.9991621046334993,0.9637291742625103,0.8311637435639965,0.7826741250893399,0.6668228482686813,0.650266661630641,0.6309413471954384,0.6247361492646651,0.6067286150654428,0.6009591393499993,0.5810458767088134,0.5749022335444045,0.5551128531013406,0.5473904979723513,0.5380852663605482,0.5278610351195417,0.497625797653496,0.3901631762609575,0.34929107146015004,0.24260571006914686,0.19650613430261132,0.12351917195377055,0.1110495730055545,0.09590643678833358,0.09064275229628714,0.07579374747158699,0.07229193972759394,0.05863150961686758,0.056032501343204,0.013235584270132944,0.00434213970717132,0.0005981500586588873,4.726931530246338e-05,3.323252375374428e-07,3.970595801128197e-16,0,4430147.6413173955,0.8616352201257862,8,0.9811320754716981,9
1092,9365,0.0,0.0,0.0,0.0,0.0,0.0,0.0,0.9999537249431073,0.9979712615666243,0.9898864598267821,0.9866076775871007,0.977886980908045,0.9765196629312303,0.9748746618433629,0.9743341375695548,0.972729733328716,0.9722040129694773,0.9703445159795683,0.9697563339498688,0.9678131038552666,0.9670340320491637,0.9660777023135015,0.9650154212580501,0.961759325260433,0.9484564594392838,0.9424716618877128,0.9230422581979896,0.9119991675168243,0.8881296161483662,0.8827489169785812,0.8753823326090507,0.8725485784386025,0.8635839122839967,0.8612163390577565,0.8507500154586731,0.8484886538254277,0.7793922292081978,0.7298168175180542,0.6491743292125217,0.5638629522234155,0.42956878406791504,0.14100342268113522,0,3127.0895002842685,0.261455525606469,2,0.9820305480682839,9
1093,1132,0.0,0.0,0.0,0.0,0.0,0.0,0.0,0.9991562289607603,0.9634769470027282,0.8300664979825593,0.7813013098424042,0.664871259268114,0.6482339404972534,0.6287956448078958,0.6225293653521705,0.6042673023326736,0.5983856686431583,0.5779837750563783,0.5716554287605679,0.5511522668390618,0.5431057307365093,0.5333516752255223,0.5200400991949473,0.48096047996445,0.34795023413158405,0.3001006233610888,0.1839247666177816,0.13837589616847937,0.07376792837839555,0.06383626782909438,0.052275928294803854,0.04839457495546906,0.03786970525553283,0.0354854503682933,0.026585614875541192,0.024970777116615647,0.003400504546579581,0.00073050997055836,4.7558937340871724e-05,1.4907804699018537e-06,1.7085085983009864e-09,1.084447540509819e-21,0,8227.419450220772,0.4079065588499551,4,0.9829290206648698,9
1094,1034,0.0,0.0,0.0,0.0,0.0,0.0,0.0,0.999352403650103,0.971923365909927,0.867410648432396,0.8283393510680495,0.732833009460863,0.718913670985821,0.7025950220630477,0.6973370914890514,0.6820277316157616,0.6771082271490995,0.6600466349448417,0.6547536958518231,0.6376082274762389,0.6308768006753352,0.6227339985992422,0.6117189385128287,0.5787366458386758,0.4594090113757233,0.41316736132958404,0.29030142453600566,0.2362260814053201,0.14945456379316632,0.1344681830410545,0.11613326442004773,0.10973878055526981,0.09166826666164633,0.08739982469334939,0.0707310985929051,0.06755820919208798,0.015698602772256535,0.005096121382938795,0.0006915533809190258,5.4629206254465555e-05,3.821840788420186e-07,4.427288051499661e-16,0,11974.059122076227,0.4609164420485175,4,0.9838274932614556,9
1095,8479,0.0,0.0,0.0,0.0,0.0,0.0,0.0,0.999229673418127,0.9666680350431255,0.8441558619453305,0.7989935551529612,0.6901987652577746,0.6745402166647017,0.6562380178144241,0.650357218912696,0.6332723896729302,0.627783622315076,0.608782832336731,0.6028968874445492,0.5838610027059565,0.5764016861387133,0.5673830547678113,0.5588641860667236,0.5335498649351555,0.44071922248859324,0.40392950658519117,0.30290088560270356,0.25635013565178916,0.17743739513581755,0.16308281621020787,0.14518439756793558,0.13882692317371675,0.12045294234707456,0.11601393602672912,0.09823939097918258,0.09476588260864147,0.030235259913841663,0.012554298398517877,0.0026454401442099467,0.0003876679334021153,9.066811188263928e-06,1.5581382659132585e-12,0,4874954.444480142,0.8634321653189577,8,0.9847259658580413,9
1096,5403,0.0,0.0,0.0,0.0,0.0,0.0,0.0,0.9992970917636134,0.9694942338286667,0.8563879208519916,0.814318265405987,0.7120559269058128,0.6972206102043794,0.6798305893208689,0.6742251424677866,0.6578967895181193,0.6526456633558184,0.6344233415297504,0.6287684919491041,0.6104467558259047,0.6032532801926904,0.5945273780018354,0.5827306478809289,0.547708013801434,0.42351811919160576,0.37651065690187085,0.2549800451057538,0.20326216703839767,0.12310243373731285,0.10969011013067395,0.09351660434327286,0.0879244654316293,0.07226049320285119,0.06859363801661207,0.05441960033808264,0.05175082795323671,0.01044023166334457,0.0030364074499445843,0.0003384555387312621,2.0784860429675367e-05,8.860802751383265e-08,1.2942032178545006e-17,0,200769.6167025779,0.7286612758310871,7,0.9856244384546271,9
1097,9389,0.0,0.0,0.0,0.0,0.0,0.0,0.0,0.9998986869669996,0.995571295024042,0.9781376984739398,0.9711867810252143,0.9530150304398404,0.9502158420347036,0.9468937858367298,0.9458164721145351,0.9426603507542668,0.9416396079741448,0.9380764166261976,0.9369641881318924,0.9333390789272905,0.9319053878540632,0.9301684549990523,0.9290538445933618,0.9256885803914474,0.9121506409981706,0.9061535908854624,0.8869808768907141,0.8762501193926202,0.8534620929728483,0.8484144869439512,0.8416325671468399,0.8390820878350242,0.8311920204637456,0.8291523359325077,0.8203201992580463,0.818450917094795,0.762085065465888,0.7218819778334353,0.6565977580753246,0.6005625031853643,0.5041211310916602,0.24328889213544827,0,779.7842512829912,0.12578616352201258,1,0.9865229110512129,9
1098,810,0.0,0.0,0.0,0.0,0.0,0.0,0.0,0.9992256905988752,0.9664985481083649,0.8434144046349237,0.7980974856324535,0.6890613666935405,0.673385708212402,0.65507963890695,0.649202616196057,0.6321500731783208,0.6266846403282075,0.6077654520418874,0.601908102824654,0.5829626355459915,0.5755379057030346,0.5665603088380053,0.557733820246503,0.5313812111981692,0.4349929994616798,0.39704740897225405,0.29372986425744246,0.24664200637433956,0.16778405934484383,0.15359875826261163,0.13599434511578043,0.12977058549407652,0.11187839305379503,0.10757838888203879,0.09045355145122548,0.0871254844867335,0.0265508528149054,0.010653277349212236,0.0021166467285768237,0.000273419596502759,4.996867299547555e-06,3.086918552400782e-13,0,4927114.008385985,0.8643306379155435,8,0.9874213836477987,9
1099,2901,0.0,0.0,0.0,0.0,0.0,0.0,0.0,0.9992253606442428,0.9664317524467576,0.8429323408878491,0.7973670164192599,0.6874988319007533,0.6716697847924542,0.6531360967953221,0.647170051114914,0.6298140427017052,0.624239734190343,0.6049509257850619,0.5989807211195409,0.579685417979706,0.5721298194391305,0.5629919920861194,0.5500446603259219,0.5117740785716693,0.3791847717390188,0.3304721955123369,0.20934253310929302,0.16054777117971566,0.08930813829022323,0.07804687960982701,0.06478952772759224,0.06029658434408166,0.04798493573289854,0.045165934372007346,0.03452144804774516,0.03256608833358358,0.0050965840777174665,0.001219356207852686,9.618845703793677e-05,3.9672008557313445e-06,7.764060423140027e-09,4.503827098212038e-20,0,14228.250013775318,0.47888589398023357,4,0.9883198562443846,9
1100,4567,0.0,0.0,0.0,0.0,0.0,0.0,0.0,0.9993794007560414,0.9730862635244436,0.872519488702493,0.8347383171827883,0.7418806859826188,0.728280069615071,0.7122716132799938,0.7070858025083158,0.6919033964440143,0.6869962369008406,0.6699024862980739,0.664579137286598,0.647262157173461,0.6404303197527299,0.632126653140699,0.622491995459832,0.5936252728531585,0.4875327445487201,0.44552169154636195,0.33050383594183436,0.277793059331436,0.18912324865442745,0.1731099154054628,0.15317403370715177,0.14610404914476088,0.12572239631483262,0.12081124351777724,0.10120902561885596,0.0973887201255915,0.028578814560869487,0.01108443976652774,0.00205592548745063,0.00026796573063776036,5.0507465683494105e-06,3.747760143123508e-13,0,6167.0536225500655,0.36747529200359386,3,0.9892183288409704,9
1101,6289,0.0,0.0,0.0,0.0,0.0,0.0,0.0,0.9992412283753958,0.9671599028284721,0.8463046687444039,0.8017219906185042,0.6941225032701369,0.6785979816026522,0.660404092139455,0.6545382293311005,0.6374475800975667,0.631950162527095,0.6128981305086993,0.606995836926368,0.5879054959377852,0.5804241697881979,0.5713784140121053,0.5628129536291026,0.5372219093162531,0.44335412935256574,0.4062503838405929,0.30458696350958686,0.25783788041284506,0.17869330616120238,0.16431088981902603,0.14636823402024504,0.13999228261610064,0.12155588823693386,0.11709963775499466,0.09924656826623947,0.09575579484333405,0.030737439547174415,0.012822662411901331,0.0027244800557652228,0.00039695517078010316,9.179924842327832e-06,1.5054908523262554e-12,0,29104560.739081904,0.9442946990116802,9,0.9901168014375562,9
1102,10047,0.0,0.0,0.0,0.0,0.0,0.0,0.0,0.9992524475351707,0.9675309701925526,0.8475799714787154,0.803165956314702,0.6957330899809631,0.6802119316491336,0.6620237248846053,0.6561658535845788,0.6391170456296001,0.6336380103674296,0.614665978458308,0.6087934328913484,0.5898146895109352,0.5823829241699936,0.5734046512170687,0.5606111634422468,0.5226747226950867,0.39070768858228366,0.3420034991645077,0.22002637131317146,0.17024096933209912,0.09651656519167083,0.08470461379213369,0.0707167194709336,0.0659526524838435,0.052830056307418646,0.04980972043893349,0.03834493640982388,0.03622734366013927,0.005936311799654125,0.001469508682051618,0.0001228566641707539,5.298162908551508e-06,1.1375688885325578e-08,9.920651000277703e-20,0,15335.090600306177,0.4887690925426774,4,0.9910152740341419,9
1103,221,0.0,0.0,0.0,0.0,0.0,0.0,0.0,0.9991920076492737,0.9649990594757427,0.836645417847999,0.7894921657076199,0.6763428403047692,0.660110333907931,0.6411337760646965,0.635032803444804,0.6173058405104348,0.611619276436243,0.5919671350881223,0.5858962201418181,0.5663159515573,0.5586172498227324,0.5492468230052185,0.5364969101759502,0.4989083514374255,0.36910076141941034,0.32156322037198193,0.2036551566441834,0.15614245374356736,0.08675412736556763,0.07578413145715548,0.06286436602809757,0.05848399815067546,0.04647911743262258,0.04373018200463449,0.033352879600536754,0.03144734937442794,0.004836052780423916,0.0011409266948167645,8.771142326551963e-05,3.358592002756074e-06,5.721230188473679e-09,1.9183689503130883e-20,0,4984.062846615336,0.3333333333333333,3,0.9919137466307277,9
1104,7816,0.0,0.0,0.0,0.0,0.0,0.0,0.0,0.9998613461490463,0.9939316568230853,0.9700915318597414,0.9606109209332174,0.935896494345512,0.9320914832917322,0.9275646857160391,0.9260925946783399,0.9217678475153077,0.9203652279490587,0.9154557843615471,0.9139189115523548,0.9088933839019381,0.9068995157709195,0.9044752287601888,0.9014437974812286,0.8920963510662864,0.8541806015630279,0.8373026419518707,0.7835040946140022,0.7536824098569443,0.6914299233494987,0.6777961015955734,0.6593108594694854,0.6522739295550924,0.6302938531628124,0.6245626648667703,0.599616649570928,0.5943099357882465,0.4472702376504904,0.35882233914412076,0.24213488913586745,0.14050532492797577,0.0487232277525745,0.0006156723046984121,0,19351.94233519427,0.5175202156334232,5,0.9928122192273136,9
1105,8278,0.0,0.0,0.0,0.0,0.0,0.0,0.0,0.9992380123783883,0.9671109203631694,0.8464115334449345,0.8020024388399947,0.6951741965971376,0.679822994075833,0.6619322670659934,0.6561986111811354,0.63958123156314,0.6342554042560108,0.6158605919155116,0.6101808672603526,0.5918557187980639,0.5846857154373641,0.5760280817239563,0.567079995046916,0.5403656331410678,0.4426309011839873,0.4041422792813579,0.2992927952350881,0.2514725770646639,0.17124930777245975,0.15678847885845415,0.1388151004026757,0.13244649661076313,0.11409910967683108,0.10968440016846498,0.092087488707816,0.08866505353593156,0.02663603044104526,0.010552369412835138,0.002043955613553948,0.00024353143253148094,3.805844331543244e-06,1.2362431673629817e-13,0,15556.483000852502,0.49326145552560646,4,0.9937106918238994,9
1106,3253,0.0,0.0,0.0,0.0,0.0,0.0,0.0,0.9999359996753184,0.9971656921297494,0.9858204402110773,0.9812200595488573,0.9689881731840617,0.9670702139554129,0.9647591744868069,0.9639984920876294,0.9617367137005225,0.9609943109471057,0.9583640320019415,0.9575305599631373,0.9547717489513977,0.9536636627939493,0.9523006581595417,0.9507874380532558,0.9461493500147558,0.9272368184607478,0.918748841617738,0.8912085617189138,0.8755883070103202,0.8420333509848889,0.8345061090041755,0.824220457041963,0.8202839694281338,0.807899488522726,0.8046481311787114,0.7903730719747877,0.7873033612436278,0.695449787318435,0.6318682414957955,0.5327463453462304,0.4158067907075282,0.25618109438114833,0.03444938877583915,0,148.16864591864592,0.034141958670260555,0,0.9946091644204852,9
1107,3635,0.0,0.0,0.0,0.0,0.0,0.0,0.0,0.9993022454364955,0.9696693819962658,0.8569945400896166,0.8149719158837249,0.7125768002685117,0.6976874728228808,0.6802078681539645,0.6745721612481703,0.6581517209992911,0.652861193754986,0.63447572689797,0.6287640890216241,0.6102391460360591,0.6029586643239886,0.5941450868965418,0.5829623745469013,0.5496796315226004,0.4309309355850501,0.3856412564361594,0.2672231200042198,0.21601317219868196,0.1351153812090186,0.12133903960610895,0.10463187898273382,0.09883109330501838,0.08248731374303123,0.07863780482592096,0.06364149190299274,0.060793545162674954,0.01422705724880946,0.004656086277068469,0.0006440462078715108,5.376388666716091e-05,4.19207920263413e-07,7.624567860642464e-16,0,9996.19187846047,0.4375561545372866,4,0.995507637017071,9
1108,4244,0.0,0.0,0.0,0.0,0.0,0.0,0.0,0.9999576876652887,0.99813301665014,0.9906738120391915,0.9876535596359025,0.9796329201502068,0.9783774026951603,0.9768697951118805,0.976375379996542,0.9749106920026847,0.9744316856653741,0.9727411219294291,0.9722080660777401,0.9704522789581226,0.9697504735387309,0.9688916227044555,0.9680820370163226,0.9655968767900658,0.9553859836795512,0.9507573997897557,0.9356059858851352,0.9269182936302377,0.9080135458792281,0.9037261733488058,0.8978408287482416,0.8955803193675189,0.8884383409780627,0.8865556572856435,0.878237279419384,0.8764373722400978,0.8209057131508901,0.780375915439733,0.7130758378036717,0.6312152988039924,0.4968408125545503,0.1833876870545499,0,inf,0.9649595687331536,9,0.9964061096136568,9
1109,339,0.0,0.0,0.0,0.0,0.0,0.0,0.0,0.9991879628909296,0.9648329223881883,0.8359536207129942,0.7886626149399351,0.675304431317183,0.6590582460184276,0.6400778547402936,0.6339791331478092,0.6162685382528392,0.6105903456687827,0.5909721696848484,0.5849087935409594,0.5653379899203786,0.5576775528816251,0.5484109152652321,0.5358206369216952,0.4985727680245839,0.3694029835428409,0.3218901600746442,0.20366741939392063,0.15599696048442785,0.08646792969130453,0.07548984805119566,0.06256887837940628,0.058192857508615047,0.0462122993426085,0.04347175639804668,0.033137003135353275,0.031241242041914943,0.004793936422736132,0.001129203733793066,8.658126514711679e-05,3.349058983561731e-06,5.790321238213807e-09,2.0228476926736292e-20,0,7043521.075669295,0.8778077268643306,8,0.9973045822102425,9
1110,1937,0.0,0.0,0.0,0.0,0.0,0.0,0.0,0.9992858825975742,0.9689177355347467,0.8534816669061601,0.8104945432723148,0.7059305738813656,0.6907475262792422,0.672907189679893,0.667146745759879,0.6503388775337273,0.6449246134561694,0.6261198911504,0.6202855096429679,0.6013943133351708,0.5939826100849195,0.585013263790001,0.576037896226279,0.5492033442810061,0.4510651696946346,0.4124129631331696,0.30699009045343895,0.2587942195940333,0.1777257627961783,0.163082656131238,0.14489509632438013,0.1384570048359728,0.1199115121923714,0.11544452676504346,0.09758461707269629,0.09409970920384367,0.02968949433789889,0.012226876782368156,0.0025409306555075773,0.00044035065074695144,1.4281446454798279e-05,9.47924536312217e-12,0,8305989.222185263,0.8903863432165319,8,0.9982030548068284,9
1111,10108,0.0,0.0,0.0,0.0,0.0,0.0,0.0,0.9992968813986335,0.9694724768101435,0.8562444953162911,0.8141155174784835,0.7116694363940597,0.6968016416080142,0.6793660546394994,0.6737482926840092,0.6573907955116519,0.6521324430259297,0.6339165810121598,0.6282753145952875,0.6100339310834032,0.6028860521411328,0.5942496658528628,0.5803677222314225,0.5392164847402688,0.39669289865739926,0.34438478790757937,0.21488249915266375,0.163021336178325,0.08811599819758155,0.07641346966451626,0.06266453046163369,0.058010084469187165,0.04530546261451797,0.042410039099709654,0.03156106194858499,0.02959617869471498,0.0038206798415930444,0.0007859278004041337,4.717429606830536e-05,1.3360317248378916e-06,1.2579839641568211e-09,3.576407349518915e-22,0,368.49388641661363,0.07277628032345013,0,0.9991015274034142,9
1112,5213,0.0,0.0,0.0,0.0,0.0,0.0,0.0,0.9992280069719439,0.9665971193103706,0.8437646558376901,0.7984648749913964,0.6892633848875753,0.6735351770447825,0.6551337742978147,0.6492152018659567,0.6320049350824448,0.6264705483293677,0.6072961949128068,0.6013578629820866,0.5821571153943623,0.5746351351022234,0.5655422277695087,0.5566709464359731,0.5300861310947707,0.4326244784648207,0.3941945853289257,0.28957852529497957,0.24199345088677415,0.16263088672510537,0.14846510652946285,0.13094300537945802,0.12475979846151251,0.10702070836534204,0.10276641696889913,0.0858672633746683,0.08259213713347792,0.024041644753994763,0.009311283612794432,0.00173871556066259,0.0002123102721430543,3.4757416393391054e-06,1.3603532343973801e-13,0,139332.32489572125,0.7035040431266846,7,1.0,9
